car -1 -1 0.58 0.00 200.18 418.77 366.35 1.54 1.62 3.91 -3.90 1.72 6.90 0.06 0.615
car -1 -1 1.31 627.11 170.84 653.85 197.79 2.48 1.81 4.73 3.00 1.72 54.10 1.36 0.513
pedestrian -1 -1 -0.01 1011.08 145.35 1082.27 325.61 1.76 0.66 0.49 5.70 1.46 9.20 0.54 1.000
pedestrian -1 -1 1.37 667.50 171.87 686.19 227.18 1.77 0.62 0.88 3.20 1.77 30.90 1.48 0.998
pedestrian -1 -1 -1.37 540.41 175.33 556.09 226.41 1.76 0.66 0.49 -1.90 1.46 25.00 -1.44 0.996
pedestrian -1 -1 -2.08 926.23 175.99 956.60 256.87 1.76 0.66 0.49 8.40 1.46 17.70 -1.63 0.862
pedestrian -1 -1 0.90 770.76 191.82 800.26 249.62 1.41 0.50 1.32 7.20 1.91 27.80 1.16 0.560
pedestrian -1 -1 0.94 613.62 172.55 620.83 203.55 1.76 0.66 0.49 1.10 1.46 48.20 0.96 0.103
pedestrian -1 -1 -0.78 924.07 172.68 945.87 213.46 1.41 0.50 1.32 17.60 1.21 38.00 -0.35 0.101
pedestrian -1 -1 -1.41 691.70 190.27 702.42 223.20 1.41 0.50 1.32 4.80 1.91 35.00 -1.27 0.099
cyclist -1 -1 1.88 811.40 214.34 924.80 344.72 1.41 0.50 1.32 3.00 1.91 8.60 2.21 0.960
cyclist -1 -1 -1.02 902.56 170.96 972.59 295.67 1.76 0.66 0.49 4.00 1.46 8.70 -0.59 0.401
