car -1 -1 1.42 707.68 176.89 802.54 238.11 1.54 1.62 3.91 3.90 1.72 19.70 1.61 1.000
car -1 -1 -1.99 248.50 194.34 376.21 266.76 1.46 1.49 2.95 -6.80 2.06 17.00 -2.37 0.999
car -1 -1 1.60 634.39 178.43 693.27 228.05 1.46 1.49 2.95 1.60 1.72 22.20 1.68 0.990
car -1 -1 -1.61 92.57 190.60 186.72 229.06 1.46 1.49 2.95 -17.60 2.06 26.40 -2.20 0.936
car -1 -1 -1.93 382.72 169.51 644.12 297.91 1.46 1.49 2.95 -1.00 1.39 9.60 -2.04 0.934
car -1 -1 1.73 263.28 184.62 350.83 218.52 1.46 1.49 2.95 -13.60 2.06 32.00 1.33 0.882
car -1 -1 1.22 314.99 181.34 407.36 234.31 1.54 1.62 3.91 -7.30 1.72 20.70 0.88 0.803
car -1 -1 -1.80 537.20 168.93 636.78 281.03 1.46 1.49 2.95 -0.40 1.39 11.80 -1.83 0.594
car -1 -1 -0.19 298.40 189.08 370.22 245.97 1.46 1.49 2.95 -8.80 2.06 23.00 -0.56 0.230
car -1 -1 0.41 777.27 175.90 915.83 216.04 1.54 1.62 3.91 9.30 1.72 28.90 0.72 0.051
