car -1 -1 -1.37 416.77 172.63 525.44 257.33 1.54 1.62 3.91 -3.10 1.72 16.70 -1.56 1.000
car -1 -1 1.92 234.83 183.53 319.54 226.14 1.54 1.62 3.91 -13.30 2.06 29.70 1.50 1.000
car -1 -1 -1.61 585.93 170.45 613.56 197.79 1.46 1.49 2.95 -0.40 1.39 36.60 -1.62 0.996
pedestrian -1 -1 2.11 652.20 165.77 668.02 213.63 1.77 0.62 0.88 2.00 1.77 29.50 2.18 0.999
pedestrian -1 -1 1.11 671.01 161.79 687.27 212.45 1.76 0.66 0.49 2.50 1.77 26.00 1.21 0.957
pedestrian -1 -1 0.37 684.46 157.89 702.94 214.70 1.76 0.66 0.49 2.30 1.15 21.00 0.48 0.915
pedestrian -1 -1 2.37 662.07 165.34 675.58 213.57 1.68 0.41 1.64 2.10 1.56 26.10 2.45 0.791
pedestrian -1 -1 -1.67 976.15 143.96 998.55 217.67 1.76 0.66 0.49 13.80 1.46 26.50 -1.19 0.102
cyclist -1 -1 -0.76 662.39 160.17 718.51 215.88 1.68 0.41 1.64 2.70 1.21 21.90 -0.64 0.999
cyclist -1 -1 -1.69 969.02 149.87 1007.63 212.78 1.87 0.84 1.11 10.70 1.46 20.50 -1.21 0.371
cyclist -1 -1 -1.08 491.08 182.24 533.55 225.71 1.41 0.50 1.32 -3.80 1.91 28.20 -1.21 0.237
