car -1 -1 0.50 169.24 218.61 384.12 305.53 1.46 1.49 2.95 -5.00 2.06 11.40 0.09 0.121
pedestrian -1 -1 0.75 520.06 158.59 543.64 231.82 1.76 0.66 0.49 -1.90 1.15 19.60 0.65 0.999
pedestrian -1 -1 1.71 180.58 180.22 287.13 373.00 1.76 0.66 0.49 -3.60 1.77 6.90 1.23 0.999
pedestrian -1 -1 -0.21 582.35 163.01 605.24 233.90 1.77 0.62 0.88 -0.20 1.46 23.90 -0.22 0.998
pedestrian -1 -1 -1.82 964.95 157.08 1009.82 286.96 1.76 0.66 0.49 5.50 1.46 10.40 -1.33 0.994
pedestrian -1 -1 0.61 554.02 162.35 573.88 217.80 1.75 0.62 1.83 -1.40 1.56 27.80 0.56 0.990
pedestrian -1 -1 1.62 432.44 173.30 484.60 295.34 1.77 0.62 0.88 -2.50 1.46 13.00 1.43 0.987
pedestrian -1 -1 0.84 617.70 165.52 633.88 207.69 1.87 0.84 1.11 1.50 1.46 35.90 0.88 0.696
pedestrian -1 -1 -1.65 784.28 158.20 794.95 200.96 1.76 0.66 0.49 9.10 0.84 34.80 -1.39 0.512
pedestrian -1 -1 1.28 707.52 157.87 722.99 208.89 1.76 0.66 0.49 5.60 0.84 34.70 1.44 0.470
pedestrian -1 -1 2.10 144.76 190.97 222.30 369.01 1.76 0.66 0.49 -4.90 2.08 8.20 1.56 0.151
pedestrian -1 -1 0.60 609.51 165.00 618.92 207.29 1.76 0.66 0.49 0.70 1.46 38.00 0.62 0.128
pedestrian -1 -1 0.39 597.97 166.92 605.30 214.26 1.68 0.41 1.64 0.10 1.56 38.90 0.39 0.064
cyclist -1 -1 0.99 411.12 170.89 496.45 289.86 1.68 0.41 1.64 -2.90 1.91 13.50 0.78 0.946
cyclist -1 -1 0.25 687.18 151.85 745.15 243.79 1.87 0.84 1.11 2.50 1.46 16.70 0.40 0.705
cyclist -1 -1 -2.22 668.34 163.34 701.51 201.15 1.75 0.62 1.83 5.00 1.21 44.00 -2.11 0.216
cyclist -1 -1 0.88 700.89 157.79 726.98 207.21 1.87 0.84 1.11 5.90 0.84 36.30 1.05 0.155
cyclist -1 -1 -0.21 548.21 164.20 577.60 216.54 1.75 0.62 1.83 -1.40 1.21 22.80 -0.28 0.081
cyclist -1 -1 1.76 133.09 189.63 313.27 361.82 1.87 0.84 1.11 -2.30 2.08 4.70 1.30 0.072
