car -1 -1 1.27 457.56 182.88 514.08 214.51 1.46 1.49 2.95 -6.40 2.06 37.20 1.10 0.999
car -1 -1 0.65 334.42 182.55 416.79 209.22 1.54 1.62 3.91 -13.50 2.06 41.10 0.33 0.998
car -1 -1 1.66 0.00 187.35 192.00 370.39 1.54 1.62 3.91 -7.30 2.06 9.30 0.99 0.997
car -1 -1 1.85 101.17 183.61 207.62 236.33 1.54 1.62 3.91 -16.50 2.06 26.30 1.29 0.985
car -1 -1 1.59 20.98 186.82 144.49 238.28 1.46 1.49 2.95 -17.00 2.06 23.40 0.96 0.817
car -1 -1 0.67 0.00 189.29 54.66 233.13 1.46 1.49 2.95 -22.20 2.06 26.40 -0.03 0.606
car -1 -1 1.55 512.73 173.68 596.30 199.92 1.54 1.62 3.91 -2.50 1.39 35.90 1.48 0.354
car -1 -1 1.68 552.45 177.28 590.38 204.32 1.54 1.62 3.91 -2.10 1.72 38.30 1.62 0.331
car -1 -1 0.79 56.62 183.92 137.18 217.30 1.46 1.49 2.95 -24.60 2.06 34.80 0.17 0.083
pedestrian -1 -1 0.85 680.08 172.42 697.81 212.82 1.76 0.66 0.49 3.30 1.46 30.80 0.95 0.987
cyclist -1 -1 0.64 677.33 171.68 699.69 208.02 1.41 0.50 1.32 3.80 1.56 35.20 0.75 0.104
cyclist -1 -1 -0.39 429.76 174.77 441.17 197.44 1.41 0.50 1.32 -10.80 1.56 45.00 -0.62 0.062
