car -1 -1 -1.25 332.68 178.42 486.30 280.78 1.54 1.62 3.91 -3.50 1.72 13.30 -1.51 0.997
pedestrian -1 -1 -2.28 238.65 173.18 268.45 238.21 1.76 0.66 0.49 -10.20 1.77 20.70 -2.74 1.000
pedestrian -1 -1 -0.26 564.07 155.73 593.02 220.95 1.87 0.84 1.11 -1.10 1.15 24.90 -0.31 0.996
pedestrian -1 -1 -2.15 211.14 166.19 247.96 244.87 1.76 0.66 0.49 -9.80 1.77 18.50 -2.63 0.994
pedestrian -1 -1 0.08 295.14 164.66 338.85 221.33 1.75 0.62 1.83 -10.80 1.21 26.20 -0.31 0.342
pedestrian -1 -1 -1.12 189.85 176.03 215.79 236.34 1.76 0.66 0.49 -12.10 1.77 21.00 -1.65 0.082
pedestrian -1 -1 0.13 1005.76 138.15 1036.90 210.80 1.76 0.66 0.49 7.80 0.84 13.30 0.66 0.080
pedestrian -1 -1 0.83 406.32 160.22 426.41 222.47 1.75 0.62 1.83 -6.40 1.21 24.20 0.57 0.054
cyclist -1 -1 -1.36 863.64 148.39 889.61 200.00 1.77 0.62 0.88 11.80 0.84 30.90 -0.99 0.995
cyclist -1 -1 0.28 276.43 164.06 353.93 232.51 1.87 0.84 1.11 -7.50 1.46 18.50 -0.10 0.990
cyclist -1 -1 -0.17 987.16 145.64 1061.97 203.04 1.41 0.50 1.32 8.00 0.85 13.40 0.37 0.836
cyclist -1 -1 -0.52 1080.43 139.17 1195.47 206.26 1.41 0.50 1.32 7.40 0.85 10.00 0.12 0.830
cyclist -1 -1 -0.97 1038.79 161.04 1075.20 200.83 1.41 0.50 1.32 18.80 0.85 29.40 -0.40 0.064
