car -1 -1 1.64 526.53 171.27 569.94 205.13 1.46 1.49 2.95 -2.60 1.39 31.80 1.56 0.999
car -1 -1 1.92 187.12 190.23 396.66 316.59 1.46 1.49 2.95 -4.40 1.72 10.60 1.53 0.999
car -1 -1 -1.74 711.42 170.80 773.10 217.56 1.46 1.49 2.95 4.40 1.39 24.80 -1.57 0.996
car -1 -1 1.94 0.00 203.33 266.26 374.00 1.46 1.49 2.95 -5.00 1.72 7.20 1.33 0.990
car -1 -1 -1.78 686.75 169.65 728.79 198.83 1.54 1.62 3.91 5.50 1.39 39.90 -1.64 0.982
car -1 -1 -1.82 738.19 161.11 889.56 251.91 1.54 1.62 3.91 4.10 1.39 15.50 -1.56 0.967
car -1 -1 -1.51 725.26 171.77 822.96 232.63 1.46 1.49 2.95 4.00 1.39 17.80 -1.29 0.915
car -1 -1 -1.60 703.94 169.29 743.75 208.67 2.48 1.81 4.73 7.20 2.06 45.10 -1.44 0.591
car -1 -1 1.81 552.08 172.91 581.02 198.85 1.54 1.62 3.91 -2.70 1.72 45.50 1.75 0.169
cyclist -1 -1 1.07 660.15 156.93 672.81 180.61 1.75 0.62 1.83 3.00 0.85 38.00 1.15 0.397
