car -1 -1 -1.58 745.58 176.33 945.87 301.49 1.54 1.62 3.91 3.30 1.72 11.30 -1.29 1.000
car -1 -1 -1.76 681.37 179.76 740.61 227.01 1.46 1.49 2.95 3.20 1.72 24.60 -1.64 0.999
car -1 -1 -2.10 832.76 188.00 1234.30 374.00 1.54 1.62 3.91 3.50 1.72 6.90 -1.63 0.998
car -1 -1 -2.57 0.00 185.28 298.66 304.05 1.54 1.62 3.91 -5.90 1.72 9.90 -3.11 0.995
car -1 -1 -1.54 376.01 175.59 502.49 226.52 1.54 1.62 3.91 -5.30 1.72 23.10 -1.76 0.989
car -1 -1 -2.79 160.83 178.19 422.97 257.65 1.54 1.62 3.91 -6.30 1.72 14.90 -3.19 0.956
car -1 -1 -2.58 309.64 176.48 458.11 243.27 1.46 1.49 2.95 -5.00 1.72 16.80 -2.87 0.907
car -1 -1 -1.94 432.81 175.07 532.42 213.26 1.54 1.62 3.91 -5.50 1.72 30.70 -2.12 0.723
car -1 -1 -1.56 703.39 173.76 776.95 217.18 1.54 1.62 3.91 5.10 1.72 28.10 -1.38 0.556
car -1 -1 0.45 515.30 174.59 553.58 199.66 1.54 1.62 3.91 -4.10 1.72 40.10 0.35 0.266
