car -1 -1 1.49 690.57 166.99 740.90 206.44 1.54 1.62 3.91 4.70 1.39 32.10 1.64 0.999
car -1 -1 1.90 228.45 169.47 560.69 367.72 1.46 1.49 2.95 -1.00 1.39 4.80 1.69 0.999
car -1 -1 -1.72 915.91 198.93 1241.00 371.61 1.46 1.49 2.95 4.20 1.39 6.40 -1.14 0.996
car -1 -1 -1.62 831.74 176.48 907.24 237.32 1.46 1.49 2.95 7.20 1.72 20.80 -1.28 0.946
car -1 -1 -1.28 536.62 173.41 677.77 263.08 1.46 1.49 2.95 -0.40 1.72 14.60 -1.30 0.709
car -1 -1 -0.88 714.43 168.55 751.97 197.66 1.46 1.49 2.95 7.40 1.39 43.20 -0.71 0.186
car -1 -1 -1.24 578.29 168.99 618.51 203.72 1.54 1.62 3.91 -0.50 1.39 33.30 -1.26 0.143
car -1 -1 1.95 298.08 181.15 533.57 269.94 1.54 1.62 3.91 -3.50 1.72 13.50 1.69 0.080
car -1 -1 -0.35 443.52 182.80 557.79 265.41 1.54 1.62 3.91 -2.10 1.72 15.10 -0.49 0.076
pedestrian -1 -1 0.81 967.18 177.07 994.11 222.56 1.41 0.50 1.32 16.40 1.91 32.20 1.28 0.194
