car -1 -1 -1.61 666.19 177.57 782.58 257.21 1.54 1.62 3.91 2.50 1.72 16.30 -1.46 0.998
car -1 -1 0.92 804.68 172.79 1211.68 371.89 1.54 1.62 3.91 3.30 1.72 7.30 1.34 0.998
car -1 -1 0.34 315.96 185.72 412.39 251.79 1.54 1.62 3.91 -7.10 2.06 21.50 0.02 0.998
car -1 -1 -1.73 559.54 177.43 604.89 211.84 1.54 1.62 3.91 -1.50 1.72 33.50 -1.78 0.931
car -1 -1 -1.57 541.14 178.71 567.57 203.11 1.46 1.49 2.95 -3.60 2.06 49.00 -1.64 0.593
car -1 -1 1.77 353.79 183.98 434.38 235.16 1.46 1.49 2.95 -6.80 1.72 23.20 1.48 0.374
car -1 -1 -1.07 625.89 185.82 725.62 230.33 1.46 1.49 2.95 2.40 2.06 26.60 -0.98 0.311
pedestrian -1 -1 1.98 418.23 173.72 435.43 247.83 1.76 0.66 0.49 -5.10 2.08 20.00 1.73 0.905
pedestrian -1 -1 1.44 453.42 172.38 472.32 235.99 1.76 0.66 0.49 -5.40 2.08 26.50 1.24 0.607
cyclist -1 -1 1.23 449.18 175.19 478.02 235.01 1.87 0.84 1.11 -4.90 1.77 24.50 1.03 0.998
cyclist -1 -1 1.86 411.92 174.68 445.85 244.89 1.77 0.62 0.88 -5.50 1.77 22.40 1.61 0.815
