car -1 -1 -1.81 686.57 184.16 791.53 257.88 1.54 1.62 3.91 2.90 1.72 16.90 -1.64 1.000
car -1 -1 -1.73 649.14 181.70 711.43 225.94 1.54 1.62 3.91 2.30 1.72 24.10 -1.63 0.999
car -1 -1 -2.29 322.19 184.08 451.80 239.79 1.46 1.49 2.95 -5.80 1.72 18.60 -2.59 0.985
car -1 -1 -2.55 207.56 187.60 410.56 255.20 1.54 1.62 3.91 -6.30 1.72 15.70 -2.93 0.982
car -1 -1 -1.74 425.13 177.55 513.01 219.01 1.46 1.49 2.95 -5.40 1.72 28.60 -1.92 0.981
car -1 -1 -1.70 495.58 176.41 546.29 203.43 1.46 1.49 2.95 -4.80 1.72 39.40 -1.82 0.979
car -1 -1 -2.53 94.62 189.64 382.57 284.19 1.46 1.49 2.95 -6.00 1.72 11.60 -3.01 0.965
car -1 -1 -1.73 0.00 190.84 167.04 359.72 1.46 1.49 2.95 -7.20 2.06 9.00 -2.41 0.952
car -1 -1 -1.59 640.39 181.70 674.60 210.69 1.54 1.62 3.91 2.70 2.06 41.70 -1.53 0.941
car -1 -1 -1.77 381.75 181.42 469.10 228.84 1.54 1.62 3.91 -6.90 2.06 28.10 -2.01 0.055
