car -1 -1 1.20 0.00 183.42 306.86 366.74 1.46 1.49 2.95 -4.60 1.72 7.20 0.63 0.999
car -1 -1 1.72 406.33 183.49 485.82 229.23 1.46 1.49 2.95 -6.40 2.06 28.80 1.50 0.999
car -1 -1 -1.72 637.91 174.98 668.93 199.98 1.54 1.62 3.91 2.50 1.72 41.30 -1.66 0.998
car -1 -1 2.04 504.78 177.30 540.98 204.25 1.46 1.49 2.95 -5.00 1.72 40.60 1.92 0.991
car -1 -1 -1.72 833.90 179.04 1237.74 371.19 1.54 1.62 3.91 3.30 1.72 6.70 -1.27 0.985
car -1 -1 -0.26 868.46 180.62 1130.58 296.58 1.54 1.62 3.91 6.30 1.72 12.10 0.22 0.309
car -1 -1 1.43 1057.29 175.06 1220.05 232.83 1.46 1.49 2.95 13.00 1.39 18.20 2.05 0.129
cyclist -1 -1 1.36 444.64 169.29 478.96 250.23 1.76 0.66 0.49 -3.60 2.08 17.70 1.16 1.000
cyclist -1 -1 0.62 482.50 172.06 508.39 247.25 1.76 0.66 0.49 -2.90 1.77 17.20 0.45 0.998
cyclist -1 -1 2.43 905.18 193.12 945.17 233.25 1.41 0.50 1.32 10.40 1.91 24.00 2.84 0.248
cyclist -1 -1 1.55 521.60 173.71 536.92 212.05 1.76 0.66 0.49 -3.50 1.77 31.60 1.44 0.139
