car -1 -1 1.50 1118.01 156.61 1235.06 206.54 2.48 1.81 4.73 28.60 1.72 36.90 2.16 0.082
pedestrian -1 -1 -0.44 802.98 165.73 815.97 208.84 1.76 0.66 0.49 8.90 1.46 32.00 -0.17 1.000
pedestrian -1 -1 -1.35 760.35 161.47 778.70 211.37 1.76 0.66 0.49 6.80 1.15 31.10 -1.14 0.997
pedestrian -1 -1 -0.43 784.08 166.24 800.30 208.10 1.76 0.66 0.49 8.90 1.77 35.20 -0.18 0.996
pedestrian -1 -1 -1.55 927.91 132.96 979.01 283.15 1.76 0.66 0.49 5.70 1.15 12.20 -1.12 0.891
pedestrian -1 -1 -1.52 390.85 162.06 402.37 192.17 1.68 0.41 1.64 -11.50 1.21 38.70 -1.81 0.314
cyclist -1 -1 -1.45 912.14 131.02 1000.25 300.83 1.77 0.62 0.88 4.40 1.46 8.90 -0.99 0.996
cyclist -1 -1 -0.98 717.90 169.57 733.70 201.56 1.41 0.50 1.32 5.20 1.56 32.60 -0.83 0.986
cyclist -1 -1 -1.38 757.42 160.58 786.82 211.61 1.87 0.84 1.11 5.30 1.46 24.30 -1.17 0.777
cyclist -1 -1 -0.90 797.65 166.65 827.63 206.18 1.87 0.84 1.11 7.90 1.46 28.50 -0.63 0.057
