car -1 -1 -1.55 560.02 173.99 595.91 204.95 1.54 1.62 3.91 -1.70 1.72 38.10 -1.60 1.000
car -1 -1 -2.08 751.94 172.08 1023.94 354.45 1.54 1.62 3.91 2.90 1.72 8.70 -1.75 0.999
car -1 -1 -1.38 145.34 199.56 343.12 316.74 1.46 1.49 2.95 -5.80 2.06 11.80 -1.84 0.996
car -1 -1 -1.41 405.93 181.29 450.87 216.41 1.46 1.49 2.95 -9.00 2.06 35.60 -1.65 0.991
car -1 -1 -1.83 583.47 172.68 641.76 218.13 1.54 1.62 3.91 0.10 1.72 27.90 -1.82 0.963
car -1 -1 1.57 275.13 185.28 402.46 263.18 1.46 1.49 2.95 -5.60 1.72 15.20 1.22 0.957
car -1 -1 -1.50 419.45 176.31 459.50 205.48 1.46 1.49 2.95 -9.20 1.72 40.20 -1.73 0.725
car -1 -1 -0.89 655.62 181.54 775.68 247.70 1.46 1.49 2.95 2.00 1.72 16.40 -0.76 0.542
car -1 -1 -1.68 541.82 173.38 584.97 195.88 1.46 1.49 2.95 -3.60 1.72 55.60 -1.75 0.254
pedestrian -1 -1 1.73 280.95 169.51 337.61 332.27 1.87 0.84 1.11 -5.70 1.77 13.90 1.34 0.385
pedestrian -1 -1 -1.20 655.11 179.72 664.92 218.80 1.77 0.62 0.88 2.70 2.08 38.80 -1.13 0.289
pedestrian -1 -1 1.65 369.73 175.80 411.69 272.35 1.87 0.84 1.11 -6.50 1.77 21.30 1.35 0.148
cyclist -1 -1 1.54 261.81 170.58 348.81 342.33 1.68 0.41 1.64 -3.90 1.56 9.30 1.14 0.999
cyclist -1 -1 1.56 358.76 173.19 422.01 298.32 1.68 0.41 1.64 -3.70 1.56 11.70 1.26 0.998
