car -1 -1 1.51 549.92 179.72 597.11 217.86 1.54 1.62 3.91 -1.10 1.39 28.50 1.47 0.999
car -1 -1 0.84 691.80 191.75 789.88 262.90 1.54 1.62 3.91 3.30 1.72 17.50 1.02 0.104
pedestrian -1 -1 2.24 367.81 169.60 415.06 284.93 1.76 0.66 0.49 -3.30 1.77 11.20 1.95 1.000
pedestrian -1 -1 -1.97 638.98 169.86 668.58 241.06 1.75 0.62 1.83 1.60 1.56 22.20 -1.90 1.000
pedestrian -1 -1 1.45 868.71 166.36 912.85 284.89 1.76 0.66 0.49 3.90 1.46 10.00 1.82 0.999
pedestrian -1 -1 -1.53 711.56 174.50 745.05 280.64 1.76 0.66 0.49 2.10 1.77 12.40 -1.37 0.999
pedestrian -1 -1 -0.67 751.58 166.74 798.47 309.96 1.76 0.66 0.49 2.50 1.77 10.40 -0.43 0.999
pedestrian -1 -1 0.71 912.76 178.12 953.00 282.50 1.76 0.66 0.49 5.90 1.46 12.80 1.15 0.999
pedestrian -1 -1 -1.78 772.90 169.56 810.08 257.31 1.87 0.84 1.11 4.90 1.46 18.70 -1.53 0.997
pedestrian -1 -1 -1.64 689.82 181.58 724.56 275.85 1.76 0.66 0.49 1.70 1.46 11.80 -1.50 0.992
pedestrian -1 -1 2.04 294.06 169.48 333.29 282.92 1.76 0.66 0.49 -5.70 1.77 14.20 1.66 0.978
pedestrian -1 -1 -0.74 735.97 173.14 768.90 293.67 1.76 0.66 0.49 2.50 1.77 12.20 -0.54 0.585
pedestrian -1 -1 0.40 669.83 174.50 687.22 244.24 1.76 0.66 0.49 2.70 2.08 24.80 0.51 0.200
pedestrian -1 -1 -1.54 720.60 176.04 737.83 216.40 1.75 0.62 1.83 7.00 1.56 39.00 -1.36 0.086
pedestrian -1 -1 -0.58 766.93 175.84 778.74 202.86 1.41 0.50 1.32 11.80 1.21 49.40 -0.35 0.058
pedestrian -1 -1 -1.34 731.05 180.80 741.51 206.43 1.41 0.50 1.32 9.00 1.56 47.60 -1.15 0.056
cyclist -1 -1 2.04 266.99 177.40 359.44 285.61 1.77 0.62 0.88 -4.10 1.77 10.00 1.65 0.898
cyclist -1 -1 -1.02 0.00 209.16 142.09 312.77 1.41 0.50 1.32 -6.20 1.56 7.80 -1.69 0.803
