car -1 -1 -1.59 660.61 176.06 738.49 234.41 1.54 1.62 3.91 2.50 1.72 21.50 -1.47 1.000
car -1 -1 -2.27 373.97 175.81 499.54 225.15 1.54 1.62 3.91 -5.50 1.72 23.10 -2.50 0.995
car -1 -1 -1.65 647.23 178.67 697.28 218.00 1.54 1.62 3.91 2.30 1.72 27.10 -1.57 0.981
car -1 -1 -2.44 460.43 174.72 541.71 205.78 1.54 1.62 3.91 -5.30 1.72 36.50 -2.58 0.969
car -1 -1 -1.89 329.28 182.18 464.27 238.56 1.54 1.62 3.91 -6.50 2.06 22.50 -2.17 0.945
car -1 -1 -1.43 634.61 179.33 662.87 205.14 1.46 1.49 2.95 2.20 1.72 41.00 -1.38 0.925
car -1 -1 -1.88 262.97 182.70 405.80 274.34 1.54 1.62 3.91 -5.10 1.72 14.10 -2.22 0.610
car -1 -1 -2.71 434.85 172.16 514.07 215.88 1.46 1.49 2.95 -4.60 1.39 25.20 -2.89 0.106
car -1 -1 -0.46 872.21 243.82 1241.00 370.05 1.46 1.49 2.95 3.80 2.06 6.80 0.05 0.057
car -1 -1 -1.45 624.71 177.62 650.63 200.38 1.46 1.49 2.95 1.80 1.72 47.40 -1.41 0.056
pedestrian -1 -1 1.13 100.14 170.23 120.30 220.22 1.76 0.66 0.49 -17.30 1.46 25.00 0.52 0.758
pedestrian -1 -1 0.67 130.67 205.30 177.85 297.94 1.41 0.50 1.32 -9.20 2.27 14.40 0.10 0.275
