car -1 -1 -1.63 462.32 162.10 533.63 224.76 2.48 1.81 4.73 -4.20 1.72 30.90 -1.76 0.906
pedestrian -1 -1 -2.00 543.56 158.72 582.97 257.90 1.77 0.62 0.88 -0.90 1.77 16.60 -2.06 1.000
pedestrian -1 -1 -2.20 773.36 159.88 835.60 351.45 1.77 0.62 0.88 2.20 1.77 7.70 -1.92 1.000
pedestrian -1 -1 2.19 947.99 154.59 991.20 250.58 1.76 0.66 0.49 8.10 1.15 15.80 2.66 0.999
pedestrian -1 -1 -1.09 880.80 156.83 943.93 373.00 1.76 0.66 0.49 3.10 1.46 7.20 -0.68 0.994
pedestrian -1 -1 0.78 492.34 172.59 506.29 222.45 1.76 0.66 0.49 -3.70 1.46 25.60 0.64 0.993
pedestrian -1 -1 -2.05 721.28 166.87 745.54 238.50 1.75 0.62 1.83 4.00 1.56 21.80 -1.87 0.993
pedestrian -1 -1 0.67 997.67 165.80 1037.27 266.75 1.76 0.66 0.49 9.30 1.77 16.00 1.20 0.988
pedestrian -1 -1 2.90 1131.29 147.33 1189.39 271.06 1.77 0.62 0.88 11.20 1.15 14.30 3.57 0.927
pedestrian -1 -1 -1.18 222.26 160.14 277.70 348.59 1.76 0.66 0.49 -4.40 1.77 8.90 -1.64 0.853
pedestrian -1 -1 0.99 509.47 173.57 530.28 225.93 1.77 0.62 0.88 -2.70 1.77 24.80 0.88 0.804
pedestrian -1 -1 0.08 428.40 164.98 447.38 220.35 1.68 0.41 1.64 -7.70 1.56 33.90 -0.15 0.243
pedestrian -1 -1 -1.42 870.40 171.12 898.05 277.35 1.76 0.66 0.49 7.20 1.77 18.50 -1.05 0.137
pedestrian -1 -1 -0.85 168.83 170.97 203.68 271.72 1.76 0.66 0.49 -10.30 1.77 18.00 -1.37 0.068
cyclist -1 -1 1.47 504.11 175.59 537.56 220.72 1.41 0.50 1.32 -3.60 1.56 31.80 1.36 0.111
