car -1 -1 1.51 452.57 169.35 544.84 240.83 1.54 1.62 3.91 -2.50 1.39 16.90 1.36 1.000
car -1 -1 1.57 638.77 176.41 672.05 202.67 1.54 1.62 3.91 2.70 1.72 44.30 1.63 0.999
car -1 -1 -1.94 753.90 180.75 995.14 372.41 1.54 1.62 3.91 2.50 1.72 7.90 -1.63 0.995
car -1 -1 -1.16 519.82 176.48 568.37 222.44 1.46 1.49 2.95 -2.60 1.72 28.40 -1.26 0.993
car -1 -1 -2.32 92.63 175.02 363.20 259.66 1.54 1.62 3.91 -7.10 1.72 13.90 -2.80 0.993
car -1 -1 -1.64 703.67 187.88 841.09 293.40 1.54 1.62 3.91 2.70 1.72 12.70 -1.43 0.990
pedestrian -1 -1 1.42 579.03 173.69 596.93 234.64 1.76 0.66 0.49 -0.70 2.08 23.20 1.39 0.427
pedestrian -1 -1 -1.54 724.78 188.03 741.91 228.93 1.41 0.50 1.32 4.80 1.91 27.80 -1.37 0.163
cyclist -1 -1 1.06 572.46 172.73 602.72 230.68 1.77 0.62 0.88 -0.70 1.46 22.00 1.03 0.998
cyclist -1 -1 -1.60 717.95 189.56 748.73 227.90 1.41 0.50 1.32 4.80 1.91 27.80 -1.43 0.132
