car -1 -1 -2.47 39.90 180.77 364.81 287.19 1.54 1.62 3.91 -5.90 1.72 10.90 -2.97 1.000
car -1 -1 -1.81 794.23 189.73 1085.94 370.84 1.54 1.62 3.91 3.10 1.72 7.90 -1.43 1.000
car -1 -1 2.49 724.61 178.94 873.73 231.42 1.54 1.62 3.91 5.30 1.72 21.30 2.74 0.980
car -1 -1 1.13 635.16 155.95 687.56 216.00 2.48 1.81 4.73 2.00 1.72 30.90 1.19 0.737
car -1 -1 -0.83 367.51 183.43 457.41 221.29 1.46 1.49 2.95 -7.80 2.06 28.80 -1.09 0.711
car -1 -1 -2.33 430.01 179.05 524.49 211.66 1.54 1.62 3.91 -5.50 1.72 31.30 -2.50 0.698
car -1 -1 1.26 4.81 186.80 223.65 364.15 1.46 1.49 2.95 -5.00 1.39 6.40 0.60 0.597
car -1 -1 -0.47 796.46 182.12 935.63 262.09 1.54 1.62 3.91 5.30 1.72 15.70 -0.15 0.448
car -1 -1 0.83 625.29 162.63 661.79 203.19 2.48 1.81 4.73 1.80 2.06 38.90 0.87 0.257
car -1 -1 -0.38 336.46 175.05 417.30 225.69 1.54 1.62 3.91 -8.30 1.72 25.70 -0.69 0.092
car -1 -1 -1.56 271.21 183.84 454.16 263.40 1.46 1.49 2.95 -4.00 1.72 12.60 -1.87 0.090
car -1 -1 1.03 812.90 177.37 861.34 204.06 1.46 1.49 2.95 12.60 1.72 39.40 1.34 0.062
pedestrian -1 -1 -1.82 32.79 185.40 95.06 275.23 1.41 0.50 1.32 -12.80 1.91 16.60 -2.47 0.090
