car -1 -1 -1.77 695.11 177.36 830.75 272.28 1.54 1.62 3.91 3.10 1.72 15.10 -1.56 0.999
car -1 -1 -1.49 655.67 170.21 709.07 213.55 1.54 1.62 3.91 2.70 1.39 27.50 -1.40 0.998
car -1 -1 -2.22 377.88 177.99 496.81 223.04 1.54 1.62 3.91 -5.30 1.72 23.70 -2.44 0.976
car -1 -1 0.11 247.48 179.10 410.39 257.94 1.54 1.62 3.91 -6.10 1.72 16.10 -0.25 0.926
car -1 -1 -2.08 445.80 176.25 529.36 206.67 1.54 1.62 3.91 -5.50 1.72 33.30 -2.25 0.871
car -1 -1 -1.78 0.00 189.81 202.54 342.03 1.46 1.49 2.95 -7.20 1.72 9.00 -2.45 0.842
car -1 -1 -1.48 478.61 173.63 556.61 202.12 1.54 1.62 3.91 -4.30 1.72 36.70 -1.59 0.778
car -1 -1 -1.48 646.92 171.90 679.97 197.99 1.46 1.49 2.95 3.00 1.39 40.40 -1.40 0.664
car -1 -1 -2.57 39.70 189.05 369.42 309.22 1.54 1.62 3.91 -5.90 1.72 9.90 -3.11 0.571
pedestrian -1 -1 -2.46 718.94 174.56 735.77 220.53 1.41 0.50 1.32 4.20 1.56 25.60 -2.29 0.098
