car -1 -1 1.72 509.99 177.23 551.47 207.27 1.54 1.62 3.91 -3.90 1.72 35.90 1.61 1.000
car -1 -1 1.76 121.15 192.67 384.35 328.00 1.54 1.62 3.91 -4.50 1.72 9.90 1.34 1.000
car -1 -1 -1.92 781.21 181.28 985.65 305.12 1.54 1.62 3.91 4.10 1.72 11.10 -1.56 1.000
car -1 -1 -1.52 727.08 178.19 855.21 253.51 1.54 1.62 3.91 3.70 1.72 15.70 -1.28 0.999
car -1 -1 1.77 323.20 188.51 458.47 267.64 1.54 1.62 3.91 -5.10 2.06 17.30 1.48 0.999
car -1 -1 1.59 405.50 183.23 492.01 238.92 1.46 1.49 2.95 -4.40 1.72 20.40 1.38 0.997
car -1 -1 -1.72 700.21 177.58 780.93 232.12 1.54 1.62 3.91 3.90 1.72 22.30 -1.54 0.996
car -1 -1 -1.60 687.13 175.46 746.12 214.33 1.54 1.62 3.91 4.50 1.72 31.50 -1.46 0.963
car -1 -1 1.79 529.77 177.65 562.90 204.20 1.54 1.62 3.91 -4.10 2.06 48.10 1.71 0.448
car -1 -1 -2.08 909.28 178.36 1232.92 372.68 1.54 1.62 3.91 4.70 1.72 8.10 -1.56 0.443
pedestrian -1 -1 -0.16 658.27 167.17 664.74 190.10 1.76 0.66 0.49 3.10 1.15 42.80 -0.09 0.584
pedestrian -1 -1 -0.63 670.14 167.22 680.82 191.42 1.77 0.62 0.88 4.00 1.46 43.30 -0.54 0.288
