car -1 -1 -1.63 790.28 193.31 1156.66 369.05 1.54 1.62 3.91 3.30 1.72 7.30 -1.20 1.000
car -1 -1 -1.60 736.29 180.45 901.01 298.61 1.54 1.62 3.91 3.10 1.72 11.30 -1.34 1.000
car -1 -1 1.66 439.81 178.33 508.82 222.99 1.54 1.62 3.91 -4.70 1.72 25.30 1.47 0.999
car -1 -1 -1.71 673.58 176.38 757.41 241.23 1.54 1.62 3.91 2.70 1.72 20.30 -1.58 0.999
car -1 -1 -1.67 649.23 173.59 691.43 208.27 1.54 1.62 3.91 2.90 1.72 35.10 -1.58 0.998
car -1 -1 2.23 0.00 188.10 301.71 374.00 1.54 1.62 3.91 -4.50 1.72 8.10 1.72 0.989
car -1 -1 -1.72 663.89 175.08 716.05 221.74 1.54 1.62 3.91 3.10 1.72 29.30 -1.61 0.986
car -1 -1 1.66 474.01 170.85 524.89 216.87 1.46 1.49 2.95 -3.80 1.39 26.00 1.52 0.903
car -1 -1 0.62 200.10 175.96 349.99 230.57 1.54 1.62 3.91 -10.70 1.72 23.30 0.19 0.851
car -1 -1 2.04 499.13 173.38 538.59 210.32 1.54 1.62 3.91 -4.50 1.72 37.10 1.92 0.083
