car -1 -1 -1.43 507.82 176.49 556.98 215.94 1.46 1.49 2.95 -3.00 1.72 28.40 -1.53 0.998
car -1 -1 -1.61 664.22 175.05 764.29 246.41 1.46 1.49 2.95 2.00 1.39 14.80 -1.48 0.998
car -1 -1 -1.56 630.63 176.27 670.23 210.40 1.46 1.49 2.95 1.60 1.72 29.60 -1.51 0.993
car -1 -1 -0.07 115.44 187.18 402.58 330.24 1.54 1.62 3.91 -4.10 1.72 9.30 -0.48 0.949
car -1 -1 -1.84 643.31 173.84 693.53 216.98 1.54 1.62 3.91 2.50 1.72 31.30 -1.76 0.944
car -1 -1 -1.52 535.07 176.70 566.79 204.65 1.46 1.49 2.95 -3.20 1.72 38.40 -1.60 0.869
car -1 -1 1.67 231.59 188.37 367.21 254.82 1.46 1.49 2.95 -6.40 1.72 15.20 1.28 0.245
car -1 -1 0.31 5.63 213.85 218.92 346.42 1.46 1.49 2.95 -7.40 2.06 10.00 -0.33 0.215
car -1 -1 1.58 236.07 185.54 341.05 222.51 1.54 1.62 3.91 -14.10 2.06 31.30 1.16 0.083
car -1 -1 -0.63 621.18 171.94 657.06 198.33 1.54 1.62 3.91 1.50 1.39 41.10 -0.59 0.055
pedestrian -1 -1 0.34 214.79 170.17 249.06 235.09 1.76 0.66 0.49 -11.40 1.46 21.70 -0.14 0.952
pedestrian -1 -1 -1.10 122.05 160.30 169.86 309.17 1.76 0.66 0.49 -7.10 1.77 11.20 -1.67 0.890
pedestrian -1 -1 -1.37 251.60 168.67 276.19 245.44 1.77 0.62 0.88 -11.80 1.77 24.70 -1.81 0.102
