car -1 -1 1.87 135.18 174.21 363.95 319.00 1.46 1.49 2.95 -4.60 1.39 9.80 1.43 0.998
car -1 -1 0.04 11.93 185.73 214.80 295.47 1.54 1.62 3.91 -9.10 1.72 13.30 -0.56 0.076
pedestrian -1 -1 -1.44 74.60 168.94 191.58 371.69 1.76 0.66 0.49 -3.70 1.46 5.60 -2.03 1.000
pedestrian -1 -1 1.17 633.03 157.29 662.04 228.35 1.87 0.84 1.11 1.50 1.46 21.70 1.24 1.000
pedestrian -1 -1 -0.05 5.87 147.68 76.66 373.00 1.76 0.66 0.49 -4.70 1.46 5.60 -0.74 0.999
pedestrian -1 -1 0.73 473.54 161.09 490.98 214.87 1.76 0.66 0.49 -4.90 1.46 29.60 0.56 0.987
pedestrian -1 -1 -0.80 358.69 177.69 370.10 221.80 1.76 0.66 0.49 -10.90 1.77 33.20 -1.12 0.984
pedestrian -1 -1 -1.05 489.47 166.25 507.62 213.46 1.75 0.62 1.83 -5.00 1.56 35.40 -1.19 0.978
pedestrian -1 -1 1.72 1.67 160.41 38.54 261.07 1.77 0.62 0.88 -13.90 1.46 16.80 1.03 0.681
pedestrian -1 -1 1.59 369.03 164.10 421.30 244.21 1.75 0.62 1.83 -6.80 1.21 22.80 1.30 0.132
cyclist -1 -1 0.73 365.40 160.45 430.05 277.96 1.77 0.62 0.88 -4.70 1.77 16.80 0.46 0.484
cyclist -1 -1 -0.17 560.00 187.33 598.97 250.91 1.41 0.50 1.32 -0.60 1.91 21.00 -0.20 0.062
