car -1 -1 -1.99 764.99 191.68 1184.83 374.00 1.54 1.62 3.91 2.70 1.72 6.70 -1.60 1.000
car -1 -1 -1.52 659.72 179.16 733.20 230.37 1.54 1.62 3.91 2.50 1.72 22.10 -1.40 0.999
car -1 -1 -1.35 531.24 179.65 568.62 210.72 1.54 1.62 3.91 -3.10 2.06 37.70 -1.43 0.999
car -1 -1 -1.11 186.77 191.84 488.16 360.90 1.54 1.62 3.91 -2.50 1.72 7.50 -1.43 0.998
car -1 -1 -1.60 632.54 176.42 669.22 210.15 1.54 1.62 3.91 2.10 1.72 35.70 -1.54 0.978
car -1 -1 1.56 348.24 190.08 478.12 251.33 1.46 1.49 2.95 -5.20 2.06 19.60 1.30 0.969
car -1 -1 -1.85 644.78 178.61 692.26 213.71 1.46 1.49 2.95 2.40 1.72 29.60 -1.77 0.841
car -1 -1 0.44 26.91 217.39 325.52 366.57 1.46 1.49 2.95 -4.60 1.72 8.00 -0.08 0.151
car -1 -1 -0.36 335.49 185.41 486.00 319.68 1.46 1.49 2.95 -2.80 1.72 11.00 -0.61 0.068
pedestrian -1 -1 -0.24 311.55 170.50 336.08 256.16 1.76 0.66 0.49 -7.10 1.77 17.80 -0.62 1.000
pedestrian -1 -1 -1.68 355.92 174.94 383.31 260.05 1.76 0.66 0.49 -5.50 1.77 16.60 -2.00 0.997
