car -1 -1 -1.73 692.09 184.67 804.32 263.17 1.54 1.62 3.91 2.90 1.72 16.10 -1.55 1.000
car -1 -1 1.61 551.38 175.21 589.19 205.64 1.54 1.62 3.91 -1.90 1.72 37.90 1.56 0.999
car -1 -1 -0.38 671.99 176.38 734.68 225.05 1.54 1.62 3.91 3.50 1.72 27.50 -0.26 0.999
car -1 -1 -1.82 644.90 171.79 681.90 200.69 1.46 1.49 2.95 2.80 1.39 36.20 -1.74 0.999
car -1 -1 0.84 0.00 186.78 325.14 328.43 1.54 1.62 3.91 -5.70 1.72 9.70 0.31 0.991
car -1 -1 -0.04 366.26 177.72 499.17 230.03 1.54 1.62 3.91 -4.90 1.72 21.10 -0.27 0.981
car -1 -1 -0.58 423.32 172.79 512.46 215.65 1.46 1.49 2.95 -5.00 1.39 26.60 -0.76 0.469
car -1 -1 -1.33 504.66 173.26 544.92 198.53 1.46 1.49 2.95 -4.40 1.39 37.40 -1.44 0.279
car -1 -1 0.31 225.65 169.59 448.06 239.43 1.54 1.62 3.91 -5.90 1.39 15.50 -0.05 0.098
car -1 -1 1.06 120.82 169.07 369.75 293.39 1.46 1.49 2.95 -4.80 1.39 9.80 0.60 0.075
car -1 -1 0.78 272.34 172.03 391.11 216.08 2.48 1.81 4.73 -13.30 2.06 35.00 0.42 0.058
