car -1 -1 1.34 575.48 165.46 606.48 194.59 2.48 1.81 4.73 -0.80 1.39 52.30 1.32 0.714
car -1 -1 -1.22 957.85 203.54 1207.51 363.76 1.46 1.49 2.95 5.00 1.72 7.80 -0.65 0.051
pedestrian -1 -1 -1.27 472.03 166.93 493.62 230.73 1.77 0.62 0.88 -3.20 1.46 19.30 -1.43 0.998
pedestrian -1 -1 -0.77 650.31 163.30 671.93 232.11 1.75 0.62 1.83 2.20 1.56 25.00 -0.68 0.949
pedestrian -1 -1 1.52 419.76 167.12 430.21 204.69 1.76 0.66 0.49 -9.50 1.46 39.00 1.28 0.331
pedestrian -1 -1 0.15 704.03 165.15 715.45 205.82 1.76 0.66 0.49 6.10 1.15 40.00 0.30 0.327
pedestrian -1 -1 1.77 964.38 211.20 1025.87 348.83 1.41 0.50 1.32 5.60 1.91 10.00 2.28 0.114
pedestrian -1 -1 1.24 627.26 165.37 637.74 200.93 1.77 0.62 0.88 2.30 1.46 50.40 1.29 0.070
pedestrian -1 -1 -0.69 1081.07 183.81 1146.42 300.04 1.41 0.50 1.32 8.60 1.56 12.20 -0.07 0.068
cyclist -1 -1 1.05 623.63 165.31 639.51 201.26 1.76 0.66 0.49 1.50 1.15 33.60 1.09 0.942
cyclist -1 -1 1.69 411.75 160.45 435.82 229.79 1.76 0.66 0.49 -4.90 1.46 19.80 1.45 0.859
cyclist -1 -1 0.70 697.04 168.66 720.13 208.57 1.75 0.62 1.83 4.60 1.21 30.80 0.85 0.154
