car -1 -1 -1.80 760.48 179.62 989.79 346.83 1.54 1.62 3.91 3.10 1.72 9.50 -1.49 0.999
car -1 -1 -2.49 302.53 170.48 476.00 234.96 1.54 1.62 3.91 -5.70 1.39 18.10 -2.79 0.998
car -1 -1 -1.69 636.14 179.27 668.29 204.70 1.46 1.49 2.95 2.40 1.72 40.20 -1.63 0.996
car -1 -1 -1.57 15.20 177.65 381.92 295.27 1.54 1.62 3.91 -5.50 1.39 9.30 -2.10 0.946
car -1 -1 -2.33 231.62 178.50 428.42 249.75 1.54 1.62 3.91 -6.50 1.72 16.10 -2.72 0.945
car -1 -1 -1.95 443.31 177.55 527.45 208.26 1.54 1.62 3.91 -5.70 1.72 33.90 -2.12 0.867
car -1 -1 -0.32 706.07 175.17 804.04 220.66 1.46 1.49 2.95 4.80 1.72 23.80 -0.13 0.763
car -1 -1 0.83 742.91 178.49 869.29 231.22 1.46 1.49 2.95 5.80 1.72 21.20 1.10 0.369
car -1 -1 -0.99 481.28 176.79 540.63 201.87 1.54 1.62 3.91 -7.10 2.06 53.30 -1.12 0.170
car -1 -1 0.69 810.53 176.62 1064.52 274.18 1.54 1.62 3.91 5.50 1.72 12.30 1.11 0.159
pedestrian -1 -1 1.88 951.69 158.40 964.47 211.61 1.76 0.66 0.49 16.50 1.46 34.20 2.33 0.165
cyclist -1 -1 0.53 547.53 172.69 567.05 205.88 1.41 0.50 1.32 -2.40 1.56 33.20 0.46 0.746
