car -1 -1 1.63 537.20 164.53 596.77 205.15 2.48 1.81 4.73 -2.50 1.39 49.60 1.58 0.995
pedestrian -1 -1 -0.57 814.64 152.97 904.41 350.97 1.68 0.41 1.64 2.70 1.56 7.90 -0.24 1.000
pedestrian -1 -1 2.00 127.47 144.85 257.11 373.00 1.76 0.66 0.49 -3.00 1.46 5.10 1.46 1.000
pedestrian -1 -1 -0.34 756.09 153.56 804.45 280.36 1.76 0.66 0.49 2.70 1.46 10.60 -0.10 0.999
pedestrian -1 -1 2.15 0.00 150.12 67.56 372.26 1.76 0.66 0.49 -5.30 1.77 6.40 1.45 0.994
pedestrian -1 -1 -1.84 709.79 161.65 779.22 278.87 1.87 0.84 1.11 2.70 1.46 14.30 -1.65 0.993
pedestrian -1 -1 -2.27 601.32 146.31 635.33 236.88 1.87 0.84 1.11 0.50 1.15 22.50 -2.24 0.990
pedestrian -1 -1 -1.73 797.69 144.57 849.96 316.25 1.76 0.66 0.49 2.70 1.46 9.20 -1.45 0.982
pedestrian -1 -1 -0.61 294.74 131.67 321.07 222.64 1.76 0.66 0.49 -6.70 0.84 16.20 -1.01 0.550
pedestrian -1 -1 -0.95 681.90 155.25 693.13 203.70 1.76 0.66 0.49 3.60 0.84 29.50 -0.83 0.314
cyclist -1 -1 -1.92 589.26 153.26 651.14 240.97 1.75 0.62 1.83 0.80 1.56 21.60 -1.88 0.123
cyclist -1 -1 0.01 408.99 185.60 447.70 249.73 1.41 0.50 1.32 -3.80 1.56 15.60 -0.23 0.062
