car -1 -1 1.42 488.95 171.96 533.31 212.09 2.48 1.81 4.73 -5.60 2.06 46.10 1.30 0.997
car -1 -1 -1.84 671.41 190.38 732.96 247.74 1.46 1.49 2.95 2.60 1.72 19.80 -1.71 0.302
pedestrian -1 -1 -1.27 767.70 163.66 795.52 242.58 1.87 0.84 1.11 6.70 1.46 26.70 -1.02 0.991
pedestrian -1 -1 -1.21 194.58 168.58 260.14 338.07 1.76 0.66 0.49 -4.50 1.77 8.60 -1.70 0.988
pedestrian -1 -1 0.89 255.43 151.40 337.78 373.00 1.76 0.66 0.49 -2.60 1.46 5.70 0.46 0.533
pedestrian -1 -1 -0.98 735.58 160.38 755.79 242.26 1.75 0.62 1.83 5.80 1.56 28.80 -0.78 0.331
pedestrian -1 -1 -1.66 678.93 166.71 721.53 335.00 1.76 0.66 0.49 1.30 1.77 9.40 -1.52 0.194
pedestrian -1 -1 -0.73 619.64 161.65 687.10 322.74 1.76 0.66 0.49 0.40 1.77 5.50 -0.66 0.194
pedestrian -1 -1 -2.48 690.97 176.70 711.88 240.98 1.76 0.66 0.49 3.60 1.77 25.70 -2.34 0.086
pedestrian -1 -1 -1.16 703.99 152.57 757.03 313.02 1.75 0.62 1.83 1.40 1.56 8.40 -1.00 0.076
pedestrian -1 -1 0.22 673.33 174.21 681.83 209.99 1.76 0.66 0.49 4.10 1.46 36.80 0.33 0.054
cyclist -1 -1 0.66 384.55 158.33 451.59 292.45 1.87 0.84 1.11 -2.90 1.77 11.70 0.42 1.000
cyclist -1 -1 0.79 224.75 156.42 367.92 373.00 1.76 0.66 0.49 -2.40 1.46 5.90 0.40 0.988
cyclist -1 -1 0.39 0.00 211.45 129.88 355.17 1.41 0.50 1.32 -4.00 1.56 4.80 -0.30 0.724
cyclist -1 -1 -0.95 704.09 156.63 767.81 314.53 1.68 0.41 1.64 1.70 1.56 9.70 -0.78 0.489
