car -1 -1 -1.70 629.95 177.21 683.58 221.14 1.46 1.49 2.95 1.60 1.72 26.20 -1.64 0.999
car -1 -1 -1.55 1004.91 182.48 1240.39 365.91 1.54 1.62 3.91 6.70 1.72 8.50 -0.88 0.997
car -1 -1 -2.41 0.00 163.18 232.02 330.92 1.54 1.62 3.91 -6.30 1.39 8.10 -3.07 0.994
car -1 -1 -1.76 610.49 174.20 648.42 203.89 1.54 1.62 3.91 1.10 1.72 41.30 -1.73 0.990
car -1 -1 -2.13 330.87 178.97 485.78 222.38 1.54 1.62 3.91 -6.30 1.72 22.90 -2.39 0.938
car -1 -1 0.08 779.55 177.85 1028.32 295.80 1.54 1.62 3.91 3.90 1.72 10.90 0.43 0.825
car -1 -1 1.90 869.02 183.56 1191.03 302.38 1.54 1.62 3.91 6.50 1.72 11.50 2.42 0.631
car -1 -1 -1.85 465.53 174.97 511.56 203.52 1.54 1.62 3.91 -6.70 1.72 40.10 -2.01 0.283
car -1 -1 0.17 89.43 162.27 320.23 290.66 2.48 1.81 4.73 -7.80 2.06 15.10 -0.30 0.203
car -1 -1 -0.37 297.01 176.49 440.63 254.11 1.54 1.62 3.91 -4.70 1.72 15.10 -0.67 0.116
cyclist -1 -1 1.12 464.53 177.10 498.43 240.45 1.77 0.62 0.88 -4.30 2.08 24.20 0.94 0.999
