car -1 -1 -1.61 669.30 173.07 765.58 248.99 1.54 1.62 3.91 2.70 1.72 18.50 -1.47 1.000
car -1 -1 -2.40 385.06 171.12 495.91 223.08 1.46 1.49 2.95 -4.80 1.39 20.80 -2.63 0.993
car -1 -1 -1.52 651.38 178.50 702.08 219.04 1.54 1.62 3.91 2.30 1.72 27.10 -1.44 0.992
car -1 -1 -2.57 468.41 170.57 538.28 204.63 1.46 1.49 2.95 -4.40 1.39 30.00 -2.71 0.983
car -1 -1 -2.69 310.29 178.67 466.20 234.88 1.54 1.62 3.91 -6.10 1.72 19.90 -2.99 0.978
car -1 -1 -1.27 638.45 179.67 669.82 206.20 1.46 1.49 2.95 2.40 1.72 38.20 -1.21 0.975
car -1 -1 -2.13 197.69 180.03 442.62 254.13 1.54 1.62 3.91 -5.70 1.72 14.70 -2.50 0.962
car -1 -1 -2.50 429.40 173.56 518.38 210.87 1.54 1.62 3.91 -6.30 1.72 33.10 -2.69 0.746
car -1 -1 -1.15 626.64 174.33 655.10 197.93 1.46 1.49 2.95 1.80 1.39 42.00 -1.11 0.560
cyclist -1 -1 -0.75 1021.91 176.59 1053.73 211.89 1.41 0.50 1.32 18.00 1.91 30.60 -0.22 0.374
