car -1 -1 -1.61 0.00 121.62 319.94 353.88 2.48 1.81 4.73 -5.20 1.72 8.90 -2.14 0.513
car -1 -1 -1.72 348.88 185.33 432.04 243.23 1.46 1.49 2.95 -6.20 1.72 20.60 -2.01 0.087
pedestrian -1 -1 1.32 833.52 138.90 897.89 336.54 1.76 0.66 0.49 2.50 1.46 6.80 1.67 1.000
pedestrian -1 -1 1.80 758.58 141.72 807.22 256.09 1.75 0.62 1.83 3.00 1.21 12.20 2.04 1.000
pedestrian -1 -1 1.41 446.37 140.32 465.57 196.74 1.76 0.66 0.49 -4.70 0.84 22.60 1.21 0.994
pedestrian -1 -1 1.79 649.35 140.33 670.02 202.05 1.76 0.66 0.49 1.50 0.84 19.80 1.87 0.993
pedestrian -1 -1 0.82 494.74 148.35 513.29 206.81 1.76 0.66 0.49 -3.30 0.84 23.80 0.68 0.974
pedestrian -1 -1 1.02 480.01 145.79 501.37 204.36 1.75 0.62 1.83 -3.60 0.85 22.00 0.86 0.972
pedestrian -1 -1 -2.39 280.05 133.51 314.53 246.63 1.76 0.66 0.49 -6.30 1.15 14.40 -2.80 0.934
pedestrian -1 -1 1.45 423.05 142.73 447.80 203.88 1.87 0.84 1.11 -6.30 0.84 25.90 1.21 0.472
pedestrian -1 -1 0.40 256.81 133.75 285.03 226.81 1.76 0.66 0.49 -10.00 0.84 21.30 -0.03 0.099
cyclist -1 -1 0.72 489.20 149.94 518.77 204.57 1.76 0.66 0.49 -2.30 1.15 16.40 0.58 0.530
cyclist -1 -1 1.16 409.03 146.43 452.75 200.88 1.87 0.84 1.11 -4.90 0.84 19.50 0.91 0.456
cyclist -1 -1 1.37 438.52 142.45 468.69 197.01 1.76 0.66 0.49 -4.10 0.84 18.80 1.15 0.261
cyclist -1 -1 0.08 339.20 144.81 385.10 193.43 1.87 0.84 1.11 -7.70 0.84 22.10 -0.26 0.093
cyclist -1 -1 1.26 641.47 142.30 674.52 201.73 1.87 0.84 1.11 1.50 0.84 18.50 1.34 0.086
