car -1 -1 -1.90 639.12 175.05 668.42 198.94 1.54 1.62 3.91 2.70 1.72 45.50 -1.84 0.999
car -1 -1 2.00 22.06 184.58 330.85 349.99 1.46 1.49 2.95 -4.80 1.72 8.60 1.49 0.999
car -1 -1 -1.94 786.87 161.90 1239.14 374.00 1.54 1.62 3.91 3.70 1.72 6.90 -1.45 0.998
car -1 -1 1.63 418.25 183.22 497.14 226.37 1.46 1.49 2.95 -6.40 2.06 30.60 1.43 0.994
car -1 -1 1.87 510.23 176.31 546.15 202.93 1.46 1.49 2.95 -4.60 1.72 40.40 1.76 0.983
car -1 -1 -1.41 1024.71 199.30 1233.28 365.24 1.46 1.49 2.95 6.80 2.06 8.40 -0.73 0.096
car -1 -1 -0.07 811.13 184.47 1015.17 272.06 1.54 1.62 3.91 5.50 1.72 13.70 0.31 0.075
pedestrian -1 -1 1.87 466.91 169.29 484.13 242.95 1.76 0.66 0.49 -3.70 1.77 20.40 1.69 0.056
cyclist -1 -1 1.79 456.52 171.80 492.34 251.16 1.75 0.62 1.83 -3.60 1.56 19.20 1.60 0.999
cyclist -1 -1 1.38 491.75 169.73 515.62 242.25 1.76 0.66 0.49 -3.00 1.77 19.90 1.23 0.996
cyclist -1 -1 1.77 526.01 174.29 541.31 206.42 1.76 0.66 0.49 -3.90 1.77 37.00 1.67 0.077
