car -1 -1 -1.65 664.18 177.36 760.04 248.23 1.54 1.62 3.91 2.30 1.72 16.90 -1.52 1.000
car -1 -1 -1.54 636.36 175.00 683.08 211.28 1.54 1.62 3.91 2.30 1.72 33.30 -1.47 0.989
car -1 -1 -2.36 156.19 187.83 406.14 263.32 1.54 1.62 3.91 -6.30 1.72 13.70 -2.80 0.968
car -1 -1 -2.32 396.37 179.11 496.21 219.36 1.54 1.62 3.91 -6.10 1.72 26.90 -2.54 0.966
car -1 -1 -0.52 272.89 182.20 429.33 241.05 1.54 1.62 3.91 -6.70 1.72 19.30 -0.86 0.842
car -1 -1 -1.09 472.06 175.59 547.70 202.35 1.54 1.62 3.91 -4.90 1.72 37.90 -1.22 0.567
car -1 -1 -2.08 449.03 179.57 516.86 204.22 1.54 1.62 3.91 -7.50 2.06 43.10 -2.25 0.237
car -1 -1 -1.54 628.24 175.10 658.87 200.96 1.54 1.62 3.91 1.90 1.72 43.70 -1.49 0.161
car -1 -1 -2.00 29.82 184.62 360.39 306.33 1.54 1.62 3.91 -5.10 1.72 9.10 -2.51 0.145
pedestrian -1 -1 0.78 0.00 194.85 105.13 374.00 1.41 0.50 1.32 -5.00 1.56 6.00 0.09 0.911
pedestrian -1 -1 -1.90 795.87 172.24 807.96 211.06 1.76 0.66 0.49 9.30 1.77 35.00 -1.64 0.082
