car -1 -1 0.91 366.23 185.22 441.55 239.98 1.46 1.49 2.95 -6.60 2.06 22.80 0.62 0.999
car -1 -1 1.20 740.42 176.69 946.68 320.26 1.54 1.62 3.91 3.10 1.72 10.10 1.49 0.999
car -1 -1 -1.62 646.25 176.16 741.71 238.75 1.54 1.62 3.91 1.90 1.72 17.70 -1.51 0.980
car -1 -1 -1.76 559.89 178.56 599.29 209.69 1.46 1.49 2.95 -1.60 1.72 36.40 -1.80 0.969
car -1 -1 -1.19 612.53 181.50 715.77 222.21 1.54 1.62 3.91 2.10 2.06 30.70 -1.12 0.788
car -1 -1 -1.27 835.15 148.68 1241.00 369.44 1.54 1.62 3.91 3.30 1.39 6.90 -0.82 0.788
car -1 -1 -1.59 539.04 180.16 565.03 201.92 1.46 1.49 2.95 -4.00 2.06 51.00 -1.66 0.440
car -1 -1 0.40 412.46 180.76 465.13 218.78 1.46 1.49 2.95 -6.20 1.72 26.00 0.17 0.074
pedestrian -1 -1 1.80 444.62 177.97 462.49 232.51 1.76 0.66 0.49 -5.50 2.08 25.80 1.59 0.970
cyclist -1 -1 1.13 472.13 174.97 490.57 225.83 1.76 0.66 0.49 -5.00 2.08 27.70 0.95 0.994
cyclist -1 -1 1.26 444.40 176.88 465.95 233.65 1.77 0.62 0.88 -6.10 2.08 28.80 1.05 0.702
