car -1 -1 -1.84 705.51 188.42 819.07 268.34 1.54 1.62 3.91 3.30 2.06 16.50 -1.64 0.999
car -1 -1 -1.37 772.49 187.91 888.84 236.05 1.46 1.49 2.95 7.40 2.06 25.00 -1.08 0.998
car -1 -1 0.91 0.00 178.92 259.33 357.32 1.54 1.62 3.91 -6.70 1.72 9.10 0.27 0.996
car -1 -1 -1.78 328.65 174.23 445.14 239.61 1.54 1.62 3.91 -5.70 1.72 18.70 -2.08 0.993
car -1 -1 -1.38 208.43 175.35 422.04 257.08 1.54 1.62 3.91 -5.70 1.72 14.90 -1.75 0.987
car -1 -1 -1.52 434.09 177.49 540.50 207.98 1.54 1.62 3.91 -6.30 1.72 35.50 -1.70 0.906
car -1 -1 1.96 699.19 177.10 810.05 220.40 1.54 1.62 3.91 5.30 1.72 27.10 2.16 0.901
car -1 -1 -0.95 392.65 175.95 497.49 219.78 1.54 1.62 3.91 -5.90 1.72 26.50 -1.17 0.774
car -1 -1 -1.36 81.39 182.89 397.78 285.37 1.46 1.49 2.95 -5.20 1.39 9.80 -1.85 0.279
pedestrian -1 -1 -0.90 1119.32 157.50 1150.77 235.14 1.76 0.66 0.49 13.30 1.77 18.40 -0.27 0.370
