car -1 -1 1.46 560.15 167.97 591.99 196.44 2.48 1.81 4.73 -1.60 1.39 49.90 1.43 0.750
car -1 -1 -1.51 19.83 51.38 382.08 368.44 2.48 1.81 4.73 -3.40 1.39 6.90 -1.97 0.076
car -1 -1 -0.28 7.93 254.15 322.81 370.35 1.46 1.49 2.95 -3.60 2.06 5.80 -0.83 0.072
pedestrian -1 -1 0.83 660.70 158.16 685.74 230.45 1.76 0.66 0.49 2.00 1.46 20.10 0.93 1.000
pedestrian -1 -1 1.47 692.42 166.34 711.07 225.88 1.68 0.41 1.64 3.30 1.56 23.70 1.60 0.999
pedestrian -1 -1 1.80 432.78 164.92 475.95 299.54 1.68 0.41 1.64 -2.50 1.56 11.70 1.59 0.999
pedestrian -1 -1 -0.62 609.50 159.80 635.82 236.14 1.87 0.84 1.11 0.70 1.77 23.70 -0.59 0.998
pedestrian -1 -1 1.75 474.62 159.71 512.67 285.77 1.75 0.62 1.83 -2.40 1.21 15.80 1.60 0.998
pedestrian -1 -1 -0.37 1117.17 91.14 1233.71 345.44 1.76 0.66 0.49 2.50 1.46 3.00 0.32 0.988
pedestrian -1 -1 -1.49 727.16 154.50 744.76 214.68 1.76 0.66 0.49 4.10 1.15 21.80 -1.31 0.767
pedestrian -1 -1 -0.08 379.68 188.45 414.70 303.73 1.76 0.66 0.49 -2.70 1.77 9.60 -0.36 0.383
pedestrian -1 -1 2.40 0.00 239.27 63.43 373.00 1.41 0.50 1.32 -7.80 2.27 9.40 1.71 0.328
pedestrian -1 -1 -0.88 1083.49 153.04 1103.96 221.00 1.76 0.66 0.49 19.10 1.15 27.80 -0.28 0.312
pedestrian -1 -1 0.07 396.15 171.62 446.61 293.18 1.75 0.62 1.83 -2.60 1.56 10.80 -0.17 0.255
pedestrian -1 -1 -0.42 275.10 206.34 346.73 373.00 1.41 0.50 1.32 -3.60 2.27 9.00 -0.80 0.148
pedestrian -1 -1 0.55 645.84 161.51 653.77 212.87 1.76 0.66 0.49 2.10 1.15 30.60 0.62 0.112
cyclist -1 -1 -0.61 711.13 156.32 761.46 265.37 1.87 0.84 1.11 2.10 1.46 12.10 -0.43 0.292
