car -1 -1 2.06 0.00 207.87 284.95 355.29 1.46 1.49 2.95 -5.00 1.72 8.20 1.52 0.999
car -1 -1 1.80 439.05 186.04 494.34 224.77 1.46 1.49 2.95 -5.80 2.06 29.60 1.61 0.999
car -1 -1 1.82 244.93 194.94 395.94 276.16 1.46 1.49 2.95 -6.00 2.06 15.00 1.44 0.998
car -1 -1 -1.46 681.78 175.69 752.10 228.26 1.54 1.62 3.91 3.30 1.72 22.90 -1.31 0.997
car -1 -1 1.68 481.04 185.14 525.61 215.45 1.54 1.62 3.91 -5.30 2.06 36.10 1.54 0.996
car -1 -1 -1.10 661.50 176.76 712.39 212.23 1.54 1.62 3.91 3.10 1.72 29.90 -1.00 0.995
car -1 -1 1.79 371.87 190.77 465.85 245.72 1.46 1.49 2.95 -5.60 2.06 21.60 1.54 0.995
car -1 -1 -1.51 696.16 175.54 809.83 244.24 1.46 1.49 2.95 3.80 1.72 19.60 -1.32 0.976
car -1 -1 2.50 987.83 134.03 1196.51 228.06 2.48 1.81 4.73 13.90 1.39 21.00 3.09 0.909
car -1 -1 -0.54 641.61 176.28 681.28 203.82 1.46 1.49 2.95 2.20 1.39 31.80 -0.47 0.808
car -1 -1 1.69 517.64 179.70 543.74 202.03 1.46 1.49 2.95 -5.80 2.06 53.00 1.58 0.465
car -1 -1 2.77 842.75 153.82 1024.48 220.52 2.48 1.81 4.73 11.30 1.72 25.40 3.19 0.168
car -1 -1 2.57 914.25 147.38 1103.76 219.08 2.48 1.81 4.73 14.50 1.72 26.20 3.08 0.081
car -1 -1 2.13 1112.13 138.51 1239.00 237.78 2.48 1.81 4.73 17.80 1.72 20.90 2.84 0.073
