car -1 -1 -1.65 662.81 174.82 734.20 228.49 1.54 1.62 3.91 3.10 1.72 24.70 -1.53 0.997
car -1 -1 0.73 230.14 173.22 422.71 251.45 1.46 1.49 2.95 -5.20 1.39 13.60 0.37 0.995
car -1 -1 -2.01 458.58 168.50 543.95 197.59 1.54 1.62 3.91 -5.50 1.39 37.90 -2.15 0.982
car -1 -1 0.35 342.10 166.21 506.38 218.16 1.54 1.62 3.91 -4.50 1.39 19.50 0.12 0.772
car -1 -1 -1.03 726.86 171.26 809.75 214.52 1.46 1.49 2.95 5.40 1.39 24.20 -0.82 0.755
car -1 -1 0.51 782.23 130.74 1223.17 373.75 1.46 1.49 2.95 2.60 1.39 5.00 0.99 0.707
car -1 -1 -0.46 757.45 155.78 1016.06 266.72 1.54 1.62 3.91 4.50 1.39 11.90 -0.09 0.696
car -1 -1 -1.82 49.35 179.21 297.10 312.39 1.54 1.62 3.91 -6.70 1.72 11.70 -2.34 0.386
car -1 -1 -0.64 749.71 169.75 873.48 262.61 1.46 1.49 2.95 3.20 1.39 12.20 -0.39 0.323
car -1 -1 1.60 335.84 167.03 427.25 244.82 2.48 1.81 4.73 -6.80 2.06 22.30 1.30 0.068
pedestrian -1 -1 -0.81 788.50 165.57 808.84 246.98 1.76 0.66 0.49 5.30 1.77 20.40 -0.56 0.691
pedestrian -1 -1 -0.50 749.03 175.65 778.97 244.36 1.41 0.50 1.32 3.40 1.56 15.80 -0.28 0.064
