car -1 -1 -1.67 661.68 170.20 755.73 240.14 1.54 1.62 3.91 2.10 1.39 16.70 -1.54 1.000
car -1 -1 -1.37 513.44 170.68 562.03 209.38 1.46 1.49 2.95 -2.80 1.39 27.20 -1.48 0.997
car -1 -1 -1.48 629.80 171.76 676.47 209.47 1.54 1.62 3.91 1.70 1.39 28.70 -1.42 0.990
car -1 -1 1.67 206.32 177.84 420.29 302.99 1.54 1.62 3.91 -4.10 1.72 10.70 1.30 0.961
car -1 -1 0.78 299.02 182.43 368.21 217.33 1.54 1.62 3.91 -12.90 2.06 34.10 0.42 0.303
car -1 -1 -1.58 532.39 173.87 570.74 199.10 1.54 1.62 3.91 -3.50 1.72 44.70 -1.65 0.104
car -1 -1 1.15 219.11 184.02 390.75 244.49 1.54 1.62 3.91 -9.70 2.06 22.50 0.75 0.068
pedestrian -1 -1 -1.38 182.73 159.37 221.55 276.87 1.76 0.66 0.49 -8.10 1.77 14.20 -1.90 0.953
pedestrian -1 -1 1.07 255.98 167.43 293.63 243.18 1.76 0.66 0.49 -7.40 1.46 15.70 0.63 0.918
pedestrian -1 -1 -1.12 198.42 161.65 268.11 277.12 1.75 0.62 1.83 -6.00 1.56 11.60 -1.59 0.059
