car -1 -1 -1.35 435.82 173.31 531.09 251.83 1.54 1.62 3.91 -3.10 1.72 17.70 -1.52 1.000
car -1 -1 1.74 265.18 186.97 345.29 227.32 1.46 1.49 2.95 -11.40 2.06 27.40 1.34 0.999
car -1 -1 -1.76 584.46 173.87 611.70 198.91 1.54 1.62 3.91 -0.70 1.72 45.50 -1.77 0.997
car -1 -1 2.07 0.00 200.04 105.34 311.00 1.46 1.49 2.95 -9.40 2.06 11.40 1.38 0.866
pedestrian -1 -1 2.42 652.76 167.25 666.01 214.46 1.77 0.62 0.88 2.00 1.77 29.70 2.49 0.999
pedestrian -1 -1 -0.59 158.09 177.09 184.83 222.15 1.76 0.66 0.49 -18.10 2.08 29.80 -1.14 0.986
pedestrian -1 -1 1.76 679.53 158.99 699.86 213.26 1.76 0.66 0.49 2.50 1.46 23.20 1.87 0.973
pedestrian -1 -1 2.16 663.19 167.59 677.83 215.68 1.76 0.66 0.49 2.80 1.77 33.30 2.25 0.865
cyclist -1 -1 1.03 662.95 160.49 711.17 212.13 1.77 0.62 0.88 2.10 1.46 19.00 1.14 0.995
cyclist -1 -1 -1.28 504.29 181.70 535.82 227.85 1.41 0.50 1.32 -3.20 1.91 27.20 -1.40 0.138
