car -1 -1 -0.51 853.66 197.42 1216.35 371.49 1.54 1.62 3.91 4.10 1.72 7.50 -0.01 0.089
car -1 -1 -0.46 880.07 204.13 1013.25 285.32 1.46 1.49 2.95 7.40 2.06 15.80 -0.02 0.076
car -1 -1 0.94 832.87 199.54 925.08 238.75 1.46 1.49 2.95 9.60 2.06 25.00 1.31 0.066
pedestrian -1 -1 -1.73 15.01 149.68 113.32 352.66 1.76 0.66 0.49 -5.30 1.46 7.00 -2.38 1.000
pedestrian -1 -1 0.98 392.87 175.27 426.05 280.97 1.76 0.66 0.49 -3.50 1.77 13.40 0.72 1.000
pedestrian -1 -1 2.06 479.89 183.95 520.87 283.01 1.87 0.84 1.11 -1.90 1.77 13.10 1.92 0.999
pedestrian -1 -1 1.11 574.15 170.88 588.28 220.63 1.68 0.41 1.64 -0.70 1.56 25.70 1.09 0.990
pedestrian -1 -1 0.47 632.29 170.27 646.61 208.05 1.75 0.62 1.83 2.00 1.56 36.00 0.52 0.978
pedestrian -1 -1 1.59 505.84 173.14 530.70 269.59 1.76 0.66 0.49 -1.90 1.46 17.20 1.48 0.898
pedestrian -1 -1 0.20 857.34 161.99 882.43 252.52 1.76 0.66 0.49 7.50 1.46 20.00 0.56 0.754
pedestrian -1 -1 -0.47 592.87 168.66 606.90 228.20 1.68 0.41 1.64 -0.10 1.56 22.90 -0.48 0.487
cyclist -1 -1 0.31 674.33 161.78 721.31 230.21 1.87 0.84 1.11 2.90 1.77 22.50 0.44 0.705
cyclist -1 -1 0.95 378.21 182.58 438.12 264.93 1.68 0.41 1.64 -4.70 1.56 17.30 0.69 0.623
cyclist -1 -1 -0.71 848.25 165.09 891.93 249.50 1.77 0.62 0.88 6.90 1.46 19.00 -0.36 0.127
