car -1 -1 -1.53 344.88 184.15 461.56 244.75 1.46 1.49 2.95 -5.60 1.72 19.60 -1.81 0.180
car -1 -1 -1.27 0.00 117.52 310.17 358.98 2.48 1.81 4.73 -5.60 1.72 9.10 -1.82 0.106
pedestrian -1 -1 0.27 823.71 175.86 934.29 369.00 1.76 0.66 0.49 2.10 1.46 5.60 0.63 1.000
pedestrian -1 -1 1.14 570.89 140.41 612.06 254.22 1.75 0.62 1.83 -0.20 1.21 12.00 1.13 1.000
pedestrian -1 -1 1.36 614.67 139.60 661.36 249.62 1.75 0.62 1.83 0.40 1.21 11.80 1.39 1.000
pedestrian -1 -1 1.39 541.41 135.80 584.43 260.56 1.75 0.62 1.83 -0.80 1.21 12.60 1.32 0.999
pedestrian -1 -1 0.70 901.85 162.20 1000.70 369.00 1.76 0.66 0.49 3.30 1.77 6.60 1.16 0.999
pedestrian -1 -1 1.25 515.76 142.32 538.43 209.83 1.76 0.66 0.49 -2.10 0.84 19.40 1.14 0.999
pedestrian -1 -1 1.27 477.33 144.00 503.23 207.54 1.77 0.62 0.88 -3.00 0.84 18.50 1.11 0.998
pedestrian -1 -1 1.42 451.02 139.33 470.52 210.73 1.76 0.66 0.49 -3.70 0.84 18.40 1.22 0.993
pedestrian -1 -1 1.20 401.42 144.27 419.85 203.13 1.76 0.66 0.49 -5.30 0.84 19.40 0.93 0.982
pedestrian -1 -1 1.18 607.09 143.02 625.35 216.39 1.75 0.62 1.83 0.40 1.21 25.40 1.20 0.936
pedestrian -1 -1 1.21 473.40 148.51 486.06 208.42 1.76 0.66 0.49 -4.90 1.15 27.60 1.03 0.897
pedestrian -1 -1 -2.21 273.97 134.01 309.96 255.97 1.76 0.66 0.49 -6.50 0.84 14.60 -2.63 0.858
pedestrian -1 -1 0.51 500.33 140.82 524.48 204.47 1.77 0.62 0.88 -2.60 0.84 19.10 0.38 0.761
pedestrian -1 -1 -0.98 653.76 141.39 670.45 204.82 1.76 0.66 0.49 1.90 0.84 22.80 -0.89 0.569
pedestrian -1 -1 -0.14 234.26 123.45 284.46 290.02 1.76 0.66 0.49 -4.50 1.46 9.20 -0.59 0.183
pedestrian -1 -1 1.08 418.52 142.75 446.17 201.63 1.87 0.84 1.11 -6.70 1.15 27.30 0.84 0.138
pedestrian -1 -1 -0.53 959.07 179.04 1009.42 317.01 1.76 0.66 0.49 6.90 2.08 12.80 -0.04 0.063
pedestrian -1 -1 -1.59 356.30 147.74 373.34 196.66 1.76 0.66 0.49 -7.70 0.84 22.60 -1.92 0.059
cyclist -1 -1 -1.56 345.78 154.92 380.82 193.89 1.87 0.84 1.11 -11.30 0.84 34.10 -1.88 0.970
cyclist -1 -1 0.81 392.19 146.92 427.88 202.98 1.87 0.84 1.11 -5.50 0.84 20.30 0.55 0.478
cyclist -1 -1 0.91 441.45 140.99 480.02 222.53 1.76 0.66 0.49 -3.10 1.15 14.80 0.71 0.427
cyclist -1 -1 0.76 420.50 146.45 456.16 196.76 1.76 0.66 0.49 -4.00 0.84 17.30 0.53 0.227
cyclist -1 -1 -1.99 244.84 137.70 329.78 260.19 1.87 0.84 1.11 -5.50 1.46 12.30 -2.41 0.138
