car -1 -1 -1.76 665.17 182.76 726.81 231.03 1.46 1.49 2.95 2.40 1.72 21.80 -1.65 0.999
car -1 -1 -1.91 716.62 186.94 864.40 285.85 1.46 1.49 2.95 2.60 1.72 11.60 -1.69 0.999
car -1 -1 0.47 12.88 166.22 322.17 342.06 1.54 1.62 3.91 -5.30 1.39 7.90 -0.12 0.994
car -1 -1 -1.66 645.12 179.66 689.42 215.25 1.54 1.62 3.91 2.70 2.06 33.90 -1.58 0.994
car -1 -1 -2.94 390.87 172.76 507.73 224.19 1.46 1.49 2.95 -4.60 1.39 20.40 -3.16 0.993
car -1 -1 -0.74 778.71 206.55 1112.02 372.34 1.54 1.62 3.91 3.10 1.72 8.10 -0.37 0.989
car -1 -1 -1.57 279.51 173.39 421.94 256.25 1.54 1.62 3.91 -5.30 1.72 15.70 -1.90 0.979
car -1 -1 -0.54 150.81 168.88 385.89 280.32 1.46 1.49 2.95 -4.80 1.39 10.40 -0.97 0.977
car -1 -1 -2.01 474.31 181.36 526.19 214.61 1.54 1.62 3.91 -4.70 2.06 31.90 -2.16 0.666
car -1 -1 -1.64 323.65 179.73 470.71 232.87 1.46 1.49 2.95 -5.80 1.72 19.00 -1.94 0.147
car -1 -1 0.55 181.42 165.40 329.46 224.95 1.54 1.62 3.91 -9.90 1.39 20.70 0.11 0.074
car -1 -1 0.78 903.18 215.23 1085.76 326.23 1.46 1.49 2.95 5.80 2.06 11.40 1.25 0.069
car -1 -1 -2.20 506.95 173.88 562.37 198.27 1.54 1.62 3.91 -5.10 1.72 50.30 -2.30 0.057
car -1 -1 1.44 38.58 163.56 257.92 237.31 1.54 1.62 3.91 -10.50 1.39 16.50 0.88 0.050
