car -1 -1 -1.75 731.92 178.35 928.49 304.04 1.54 1.62 3.91 3.10 1.72 11.10 -1.47 1.000
car -1 -1 1.74 354.54 175.31 454.43 241.86 1.46 1.49 2.95 -5.20 1.72 18.60 1.46 0.999
car -1 -1 1.88 167.79 198.84 367.89 292.17 1.46 1.49 2.95 -6.00 2.06 13.20 1.45 0.998
car -1 -1 1.61 418.96 178.54 486.23 226.64 1.54 1.62 3.91 -5.50 1.72 25.70 1.40 0.996
car -1 -1 2.19 0.00 209.51 193.57 374.00 1.46 1.49 2.95 -7.20 2.06 9.60 1.54 0.961
car -1 -1 2.16 693.65 166.84 760.37 191.14 1.54 1.62 3.91 8.30 1.39 50.30 2.32 0.868
car -1 -1 1.70 550.82 178.23 579.49 201.24 1.46 1.49 2.95 -2.80 1.72 45.00 1.64 0.651
car -1 -1 0.36 473.43 181.51 518.19 208.54 1.46 1.49 2.95 -6.80 2.06 42.40 0.20 0.290
car -1 -1 1.10 517.16 179.63 548.21 202.11 1.46 1.49 2.95 -4.40 1.72 41.80 1.00 0.068
pedestrian -1 -1 0.15 834.64 160.74 847.14 214.15 1.76 0.66 0.49 10.50 1.46 32.80 0.46 0.141
pedestrian -1 -1 -1.52 666.83 165.30 686.82 201.04 1.77 0.62 0.88 3.70 1.77 39.80 -1.43 0.060
