car -1 -1 -0.97 2.62 107.24 294.58 362.59 2.48 1.81 4.73 -6.00 1.72 8.90 -1.56 0.497
car -1 -1 -0.67 183.70 199.70 349.49 289.14 1.46 1.49 2.95 -5.80 1.72 12.20 -1.12 0.187
car -1 -1 -2.09 357.38 186.67 480.50 246.73 1.46 1.49 2.95 -5.00 1.72 19.60 -2.34 0.053
pedestrian -1 -1 1.00 628.51 132.89 669.63 246.46 1.76 0.66 0.49 0.70 1.15 11.60 1.06 1.000
pedestrian -1 -1 1.30 595.66 139.30 632.68 250.74 1.76 0.66 0.49 0.10 1.15 10.00 1.31 1.000
pedestrian -1 -1 1.35 495.39 138.92 528.62 224.43 1.76 0.66 0.49 -1.90 0.84 14.40 1.22 1.000
pedestrian -1 -1 0.76 546.89 141.13 572.13 228.54 1.76 0.66 0.49 -0.90 0.84 15.40 0.70 1.000
pedestrian -1 -1 -0.23 694.16 145.63 711.22 197.54 1.76 0.66 0.49 2.90 0.84 21.60 -0.09 1.000
pedestrian -1 -1 0.78 979.63 137.16 1155.49 369.00 1.77 0.62 0.88 3.30 1.46 5.40 1.33 0.999
pedestrian -1 -1 1.17 443.61 145.37 469.56 215.62 1.76 0.66 0.49 -3.50 0.84 16.60 0.96 0.999
pedestrian -1 -1 0.76 922.29 127.94 1040.72 369.00 1.77 0.62 0.88 3.50 1.77 6.80 1.24 0.999
pedestrian -1 -1 0.82 528.75 143.48 556.02 223.48 1.76 0.66 0.49 -1.30 0.84 14.40 0.73 0.998
pedestrian -1 -1 1.70 572.57 141.89 594.72 228.04 1.68 0.41 1.64 -0.50 1.21 14.90 1.67 0.996
pedestrian -1 -1 1.50 480.15 145.29 508.44 223.74 1.76 0.66 0.49 -2.10 0.84 13.40 1.35 0.986
pedestrian -1 -1 1.87 273.61 137.26 308.51 236.27 1.76 0.66 0.49 -7.30 1.15 16.40 1.45 0.527
pedestrian -1 -1 0.96 463.79 145.65 479.77 215.43 1.76 0.66 0.49 -3.70 0.84 19.80 0.78 0.260
pedestrian -1 -1 1.88 253.92 138.26 282.63 220.24 1.87 0.84 1.11 -12.30 0.84 25.90 1.44 0.136
cyclist -1 -1 0.72 425.98 144.20 486.56 264.56 1.76 0.66 0.49 -1.70 1.15 7.80 0.51 0.097
cyclist -1 -1 1.44 408.15 146.44 432.76 202.18 1.76 0.66 0.49 -4.50 0.84 17.00 1.18 0.069
cyclist -1 -1 0.82 338.50 151.42 381.32 199.10 1.87 0.84 1.11 -8.10 1.15 23.30 0.49 0.061
