car -1 -1 -1.60 642.48 180.95 678.05 208.13 1.54 1.62 3.91 2.90 2.06 41.30 -1.53 0.998
car -1 -1 1.65 294.16 196.55 432.32 272.03 1.54 1.62 3.91 -5.70 2.06 16.70 1.32 0.998
car -1 -1 1.63 480.16 186.80 525.59 220.23 1.46 1.49 2.95 -4.80 2.06 33.20 1.48 0.898
car -1 -1 -1.71 658.20 178.14 686.72 200.99 1.46 1.49 2.95 3.80 1.72 44.60 -1.62 0.167
pedestrian -1 -1 -0.85 721.33 162.23 738.85 220.94 1.77 0.62 0.88 4.40 1.77 26.30 -0.68 0.973
pedestrian -1 -1 -0.04 59.37 184.09 179.15 358.69 1.41 0.50 1.32 -5.80 1.56 8.60 -0.63 0.349
pedestrian -1 -1 0.86 470.06 176.53 485.38 244.36 1.76 0.66 0.49 -5.10 1.77 27.60 0.67 0.231
cyclist -1 -1 0.18 463.01 176.21 491.40 249.78 1.87 0.84 1.11 -3.90 2.08 20.30 -0.01 0.999
cyclist -1 -1 0.85 29.43 188.50 229.74 372.28 1.87 0.84 1.11 -5.30 2.08 7.50 0.24 0.990
cyclist -1 -1 2.37 159.77 189.68 305.24 365.51 1.76 0.66 0.49 -2.70 1.46 5.20 1.89 0.926
