pedestrian -1 -1 -1.69 932.43 167.65 1007.25 314.77 1.76 0.66 0.49 4.40 1.77 8.70 -1.22 1.000
pedestrian -1 -1 1.25 0.62 185.02 60.94 350.15 1.76 0.66 0.49 -6.30 2.08 7.60 0.55 0.986
pedestrian -1 -1 -0.41 521.46 185.38 535.68 232.35 1.76 0.66 0.49 -2.30 1.77 22.60 -0.51 0.938
pedestrian -1 -1 0.76 686.89 185.21 702.16 226.84 1.41 0.50 1.32 4.20 1.91 31.60 0.89 0.936
pedestrian -1 -1 -1.32 39.14 192.49 113.41 349.41 1.76 0.66 0.49 -7.40 2.08 10.10 -1.95 0.913
pedestrian -1 -1 0.81 412.13 181.41 445.93 310.85 1.76 0.66 0.49 -2.30 1.77 9.40 0.57 0.630
pedestrian -1 -1 0.94 326.73 156.29 355.88 248.78 1.77 0.62 0.88 -8.70 1.46 24.00 0.60 0.317
pedestrian -1 -1 0.45 1102.36 192.13 1147.98 275.26 1.41 0.50 1.32 13.20 1.91 18.00 1.08 0.166
cyclist -1 -1 0.06 514.05 187.01 543.16 232.80 1.87 0.84 1.11 -2.70 2.08 25.50 -0.05 0.951
cyclist -1 -1 2.26 570.52 183.86 600.91 227.41 1.41 0.50 1.32 -0.60 1.56 27.00 2.24 0.058
