car -1 -1 -0.47 6.56 108.70 282.79 366.72 2.48 1.81 4.73 -6.40 1.72 8.50 -1.11 0.591
car -1 -1 -0.59 508.88 181.51 594.14 220.19 1.54 1.62 3.91 -2.30 1.72 32.10 -0.66 0.097
car -1 -1 -1.16 232.59 156.79 349.18 209.30 2.48 1.81 4.73 -15.10 1.39 32.80 -1.59 0.070
pedestrian -1 -1 0.39 910.04 144.24 1020.52 338.03 1.77 0.62 0.88 3.40 1.46 6.70 0.86 1.000
pedestrian -1 -1 0.57 708.98 142.15 788.81 327.85 1.77 0.62 0.88 1.40 1.46 7.50 0.75 1.000
pedestrian -1 -1 0.88 505.18 149.48 571.47 324.34 1.77 0.62 0.88 -0.80 1.46 7.30 0.78 1.000
pedestrian -1 -1 0.49 1006.72 142.30 1104.26 341.20 1.76 0.66 0.49 4.20 1.46 6.50 1.07 1.000
pedestrian -1 -1 2.18 886.03 161.62 922.07 244.46 1.76 0.66 0.49 6.80 1.46 16.10 2.58 1.000
pedestrian -1 -1 0.98 803.98 140.56 873.54 328.84 1.77 0.62 0.88 2.60 1.46 8.30 1.29 1.000
pedestrian -1 -1 0.84 661.54 136.36 714.18 287.13 1.76 0.66 0.49 1.10 1.15 9.40 0.96 0.999
pedestrian -1 -1 1.09 563.85 150.98 604.70 306.31 1.76 0.66 0.49 -0.30 1.46 8.40 1.06 0.999
pedestrian -1 -1 1.25 589.21 140.16 640.25 302.91 1.76 0.66 0.49 0.10 1.15 8.40 1.26 0.997
pedestrian -1 -1 1.53 637.03 149.53 684.96 299.73 1.76 0.66 0.49 0.70 1.46 9.60 1.61 0.996
pedestrian -1 -1 -0.34 1125.79 179.33 1223.00 357.91 1.41 0.50 1.32 5.40 1.56 6.40 0.36 0.930
pedestrian -1 -1 1.26 254.05 130.32 293.05 267.00 1.76 0.66 0.49 -6.50 1.15 13.80 0.82 0.654
pedestrian -1 -1 0.52 300.78 143.42 327.66 216.10 1.76 0.66 0.49 -9.30 0.84 22.60 0.13 0.290
pedestrian -1 -1 1.75 495.43 133.27 521.08 239.12 1.76 0.66 0.49 -2.50 1.15 17.80 1.61 0.290
pedestrian -1 -1 1.47 844.43 140.93 945.75 324.03 1.68 0.41 1.64 2.50 1.21 6.50 1.83 0.061
cyclist -1 -1 -0.10 283.51 143.31 343.00 215.73 1.87 0.84 1.11 -8.10 0.84 19.10 -0.50 0.602
cyclist -1 -1 -1.72 346.39 154.74 378.22 195.72 1.87 0.84 1.11 -12.50 1.15 36.10 -2.05 0.262
