car -1 -1 1.59 538.09 176.08 603.88 232.30 1.54 1.62 3.91 -0.90 1.39 21.70 1.55 0.233
pedestrian -1 -1 0.44 664.44 173.49 682.03 217.65 1.75 0.62 1.83 3.40 1.56 34.60 0.54 1.000
pedestrian -1 -1 -0.67 807.33 163.52 880.64 316.26 1.76 0.66 0.49 2.90 1.77 8.60 -0.34 1.000
pedestrian -1 -1 -1.95 875.92 162.31 952.95 373.00 1.76 0.66 0.49 2.90 1.46 6.60 -1.53 0.999
pedestrian -1 -1 -1.98 760.21 160.44 832.99 335.47 1.76 0.66 0.49 2.30 1.77 8.60 -1.71 0.999
pedestrian -1 -1 -1.17 929.26 160.64 1067.45 373.00 1.77 0.62 0.88 3.10 1.46 5.60 -0.66 0.997
pedestrian -1 -1 -1.93 854.73 162.86 909.71 293.28 1.76 0.66 0.49 4.80 1.46 12.30 -1.56 0.985
pedestrian -1 -1 -1.20 705.74 166.30 791.12 314.97 1.77 0.62 0.88 2.00 1.77 9.30 -0.98 0.985
pedestrian -1 -1 -1.74 697.73 176.10 715.35 226.27 1.76 0.66 0.49 3.40 1.46 22.70 -1.60 0.954
pedestrian -1 -1 -1.82 536.24 157.96 578.90 257.57 1.87 0.84 1.11 -1.30 1.77 19.90 -1.88 0.951
pedestrian -1 -1 -0.64 807.08 167.44 824.31 230.99 1.76 0.66 0.49 7.70 1.46 25.60 -0.35 0.212
pedestrian -1 -1 -1.33 735.58 155.83 993.09 341.12 1.75 0.62 1.83 1.00 1.56 3.20 -1.02 0.095
pedestrian -1 -1 -1.65 966.14 150.75 1039.01 264.76 1.87 0.84 1.11 8.10 1.15 14.50 -1.14 0.089
cyclist -1 -1 -1.49 521.04 164.07 594.92 268.02 1.75 0.62 1.83 -0.80 1.91 16.80 -1.54 0.154
