car -1 -1 -1.11 424.14 162.00 501.68 230.95 2.48 1.81 4.73 -5.20 1.72 28.30 -1.29 0.993
car -1 -1 1.50 531.39 166.27 562.90 203.03 2.48 1.81 4.73 -3.80 1.72 54.50 1.43 0.928
pedestrian -1 -1 -0.30 655.52 173.09 679.67 244.14 1.75 0.62 1.83 2.00 1.56 21.60 -0.21 1.000
pedestrian -1 -1 -1.93 362.74 166.15 406.44 273.71 1.76 0.66 0.49 -3.80 1.77 12.90 -2.22 1.000
pedestrian -1 -1 1.66 436.08 174.92 461.81 249.36 1.77 0.62 0.88 -4.20 1.77 20.30 1.45 1.000
pedestrian -1 -1 -2.28 835.07 164.06 889.55 326.97 1.76 0.66 0.49 2.50 1.46 7.20 -1.95 1.000
pedestrian -1 -1 -1.23 753.96 156.47 811.87 330.16 1.76 0.66 0.49 1.90 1.46 7.60 -0.98 1.000
pedestrian -1 -1 2.91 1080.94 142.64 1178.26 294.29 1.87 0.84 1.11 7.90 1.46 10.70 3.55 0.999
pedestrian -1 -1 2.19 405.19 168.81 424.90 254.21 1.76 0.66 0.49 -4.90 1.46 19.20 1.94 0.998
pedestrian -1 -1 1.32 995.42 148.89 1051.23 275.10 1.76 0.66 0.49 7.50 1.46 12.60 1.85 0.997
pedestrian -1 -1 -1.86 1164.49 134.55 1237.00 276.17 1.76 0.66 0.49 8.00 1.15 9.50 -1.16 0.951
pedestrian -1 -1 -0.86 15.96 164.45 78.98 341.41 1.76 0.66 0.49 -5.60 1.46 7.10 -1.53 0.925
pedestrian -1 -1 -1.04 5.20 159.24 35.04 312.91 1.76 0.66 0.49 -9.70 1.46 11.60 -1.73 0.788
pedestrian -1 -1 2.33 687.64 180.75 701.41 224.43 1.41 0.50 1.32 3.80 1.56 29.60 2.46 0.686
pedestrian -1 -1 2.32 710.60 180.07 723.04 220.64 1.68 0.41 1.64 5.30 1.56 32.10 2.49 0.611
pedestrian -1 -1 -1.59 830.81 183.24 874.52 251.25 1.41 0.50 1.32 8.20 1.91 23.80 -1.26 0.393
