car -1 -1 1.50 519.39 166.89 562.59 208.08 2.48 1.81 4.73 -3.60 1.39 43.90 1.42 0.931
car -1 -1 -0.16 704.22 185.25 783.86 249.79 1.46 1.49 2.95 3.80 1.72 19.80 0.03 0.136
pedestrian -1 -1 -1.44 772.44 155.73 797.97 243.66 1.76 0.66 0.49 4.30 1.15 16.60 -1.19 0.993
pedestrian -1 -1 -0.69 201.55 156.83 262.09 346.42 1.76 0.66 0.49 -4.70 1.46 9.00 -1.17 0.993
pedestrian -1 -1 -1.49 705.88 154.94 783.85 340.90 1.68 0.41 1.64 1.50 1.56 7.90 -1.30 0.979
pedestrian -1 -1 -1.10 833.15 152.52 868.41 276.07 1.76 0.66 0.49 4.90 1.15 14.20 -0.77 0.940
pedestrian -1 -1 2.59 290.99 153.39 343.54 347.20 1.76 0.66 0.49 -3.70 1.46 9.40 2.22 0.858
pedestrian -1 -1 2.48 231.42 144.91 316.89 358.52 1.41 0.50 1.32 -3.20 1.56 7.00 2.05 0.779
pedestrian -1 -1 1.29 804.54 157.07 825.21 216.48 1.68 0.41 1.64 9.30 1.21 31.50 1.58 0.709
pedestrian -1 -1 0.86 417.41 165.79 435.65 221.97 1.68 0.41 1.64 -6.30 1.21 25.90 0.63 0.639
pedestrian -1 -1 1.45 872.67 162.89 898.81 236.90 1.76 0.66 0.49 7.10 1.46 18.40 1.82 0.607
pedestrian -1 -1 -1.48 661.77 141.21 712.35 349.64 1.76 0.66 0.49 0.50 1.46 5.40 -1.39 0.499
pedestrian -1 -1 -2.29 735.90 162.74 761.42 245.69 1.76 0.66 0.49 3.70 1.15 18.20 -2.09 0.341
pedestrian -1 -1 -0.34 451.61 162.65 461.47 215.50 1.76 0.66 0.49 -5.70 1.46 28.40 -0.54 0.095
cyclist -1 -1 -0.37 798.54 128.41 891.07 337.38 1.76 0.66 0.49 2.30 1.46 6.60 -0.04 0.986
cyclist -1 -1 2.19 227.15 149.59 362.39 354.79 1.87 0.84 1.11 -2.70 1.77 6.70 1.81 0.974
cyclist -1 -1 -1.46 762.52 151.20 805.52 281.51 1.76 0.66 0.49 2.70 1.15 10.80 -1.22 0.665
cyclist -1 -1 1.10 981.27 216.95 1091.63 346.07 1.76 0.66 0.49 4.30 1.77 7.20 1.63 0.384
cyclist -1 -1 0.84 405.47 164.29 450.74 233.26 1.76 0.66 0.49 -4.40 1.46 18.50 0.61 0.216
