car -1 -1 0.92 650.59 171.89 691.80 206.10 1.54 1.62 3.91 3.10 1.72 37.10 1.00 0.998
car -1 -1 -2.04 730.54 184.35 1035.19 352.25 1.54 1.62 3.91 2.70 1.72 8.50 -1.73 0.997
car -1 -1 -0.51 390.62 167.14 519.35 213.68 1.54 1.62 3.91 -5.90 1.39 25.90 -0.74 0.995
car -1 -1 1.08 327.43 157.22 440.65 239.76 2.48 1.81 4.73 -7.20 2.06 23.70 0.79 0.952
car -1 -1 -1.89 679.56 168.67 755.82 242.62 2.48 1.81 4.73 3.60 2.06 25.50 -1.75 0.935
car -1 -1 -2.67 457.24 164.52 531.93 197.29 2.48 1.81 4.73 -7.90 1.72 49.20 -2.83 0.930
car -1 -1 -1.42 177.36 171.04 385.92 276.14 1.54 1.62 3.91 -4.90 1.39 11.30 -1.83 0.160
car -1 -1 0.72 374.81 190.52 442.94 232.50 1.46 1.49 2.95 -7.00 2.06 25.40 0.45 0.076
car -1 -1 0.04 295.81 176.22 360.74 213.63 1.46 1.49 2.95 -12.60 1.72 32.20 -0.34 0.051
pedestrian -1 -1 0.79 1184.55 150.25 1212.09 205.04 1.77 0.62 0.88 23.30 1.46 28.80 1.47 0.219
