car -1 -1 1.84 364.31 179.54 454.69 238.35 1.46 1.49 2.95 -5.40 1.72 19.20 1.57 1.000
car -1 -1 -2.05 815.67 171.68 1234.81 368.22 1.54 1.62 3.91 3.30 1.72 6.70 -1.59 0.999
car -1 -1 -1.56 705.02 172.65 826.90 254.34 1.54 1.62 3.91 3.50 1.72 16.50 -1.35 0.998
car -1 -1 1.70 422.63 175.36 482.33 225.10 1.46 1.49 2.95 -5.60 1.72 25.40 1.48 0.989
car -1 -1 -0.48 680.57 172.14 772.19 225.04 1.54 1.62 3.91 3.10 1.39 20.10 -0.32 0.963
car -1 -1 1.80 0.56 208.05 195.84 372.19 1.46 1.49 2.95 -6.00 2.06 7.60 1.13 0.677
car -1 -1 1.21 678.32 171.56 724.60 208.69 1.46 1.49 2.95 3.60 1.39 29.80 1.33 0.328
car -1 -1 2.07 365.46 179.59 415.54 212.13 1.46 1.49 2.95 -9.80 1.72 32.40 1.78 0.159
car -1 -1 0.19 110.97 186.47 255.58 227.12 1.54 1.62 3.91 -15.30 2.06 25.70 -0.35 0.066
car -1 -1 -1.80 1034.65 192.33 1241.00 354.58 1.46 1.49 2.95 7.00 1.72 8.80 -1.13 0.061
pedestrian -1 -1 -0.11 731.00 153.36 744.16 207.31 1.77 0.62 0.88 5.20 1.15 29.30 0.07 0.104
