car -1 -1 -1.68 741.52 162.29 996.52 332.49 2.48 1.81 4.73 4.00 2.06 11.70 -1.35 0.998
car -1 -1 -1.63 605.95 164.57 671.12 216.34 1.54 1.62 3.91 0.90 1.39 23.10 -1.59 0.997
car -1 -1 1.92 540.47 159.98 616.27 191.44 2.48 1.81 4.73 -2.10 1.39 53.00 1.88 0.994
car -1 -1 -1.47 718.59 157.16 798.00 189.11 2.48 1.81 4.73 9.50 1.39 46.60 -1.27 0.710
car -1 -1 -1.00 654.29 156.47 746.00 191.63 2.48 1.81 4.73 6.70 1.39 49.60 -0.87 0.387
car -1 -1 -1.09 857.69 163.29 957.10 238.85 2.48 1.81 4.73 10.80 2.06 27.10 -0.71 0.248
car -1 -1 -0.20 881.37 157.20 960.39 188.73 2.48 1.81 4.73 22.50 1.39 52.40 0.21 0.187
pedestrian -1 -1 2.54 123.78 150.78 221.51 374.00 1.76 0.66 0.49 -4.20 1.77 6.90 1.99 0.912
pedestrian -1 -1 -0.90 784.12 160.29 794.48 205.47 1.76 0.66 0.49 8.30 1.46 33.20 -0.65 0.152
cyclist -1 -1 1.85 68.00 148.26 267.99 374.00 1.41 0.50 1.32 -3.40 1.56 5.40 1.28 0.996
cyclist -1 -1 1.83 791.04 153.58 822.68 209.25 1.76 0.66 0.49 6.40 1.15 23.30 2.09 0.068
