car -1 -1 1.84 243.52 177.27 394.23 268.29 1.54 1.62 3.91 -6.30 1.72 15.90 1.46 0.999
car -1 -1 1.64 528.28 178.78 564.31 204.65 1.54 1.62 3.91 -3.30 1.72 38.90 1.55 0.999
car -1 -1 -0.51 444.00 181.82 493.09 214.04 1.54 1.62 3.91 -7.10 2.06 36.90 -0.70 0.999
car -1 -1 1.72 344.06 178.85 451.23 238.19 1.54 1.62 3.91 -5.70 1.72 20.50 1.45 0.998
car -1 -1 2.08 691.92 167.04 772.34 194.18 1.54 1.62 3.91 7.90 1.39 45.10 2.26 0.995
car -1 -1 1.61 1.92 216.01 195.05 373.93 1.46 1.49 2.95 -5.60 1.72 7.20 0.95 0.989
car -1 -1 -1.99 809.65 172.73 1240.94 374.00 1.54 1.62 3.91 4.10 1.72 6.90 -1.46 0.966
car -1 -1 1.40 497.88 181.77 530.63 204.74 1.54 1.62 3.91 -5.90 2.06 45.90 1.27 0.935
car -1 -1 -0.19 1011.66 152.75 1175.84 240.30 2.48 1.81 4.73 15.20 2.06 22.70 0.40 0.216
pedestrian -1 -1 -1.54 668.95 158.20 686.59 203.93 1.68 0.41 1.64 2.30 1.21 24.90 -1.45 0.154
