car -1 -1 0.76 403.80 177.78 483.97 247.95 2.48 1.81 4.73 -5.00 2.06 24.10 0.56 0.120
pedestrian -1 -1 -0.02 488.61 148.47 557.11 373.00 1.76 0.66 0.49 -0.70 1.46 6.40 -0.13 1.000
pedestrian -1 -1 -1.16 357.59 160.01 421.37 322.59 1.76 0.66 0.49 -2.30 1.46 8.00 -1.44 1.000
pedestrian -1 -1 -0.47 255.27 159.92 306.63 303.71 1.76 0.66 0.49 -4.70 1.77 10.60 -0.89 1.000
pedestrian -1 -1 -1.51 435.92 162.37 488.25 298.96 1.76 0.66 0.49 -2.10 1.46 11.00 -1.70 0.998
pedestrian -1 -1 -2.54 321.29 175.36 347.31 243.40 1.76 0.66 0.49 -6.30 1.46 16.80 -2.90 0.975
pedestrian -1 -1 -0.97 426.34 158.38 451.38 277.04 1.76 0.66 0.49 -3.30 1.46 14.20 -1.20 0.974
pedestrian -1 -1 1.30 537.35 170.82 556.27 217.27 1.75 0.62 1.83 -2.60 1.56 35.00 1.23 0.863
pedestrian -1 -1 -0.32 557.23 172.30 567.98 209.86 1.75 0.62 1.83 -2.00 1.56 37.20 -0.37 0.663
pedestrian -1 -1 0.91 287.56 169.93 304.84 231.23 1.76 0.66 0.49 -13.10 1.46 31.00 0.51 0.416
pedestrian -1 -1 -1.83 340.64 169.83 378.94 278.90 1.76 0.66 0.49 -5.30 1.77 15.40 -2.16 0.193
cyclist -1 -1 0.36 490.94 159.45 511.51 204.91 1.87 0.84 1.11 -5.50 0.84 40.10 0.22 0.257
cyclist -1 -1 -1.00 611.36 183.38 633.77 230.80 1.87 0.84 1.11 1.10 2.08 35.30 -0.97 0.070
