car -1 -1 -1.82 758.04 172.38 1099.04 367.32 1.54 1.62 3.91 2.70 1.72 7.30 -1.46 1.000
car -1 -1 2.05 8.34 204.35 289.75 345.82 1.46 1.49 2.95 -5.40 1.72 8.60 1.49 0.999
car -1 -1 1.83 294.75 174.71 421.74 255.86 1.54 1.62 3.91 -5.50 1.72 15.90 1.50 0.999
car -1 -1 1.75 536.78 177.79 570.69 201.47 1.54 1.62 3.91 -3.10 1.72 40.30 1.68 0.996
car -1 -1 1.70 376.63 177.93 468.45 235.16 1.54 1.62 3.91 -4.90 1.72 19.50 1.45 0.996
car -1 -1 0.20 461.57 181.73 503.95 209.97 1.46 1.49 2.95 -7.00 2.06 40.60 0.03 0.986
car -1 -1 1.69 507.55 179.86 536.16 202.51 1.46 1.49 2.95 -6.20 2.06 52.00 1.57 0.823
car -1 -1 0.43 697.67 165.15 767.83 191.61 2.48 1.81 4.73 8.90 1.72 50.80 0.61 0.531
car -1 -1 -1.19 827.65 180.74 1036.88 282.78 1.54 1.62 3.91 5.30 1.72 12.90 -0.80 0.062
pedestrian -1 -1 -1.50 663.48 164.17 691.12 200.85 1.68 0.41 1.64 3.70 1.56 41.70 -1.41 0.130
