car -1 -1 -1.96 843.78 173.12 1201.58 373.31 1.54 1.62 3.91 3.70 1.72 7.70 -1.51 1.000
car -1 -1 1.18 718.79 180.24 805.80 242.13 1.46 1.49 2.95 3.80 1.72 18.60 1.39 0.999
car -1 -1 1.68 554.07 172.03 594.78 207.15 1.46 1.49 2.95 -1.60 1.39 30.40 1.63 0.999
car -1 -1 1.33 758.77 183.38 889.53 275.72 1.46 1.49 2.95 3.60 1.72 13.40 1.59 0.998
car -1 -1 1.51 442.70 161.04 551.81 262.64 2.48 1.81 4.73 -2.80 2.06 19.10 1.36 0.998
car -1 -1 -1.74 693.70 179.51 741.45 213.34 1.46 1.49 2.95 4.80 1.72 31.60 -1.58 0.995
car -1 -1 -1.63 675.19 177.66 718.53 208.06 1.46 1.49 2.95 4.20 1.72 34.40 -1.51 0.966
car -1 -1 -1.70 709.77 180.70 768.05 226.94 1.46 1.49 2.95 4.80 1.72 26.80 -1.53 0.800
car -1 -1 1.54 483.62 173.93 561.19 232.73 1.54 1.62 3.91 -2.50 1.72 22.10 1.43 0.663
car -1 -1 1.45 0.00 200.61 396.92 370.04 1.54 1.62 3.91 -4.10 2.06 7.50 0.95 0.255
car -1 -1 -1.60 816.70 185.81 1023.06 333.56 1.54 1.62 3.91 3.70 1.72 9.70 -1.24 0.050
pedestrian -1 -1 1.86 861.80 181.67 903.58 338.00 1.76 0.66 0.49 3.90 2.08 10.60 2.21 0.994
