car -1 -1 -1.41 378.74 177.70 483.91 246.98 1.54 1.62 3.91 -4.30 1.39 18.10 -1.64 1.000
car -1 -1 -1.50 461.62 181.11 513.29 214.69 1.54 1.62 3.91 -5.30 1.39 32.50 -1.66 0.999
car -1 -1 -1.20 0.00 167.40 370.01 369.28 1.54 1.62 3.91 -3.50 1.39 6.90 -1.67 0.999
car -1 -1 -1.60 582.52 170.84 650.23 242.61 2.48 1.81 4.73 0.40 2.06 25.70 -1.58 0.991
car -1 -1 0.57 284.77 182.40 358.26 216.23 1.46 1.49 2.95 -11.60 1.39 29.60 0.20 0.969
car -1 -1 -1.40 495.76 179.45 537.29 207.33 1.54 1.62 3.91 -4.50 1.39 36.10 -1.52 0.941
car -1 -1 -0.38 122.64 181.09 351.91 250.95 1.54 1.62 3.91 -7.50 1.39 15.10 -0.84 0.635
car -1 -1 0.98 236.51 185.24 336.84 235.59 1.46 1.49 2.95 -9.40 1.39 21.20 0.56 0.433
car -1 -1 -1.13 2.86 175.99 182.42 337.21 1.46 1.49 2.95 -7.20 1.39 9.00 -1.80 0.236
pedestrian -1 -1 -0.96 447.39 183.78 476.36 230.89 1.41 0.50 1.32 -5.80 1.56 29.20 -1.15 0.090
