car -1 -1 2.19 957.13 169.37 1241.00 338.50 1.46 1.49 2.95 5.00 1.39 7.60 2.77 0.997
car -1 -1 -2.09 281.32 169.92 472.63 236.80 1.54 1.62 3.91 -5.50 1.39 16.50 -2.41 0.995
car -1 -1 -2.19 140.47 182.62 403.35 261.43 1.54 1.62 3.91 -6.10 1.72 13.30 -2.62 0.994
car -1 -1 -1.95 435.04 173.40 529.25 206.93 1.54 1.62 3.91 -6.30 1.72 36.10 -2.12 0.874
car -1 -1 -1.81 676.35 129.14 792.87 248.52 2.48 1.81 4.73 3.20 1.72 19.70 -1.65 0.090
car -1 -1 -0.17 383.86 170.74 498.66 209.67 1.54 1.62 3.91 -7.30 1.39 31.10 -0.40 0.085
car -1 -1 -1.36 626.73 173.35 666.02 195.23 1.46 1.49 2.95 2.60 1.72 54.20 -1.31 0.058
car -1 -1 -1.48 487.72 168.00 561.05 196.82 1.54 1.62 3.91 -5.30 1.39 44.90 -1.60 0.058
car -1 -1 -1.41 639.64 151.23 743.65 211.65 2.48 1.81 4.73 3.90 1.72 32.00 -1.29 0.057
car -1 -1 -1.29 0.00 190.26 130.21 333.59 1.46 1.49 2.95 -7.60 1.72 9.60 -1.96 0.055
pedestrian -1 -1 -1.39 361.24 172.09 387.71 218.75 1.41 0.50 1.32 -7.80 1.56 24.00 -1.70 0.126
pedestrian -1 -1 -0.67 670.05 170.71 689.17 209.22 1.41 0.50 1.32 3.40 1.56 35.20 -0.57 0.054
