car -1 -1 1.68 521.96 173.73 605.27 230.80 2.48 1.81 4.73 -1.90 2.06 32.40 1.62 0.942
pedestrian -1 -1 -0.68 878.02 164.59 936.71 305.27 1.76 0.66 0.49 3.70 1.46 8.80 -0.29 1.000
pedestrian -1 -1 -0.51 960.87 150.26 1069.80 373.00 1.77 0.62 0.88 4.00 1.77 6.90 0.02 0.999
pedestrian -1 -1 -1.33 676.22 162.09 745.46 324.36 1.68 0.41 1.64 1.50 1.56 9.50 -1.17 0.999
pedestrian -1 -1 -1.17 749.49 164.45 805.51 280.92 1.75 0.62 1.83 3.20 1.56 12.80 -0.93 0.999
pedestrian -1 -1 -1.61 489.09 156.79 538.50 263.53 1.75 0.62 1.83 -1.80 1.21 14.80 -1.73 0.999
pedestrian -1 -1 -1.49 808.91 159.56 899.41 345.61 1.76 0.66 0.49 2.50 1.77 7.20 -1.15 0.996
pedestrian -1 -1 -1.39 1008.42 132.22 1175.37 373.00 1.76 0.66 0.49 4.00 1.46 5.70 -0.78 0.855
pedestrian -1 -1 -0.01 907.79 164.98 945.62 229.59 1.87 0.84 1.11 12.90 1.46 28.30 0.42 0.324
pedestrian -1 -1 -1.30 256.04 169.52 273.37 218.00 1.76 0.66 0.49 -15.10 1.46 32.20 -1.74 0.237
pedestrian -1 -1 -0.99 667.78 159.01 704.85 269.66 1.87 0.84 1.11 2.30 1.46 19.90 -0.88 0.150
pedestrian -1 -1 0.32 845.62 160.71 1004.43 349.34 1.68 0.41 1.64 2.70 1.56 5.90 0.75 0.093
pedestrian -1 -1 -1.07 947.49 174.02 958.39 220.88 1.76 0.66 0.49 17.80 1.77 36.30 -0.61 0.065
cyclist -1 -1 1.58 734.79 166.76 752.37 209.62 1.75 0.62 1.83 9.00 1.56 45.20 1.77 0.050
