car -1 -1 -0.39 971.69 196.14 1237.00 338.93 1.54 1.62 3.91 6.70 1.72 9.30 0.23 0.851
pedestrian -1 -1 0.78 364.49 177.95 396.72 292.48 1.76 0.66 0.49 -3.70 1.77 12.20 0.49 1.000
pedestrian -1 -1 2.03 432.61 182.31 480.50 303.92 1.76 0.66 0.49 -2.10 1.77 10.60 1.83 0.999
pedestrian -1 -1 -0.68 588.46 168.51 607.51 231.40 1.75 0.62 1.83 -0.20 1.56 22.20 -0.69 0.999
pedestrian -1 -1 -1.08 876.21 162.40 904.32 257.32 1.76 0.66 0.49 6.10 1.46 15.40 -0.70 0.998
pedestrian -1 -1 2.13 487.43 181.42 521.07 261.41 1.41 0.50 1.32 -2.00 1.56 14.80 1.99 0.998
pedestrian -1 -1 0.30 627.89 170.84 642.21 210.42 1.75 0.62 1.83 1.60 1.56 34.80 0.35 0.969
cyclist -1 -1 -1.20 866.11 162.92 910.20 257.88 1.87 0.84 1.11 7.50 1.46 19.30 -0.83 0.567
cyclist -1 -1 1.18 478.75 181.12 532.19 261.36 1.41 0.50 1.32 -2.40 1.56 16.40 1.04 0.482
cyclist -1 -1 2.34 406.47 189.43 507.92 274.30 1.75 0.62 1.83 -2.80 1.56 14.00 2.14 0.301
cyclist -1 -1 0.83 342.37 182.45 418.08 274.26 1.68 0.41 1.64 -5.30 1.56 17.10 0.53 0.115
