car -1 -1 -1.43 467.04 178.60 540.15 240.22 1.46 1.49 2.95 -3.00 1.72 20.40 -1.58 1.000
car -1 -1 1.65 338.06 187.10 392.37 219.95 1.46 1.49 2.95 -10.80 2.06 32.20 1.32 0.999
car -1 -1 2.01 147.55 194.08 290.05 261.15 1.46 1.49 2.95 -10.00 2.06 18.40 1.51 0.999
car -1 -1 -1.60 582.18 177.09 608.54 202.21 1.54 1.62 3.91 -0.70 1.72 42.70 -1.61 0.998
pedestrian -1 -1 1.69 664.11 166.35 678.79 213.58 1.76 0.66 0.49 2.50 1.46 29.40 1.77 0.991
pedestrian -1 -1 1.19 654.20 170.63 661.54 209.43 1.76 0.66 0.49 2.70 1.77 40.60 1.26 0.478
pedestrian -1 -1 1.59 643.62 172.01 653.61 208.41 1.76 0.66 0.49 2.30 2.08 44.20 1.64 0.305
pedestrian -1 -1 -1.51 883.11 159.70 899.52 199.09 1.68 0.41 1.64 14.70 1.21 37.70 -1.13 0.171
pedestrian -1 -1 2.07 660.06 167.60 666.98 209.76 1.76 0.66 0.49 3.30 1.77 44.80 2.14 0.054
cyclist -1 -1 0.26 649.16 168.28 687.14 211.88 1.75 0.62 1.83 2.80 1.56 30.80 0.36 0.995
