car -1 -1 1.82 401.01 187.16 474.71 235.14 1.54 1.62 3.91 -5.70 2.06 24.30 1.59 1.000
car -1 -1 -1.58 697.33 174.17 795.00 242.93 1.54 1.62 3.91 3.30 1.72 18.90 -1.41 0.999
car -1 -1 1.84 309.06 190.15 440.34 261.44 1.46 1.49 2.95 -5.60 2.06 17.40 1.53 0.999
car -1 -1 1.87 55.44 201.32 324.54 325.28 1.46 1.49 2.95 -5.80 2.06 10.20 1.35 0.999
car -1 -1 -1.65 726.96 179.19 896.12 273.74 1.54 1.62 3.91 3.30 1.72 12.90 -1.40 0.999
car -1 -1 -1.16 672.89 177.97 724.14 218.60 1.46 1.49 2.95 3.20 1.72 26.80 -1.04 0.997
car -1 -1 1.83 460.21 184.43 518.10 218.45 1.46 1.49 2.95 -6.00 2.06 34.80 1.66 0.995
car -1 -1 2.26 1014.67 145.51 1238.51 249.42 2.48 1.81 4.73 14.50 1.72 20.00 2.88 0.966
car -1 -1 1.69 511.34 179.00 540.54 202.88 1.46 1.49 2.95 -5.60 2.06 49.40 1.57 0.943
car -1 -1 -1.11 644.84 176.12 689.87 202.48 1.54 1.62 3.91 2.70 1.72 36.10 -1.04 0.661
car -1 -1 -0.56 660.52 180.02 699.78 212.12 1.46 1.49 2.95 2.80 1.72 29.00 -0.46 0.068
