car -1 -1 -1.61 659.40 172.45 725.34 222.24 1.46 1.49 2.95 2.20 1.39 21.00 -1.51 0.999
car -1 -1 -1.28 305.47 180.60 518.77 309.42 1.54 1.62 3.91 -2.90 1.72 10.70 -1.54 0.999
car -1 -1 -1.45 539.33 170.75 577.89 202.43 1.46 1.49 2.95 -2.20 1.39 32.40 -1.52 0.999
car -1 -1 -1.21 0.00 180.23 426.66 374.00 1.54 1.62 3.91 -3.50 1.72 6.90 -1.68 0.995
car -1 -1 -1.85 733.54 176.37 997.75 351.94 1.54 1.62 3.91 2.70 1.72 9.10 -1.56 0.994
car -1 -1 -1.66 647.99 171.41 690.40 207.06 1.46 1.49 2.95 2.40 1.39 29.20 -1.58 0.908
car -1 -1 -1.70 634.63 171.95 670.17 203.37 2.48 1.81 4.73 2.60 2.06 46.90 -1.64 0.540
car -1 -1 -0.80 330.07 181.89 453.81 224.31 1.46 1.49 2.95 -7.20 1.72 24.20 -1.09 0.319
car -1 -1 1.80 404.21 182.96 494.53 218.45 1.54 1.62 3.91 -7.50 2.06 34.30 1.58 0.166
car -1 -1 -0.47 2.98 182.28 106.55 230.40 1.54 1.62 3.91 -21.50 2.06 26.70 -1.15 0.085
car -1 -1 -0.53 814.76 185.33 968.96 277.21 1.46 1.49 2.95 5.20 1.72 13.80 -0.17 0.056
pedestrian -1 -1 -0.31 355.83 162.44 384.49 241.86 1.76 0.66 0.49 -6.30 1.46 18.60 -0.64 1.000
pedestrian -1 -1 -0.77 384.27 165.47 404.12 229.00 1.76 0.66 0.49 -6.50 1.46 21.60 -1.06 0.986
