car -1 -1 -1.77 679.97 177.54 788.58 257.41 1.54 1.62 3.91 2.50 1.72 16.30 -1.62 1.000
car -1 -1 -1.82 663.98 183.47 724.13 234.05 1.46 1.49 2.95 2.40 1.72 21.20 -1.71 0.996
car -1 -1 -2.37 0.00 163.44 297.35 327.98 1.46 1.49 2.95 -5.20 1.39 8.00 -2.94 0.994
car -1 -1 -1.75 645.93 178.48 691.81 215.91 1.46 1.49 2.95 2.20 1.72 29.40 -1.68 0.993
car -1 -1 -2.12 194.61 185.80 418.65 265.06 1.54 1.62 3.91 -5.70 1.72 14.30 -2.50 0.991
car -1 -1 -1.96 796.94 205.63 1228.77 374.00 1.54 1.62 3.91 3.30 1.72 6.70 -1.50 0.984
car -1 -1 0.01 634.85 178.96 668.22 204.77 1.54 1.62 3.91 2.30 1.72 40.30 0.07 0.981
car -1 -1 -1.96 346.30 181.62 438.18 244.13 1.46 1.49 2.95 -6.20 1.72 20.40 -2.26 0.957
car -1 -1 -1.27 481.24 175.78 541.11 204.50 1.46 1.49 2.95 -5.40 1.72 39.80 -1.40 0.850
car -1 -1 -1.04 436.48 174.19 523.96 212.84 1.54 1.62 3.91 -5.50 1.72 32.70 -1.21 0.829
car -1 -1 -1.23 402.91 180.07 494.72 225.15 1.46 1.49 2.95 -5.40 1.72 25.00 -1.44 0.507
