car -1 -1 -1.42 566.47 174.94 601.53 205.57 1.46 1.49 2.95 -1.40 1.72 39.00 -1.46 0.999
car -1 -1 -2.07 793.85 175.37 1205.95 373.51 1.54 1.62 3.91 2.90 1.72 6.70 -1.66 0.997
car -1 -1 -1.76 588.91 174.59 650.47 220.02 1.54 1.62 3.91 0.30 1.39 21.70 -1.74 0.996
car -1 -1 -1.35 403.99 180.48 451.48 217.43 1.46 1.49 2.95 -8.80 2.06 35.20 -1.60 0.982
car -1 -1 -1.13 53.35 198.25 311.79 351.25 1.46 1.49 2.95 -4.40 1.72 8.20 -1.63 0.960
car -1 -1 -1.96 672.05 180.00 805.71 263.46 1.54 1.62 3.91 2.30 1.72 14.30 -1.80 0.854
car -1 -1 -1.45 549.45 173.17 581.42 195.71 1.54 1.62 3.91 -3.10 1.72 51.70 -1.51 0.427
car -1 -1 0.17 235.38 182.45 378.38 285.09 1.54 1.62 3.91 -5.10 1.72 13.30 -0.19 0.427
car -1 -1 -1.16 421.34 175.60 461.74 205.01 1.54 1.62 3.91 -9.10 1.72 40.50 -1.38 0.200
pedestrian -1 -1 2.01 167.75 173.27 246.81 374.00 1.76 0.66 0.49 -4.70 2.08 8.60 1.51 0.348
pedestrian -1 -1 -1.04 671.63 179.18 682.59 216.01 1.41 0.50 1.32 3.40 1.91 36.20 -0.95 0.249
pedestrian -1 -1 -0.15 405.90 169.53 416.41 200.94 1.76 0.66 0.49 -11.00 1.46 40.30 -0.42 0.070
cyclist -1 -1 1.67 296.61 171.80 387.84 327.50 1.77 0.62 0.88 -3.60 2.08 9.50 1.30 0.999
cyclist -1 -1 2.05 112.89 173.94 278.49 374.00 1.41 0.50 1.32 -3.60 1.56 6.60 1.55 0.998
