car -1 -1 0.21 341.35 190.23 423.53 248.31 1.46 1.49 2.95 -6.20 2.06 20.40 -0.08 0.998
car -1 -1 -1.74 657.12 177.95 755.84 251.45 1.54 1.62 3.91 2.50 1.72 17.70 -1.60 0.997
car -1 -1 1.20 761.11 177.35 1047.44 363.37 1.54 1.62 3.91 3.30 1.72 8.90 1.56 0.997
car -1 -1 -1.58 536.43 183.25 567.13 206.71 1.46 1.49 2.95 -3.40 2.06 42.20 -1.66 0.896
car -1 -1 -1.60 557.85 181.41 601.79 211.27 1.54 1.62 3.91 -1.50 1.72 32.70 -1.64 0.857
car -1 -1 -1.12 616.77 184.88 726.65 230.00 1.54 1.62 3.91 2.10 2.06 26.70 -1.04 0.332
car -1 -1 -0.98 603.11 185.50 671.93 223.89 1.46 1.49 2.95 1.00 2.06 28.80 -0.94 0.059
pedestrian -1 -1 1.78 431.70 175.57 453.25 242.49 1.76 0.66 0.49 -4.50 2.08 19.40 1.55 0.996
pedestrian -1 -1 1.62 464.59 176.93 481.42 231.97 1.41 0.50 1.32 -5.80 1.91 30.60 1.43 0.697
cyclist -1 -1 1.12 459.76 178.07 486.48 232.98 1.76 0.66 0.49 -3.50 1.46 18.60 0.93 0.994
cyclist -1 -1 1.47 424.15 177.78 457.37 239.80 1.68 0.41 1.64 -5.50 1.91 23.10 1.23 0.082
