car -1 -1 -1.63 641.40 175.61 722.97 232.95 1.54 1.62 3.91 2.10 1.72 20.90 -1.53 0.998
car -1 -1 -1.67 619.31 169.63 660.46 203.43 1.54 1.62 3.91 1.30 1.39 34.30 -1.64 0.992
car -1 -1 -1.20 958.98 138.31 1241.00 366.84 1.54 1.62 3.91 5.10 1.39 6.90 -0.56 0.971
car -1 -1 -2.28 223.55 178.82 419.03 244.66 1.54 1.62 3.91 -6.50 1.72 16.10 -2.67 0.964
car -1 -1 -2.35 408.75 174.84 495.34 210.25 1.54 1.62 3.91 -7.90 1.72 36.50 -2.56 0.929
car -1 -1 -1.55 328.70 178.67 435.66 229.81 1.46 1.49 2.95 -6.40 1.72 21.40 -1.85 0.625
car -1 -1 -0.33 145.19 185.56 341.90 259.65 1.46 1.49 2.95 -7.40 1.72 14.40 -0.81 0.538
car -1 -1 -1.32 469.91 170.95 540.11 196.79 1.54 1.62 3.91 -6.10 1.39 43.30 -1.46 0.351
car -1 -1 -0.29 133.27 176.57 365.89 335.38 1.54 1.62 3.91 -4.30 1.72 9.50 -0.72 0.120
pedestrian -1 -1 -2.44 762.46 170.76 779.65 202.27 1.41 0.50 1.32 7.60 1.56 34.20 -2.22 0.752
pedestrian -1 -1 1.76 282.23 178.35 346.63 348.02 1.76 0.66 0.49 -3.30 2.08 8.00 1.37 0.110
cyclist -1 -1 1.58 256.76 173.24 366.72 347.58 1.87 0.84 1.11 -3.70 2.08 8.90 1.18 1.000
