car -1 -1 1.50 561.86 166.61 596.71 202.68 2.48 1.81 4.73 -1.20 1.72 43.30 1.47 0.394
pedestrian -1 -1 -1.68 403.34 166.59 446.55 272.81 1.77 0.62 0.88 -3.30 1.77 13.60 -1.92 1.000
pedestrian -1 -1 -1.24 669.72 170.88 706.99 253.75 1.87 0.84 1.11 2.70 1.46 22.50 -1.12 0.991
pedestrian -1 -1 -0.57 724.06 162.06 748.31 263.45 1.68 0.41 1.64 2.90 1.56 15.90 -0.39 0.350
pedestrian -1 -1 1.60 747.22 163.11 756.64 207.07 1.76 0.66 0.49 7.90 1.15 37.60 1.81 0.128
pedestrian -1 -1 0.05 753.30 163.49 773.17 211.72 1.77 0.62 0.88 7.50 1.15 33.20 0.27 0.069
cyclist -1 -1 1.34 557.36 162.48 586.08 231.94 1.87 0.84 1.11 -1.30 1.46 30.50 1.29 0.996
cyclist -1 -1 0.46 607.23 166.76 627.40 219.94 1.75 0.62 1.83 0.60 1.56 28.80 0.48 0.993
cyclist -1 -1 1.15 504.70 168.27 539.27 213.59 1.87 0.84 1.11 -2.70 1.15 25.50 1.04 0.928
cyclist -1 -1 -0.19 735.97 163.22 789.51 228.74 1.87 0.84 1.11 5.10 1.46 22.70 0.03 0.306
cyclist -1 -1 0.66 936.73 239.14 1045.17 363.33 1.41 0.50 1.32 4.60 2.27 8.40 1.16 0.160
