car -1 -1 -1.38 793.58 230.78 1227.25 371.41 1.54 1.62 3.91 3.70 2.06 5.70 -0.80 0.066
pedestrian -1 -1 -2.15 181.04 157.06 249.33 305.06 1.76 0.66 0.49 -4.90 1.46 9.20 -2.64 1.000
pedestrian -1 -1 2.46 551.75 179.67 579.57 258.98 1.75 0.62 1.83 -0.80 1.56 17.00 2.42 0.999
pedestrian -1 -1 0.67 447.84 173.32 470.98 256.48 1.76 0.66 0.49 -3.10 1.77 16.00 0.48 0.999
pedestrian -1 -1 0.35 609.60 166.24 623.12 222.94 1.75 0.62 1.83 0.60 1.56 27.80 0.37 0.367
pedestrian -1 -1 0.08 646.86 168.92 661.98 204.89 1.77 0.62 0.88 2.90 1.46 39.00 0.15 0.121
pedestrian -1 -1 1.69 526.44 171.16 549.20 241.80 1.76 0.66 0.49 -1.50 1.46 16.80 1.60 0.110
cyclist -1 -1 2.00 518.25 175.22 559.80 242.76 1.77 0.62 0.88 -1.70 1.77 19.00 1.91 0.925
cyclist -1 -1 0.58 686.23 160.26 729.44 221.48 1.87 0.84 1.11 3.30 1.46 23.30 0.72 0.571
cyclist -1 -1 1.08 439.30 176.84 477.86 243.83 1.87 0.84 1.11 -5.10 1.77 26.50 0.89 0.157
cyclist -1 -1 2.09 539.08 183.06 588.27 244.43 1.41 0.50 1.32 -1.20 1.56 21.80 2.04 0.108
