car -1 -1 0.54 885.55 181.44 1241.00 314.89 1.54 1.62 3.91 5.30 1.72 8.90 1.08 0.999
car -1 -1 2.57 747.86 168.08 933.50 235.51 1.54 1.62 3.91 5.10 1.39 16.90 2.86 0.996
car -1 -1 -1.79 248.71 178.13 420.61 236.03 1.54 1.62 3.91 -7.30 1.72 19.70 -2.15 0.990
car -1 -1 -2.58 401.75 170.02 515.05 209.80 1.54 1.62 3.91 -5.30 1.39 26.70 -2.77 0.988
car -1 -1 -1.45 3.46 172.68 192.85 367.78 1.46 1.49 2.95 -6.20 1.72 7.80 -2.12 0.902
car -1 -1 -1.14 645.92 146.70 707.04 211.06 2.48 1.81 4.73 2.40 1.72 27.50 -1.05 0.668
car -1 -1 -1.80 451.72 170.93 537.42 199.92 1.54 1.62 3.91 -5.30 1.39 34.70 -1.96 0.209
car -1 -1 -0.13 631.51 154.16 668.02 198.15 2.48 1.81 4.73 2.20 1.72 41.30 -0.08 0.159
car -1 -1 -0.49 168.41 165.94 406.05 302.87 1.46 1.49 2.95 -3.80 1.39 8.40 -0.91 0.101
car -1 -1 -0.28 340.96 176.20 414.97 227.85 1.54 1.62 3.91 -7.50 1.72 24.50 -0.58 0.061
