car -1 -1 -1.57 534.91 178.54 737.28 372.62 1.54 1.62 3.91 0.10 1.72 7.90 -1.56 1.000
car -1 -1 -1.27 455.51 161.72 526.12 229.87 2.48 1.81 4.73 -5.00 2.06 30.50 -1.43 0.998
car -1 -1 -1.22 403.24 178.35 503.49 253.98 1.46 1.49 2.95 -3.40 1.72 16.00 -1.43 0.995
car -1 -1 -1.80 701.51 169.36 751.36 219.97 2.48 1.81 4.73 5.20 2.06 32.10 -1.64 0.130
car -1 -1 -0.88 583.70 179.68 648.11 243.40 1.54 1.62 3.91 0.10 1.72 20.10 -0.88 0.085
car -1 -1 -1.78 675.07 162.78 727.05 217.06 2.48 1.81 4.73 4.00 2.06 32.10 -1.65 0.076
car -1 -1 -1.24 769.93 167.13 1209.32 364.64 1.46 1.49 2.95 2.20 1.39 4.80 -0.81 0.063
car -1 -1 0.57 488.05 170.67 568.02 219.33 1.54 1.62 3.91 -2.10 1.39 19.90 0.47 0.054
pedestrian -1 -1 -0.02 664.85 174.41 685.51 237.17 1.77 0.62 0.88 1.80 1.77 20.50 0.07 0.486
pedestrian -1 -1 -0.79 1052.95 162.03 1194.40 371.15 1.41 0.50 1.32 4.00 1.56 5.80 -0.19 0.070
