car -1 -1 2.20 2.62 198.50 250.99 374.00 1.46 1.49 2.95 -5.00 1.72 7.20 1.59 0.999
car -1 -1 1.93 201.44 199.70 365.78 288.87 1.46 1.49 2.95 -6.20 2.06 14.00 1.51 0.999
car -1 -1 1.80 448.94 186.01 502.35 219.92 1.46 1.49 2.95 -5.80 2.06 31.40 1.62 0.998
car -1 -1 1.95 315.69 192.31 421.98 257.67 1.46 1.49 2.95 -6.20 2.06 19.20 1.64 0.998
car -1 -1 1.87 392.74 187.80 464.44 236.87 1.46 1.49 2.95 -5.60 2.06 23.00 1.63 0.996
car -1 -1 3.16 828.48 146.18 1019.13 209.50 2.48 1.81 4.73 10.50 1.39 24.00 3.57 0.932
car -1 -1 -1.49 657.55 176.49 722.26 212.08 1.46 1.49 2.95 3.80 1.72 34.40 -1.38 0.835
car -1 -1 -1.57 644.72 175.44 680.12 204.16 1.54 1.62 3.91 2.90 1.72 39.30 -1.50 0.827
car -1 -1 1.72 482.27 184.09 517.78 212.25 1.46 1.49 2.95 -6.20 2.06 40.60 1.57 0.785
car -1 -1 2.93 759.55 158.67 858.34 202.89 2.48 1.81 4.73 11.50 1.72 43.20 3.19 0.054
cyclist -1 -1 -0.41 544.46 166.89 555.91 197.19 1.41 0.50 1.32 -3.40 1.56 41.80 -0.49 0.800
