car -1 -1 1.38 742.99 178.86 841.80 236.62 1.54 1.62 3.91 5.10 1.72 20.10 1.62 1.000
car -1 -1 -1.87 284.02 195.05 407.99 266.56 1.46 1.49 2.95 -6.00 2.06 17.00 -2.21 0.999
car -1 -1 1.58 665.93 178.58 728.48 229.47 1.54 1.62 3.91 2.70 1.72 24.50 1.69 0.989
car -1 -1 -1.51 144.73 191.09 221.86 229.69 1.46 1.49 2.95 -17.00 2.06 28.80 -2.04 0.976
car -1 -1 -2.22 416.87 169.88 672.71 306.16 1.46 1.49 2.95 -0.80 1.72 10.00 -2.30 0.939
car -1 -1 1.40 354.34 179.78 434.60 227.75 1.46 1.49 2.95 -6.80 1.72 23.20 1.12 0.778
car -1 -1 1.60 303.60 184.13 377.33 217.70 1.46 1.49 2.95 -13.00 2.06 35.20 1.25 0.401
car -1 -1 -2.01 569.63 178.24 671.52 290.75 1.46 1.49 2.95 0.20 1.72 12.40 -1.99 0.224
car -1 -1 0.81 786.51 171.12 978.17 230.03 1.54 1.62 3.91 6.50 1.39 17.70 1.16 0.072
cyclist -1 -1 -1.75 741.82 195.33 776.43 236.11 1.41 0.50 1.32 4.80 2.27 23.60 -1.55 0.694
