car -1 -1 -2.73 116.62 187.27 398.00 272.25 1.54 1.62 3.91 -6.30 1.72 12.90 -3.18 0.999
car -1 -1 -0.37 778.88 185.99 939.00 249.11 1.46 1.49 2.95 5.80 1.72 17.00 -0.04 0.995
car -1 -1 -0.39 705.04 184.64 797.85 222.08 1.54 1.62 3.91 6.30 2.06 33.10 -0.20 0.995
car -1 -1 2.07 851.09 193.49 1207.84 294.93 1.54 1.62 3.91 6.30 1.72 10.90 2.60 0.992
car -1 -1 -1.67 290.36 178.44 486.55 244.24 1.54 1.62 3.91 -5.50 1.72 17.50 -1.98 0.984
car -1 -1 -1.69 639.18 184.72 668.64 208.31 1.46 1.49 2.95 2.40 2.06 40.80 -1.63 0.981
car -1 -1 -1.87 465.51 177.91 539.59 211.73 1.46 1.49 2.95 -4.40 1.72 31.60 -2.00 0.891
car -1 -1 -2.48 388.77 176.92 498.65 231.56 1.46 1.49 2.95 -4.60 1.72 21.20 -2.69 0.890
car -1 -1 1.38 3.50 168.31 227.50 329.29 1.46 1.49 2.95 -5.80 1.39 7.80 0.74 0.403
car -1 -1 -0.59 503.31 179.47 562.98 205.11 1.54 1.62 3.91 -5.10 2.06 45.90 -0.70 0.176
car -1 -1 -0.37 762.09 183.25 869.86 231.49 1.54 1.62 3.91 8.10 2.06 28.90 -0.10 0.111
car -1 -1 -0.42 1076.58 196.03 1238.29 365.04 1.46 1.49 2.95 7.00 1.72 8.60 0.26 0.069
pedestrian -1 -1 -1.84 138.60 176.08 155.70 216.28 1.76 0.66 0.49 -19.50 1.77 30.40 -2.41 0.061
