car -1 -1 1.44 537.39 176.12 575.15 207.27 1.54 1.62 3.91 -2.10 1.39 36.90 1.38 0.994
pedestrian -1 -1 0.29 627.25 166.08 655.24 258.48 1.77 0.62 0.88 0.80 1.46 14.10 0.34 1.000
pedestrian -1 -1 1.00 438.84 168.48 462.46 234.91 1.76 0.66 0.49 -4.10 1.46 20.00 0.80 1.000
pedestrian -1 -1 0.51 666.71 169.48 702.12 254.22 1.76 0.66 0.49 1.70 1.46 15.00 0.62 0.999
pedestrian -1 -1 1.48 416.83 170.44 437.53 232.79 1.76 0.66 0.49 -4.90 1.46 20.00 1.24 0.999
pedestrian -1 -1 1.38 2.94 153.35 175.45 373.00 1.75 0.62 1.83 -4.60 1.56 6.40 0.75 0.999
pedestrian -1 -1 -1.33 706.29 165.95 727.54 236.42 1.76 0.66 0.49 2.70 1.46 16.40 -1.17 0.993
pedestrian -1 -1 -1.25 747.24 162.43 762.91 225.81 1.76 0.66 0.49 5.10 1.15 24.00 -1.04 0.991
pedestrian -1 -1 0.44 694.81 170.63 714.03 242.51 1.76 0.66 0.49 2.70 1.46 19.20 0.58 0.975
pedestrian -1 -1 -1.50 607.65 165.71 630.13 230.42 1.76 0.66 0.49 0.60 1.15 24.10 -1.48 0.970
pedestrian -1 -1 0.25 653.14 165.35 678.41 250.09 1.76 0.66 0.49 1.70 1.77 19.40 0.34 0.863
pedestrian -1 -1 0.02 132.89 208.56 332.70 373.00 1.41 0.50 1.32 -2.80 1.91 5.20 -0.48 0.715
pedestrian -1 -1 0.47 982.63 173.17 1011.28 261.65 1.76 0.66 0.49 12.10 1.77 22.00 0.97 0.683
pedestrian -1 -1 1.49 730.99 165.53 742.09 221.73 1.76 0.66 0.49 5.10 1.46 27.00 1.68 0.444
pedestrian -1 -1 -0.52 1095.40 186.59 1130.75 234.44 1.41 0.50 1.32 19.60 1.91 27.40 0.10 0.142
pedestrian -1 -1 0.75 0.00 184.60 52.13 373.00 1.76 0.66 0.49 -6.60 1.77 7.90 0.06 0.090
pedestrian -1 -1 0.88 737.97 165.96 747.97 220.69 1.76 0.66 0.49 5.50 1.46 27.80 1.08 0.089
pedestrian -1 -1 0.05 718.58 165.21 737.24 226.66 1.68 0.41 1.64 3.70 1.21 20.50 0.23 0.088
pedestrian -1 -1 -2.06 201.37 173.23 250.37 258.74 1.68 0.41 1.64 -13.10 1.56 25.10 -2.54 0.060
cyclist -1 -1 1.66 937.97 159.50 1098.60 360.72 1.41 0.50 1.32 3.60 1.56 6.40 2.17 0.248
cyclist -1 -1 0.30 965.63 171.14 1038.10 274.66 1.76 0.66 0.49 7.30 1.77 13.20 0.81 0.120
cyclist -1 -1 0.50 877.48 188.36 1014.74 350.30 1.41 0.50 1.32 3.00 1.56 6.80 0.91 0.079
