car -1 -1 1.87 422.89 187.26 491.25 229.19 1.54 1.62 3.91 -5.70 2.06 27.30 1.67 1.000
car -1 -1 1.96 355.86 190.34 442.13 247.48 1.54 1.62 3.91 -6.10 2.06 21.50 1.68 0.999
car -1 -1 1.90 245.46 198.51 385.65 280.86 1.46 1.49 2.95 -5.80 2.06 14.80 1.53 0.999
car -1 -1 1.87 29.72 209.31 305.40 341.31 1.46 1.49 2.95 -5.80 2.06 10.00 1.34 0.997
car -1 -1 -1.42 666.12 173.01 718.55 220.08 1.54 1.62 3.91 3.10 1.72 27.70 -1.31 0.991
car -1 -1 1.81 465.95 184.45 507.48 220.01 1.46 1.49 2.95 -5.40 2.06 32.40 1.64 0.956
car -1 -1 3.17 891.41 139.58 1104.06 213.78 2.48 1.81 4.73 13.10 1.39 24.00 3.67 0.926
car -1 -1 -1.24 649.03 176.01 692.13 207.27 1.54 1.62 3.91 3.10 1.72 38.50 -1.16 0.905
car -1 -1 2.85 786.69 157.78 912.84 206.31 2.48 1.81 4.73 11.70 1.72 36.60 3.16 0.428
pedestrian -1 -1 -0.51 543.42 170.31 552.31 197.02 1.76 0.66 0.49 -4.20 1.77 49.70 -0.59 0.089
