car -1 -1 -1.54 398.11 177.69 490.70 238.13 1.54 1.62 3.91 -4.10 1.39 18.70 -1.76 1.000
car -1 -1 -1.29 106.69 170.44 406.14 364.22 1.46 1.49 2.95 -3.20 1.39 7.20 -1.71 0.999
car -1 -1 -1.51 578.34 170.66 651.28 240.75 2.48 1.81 4.73 0.20 1.72 23.70 -1.50 0.990
car -1 -1 -1.53 467.86 179.06 516.70 214.61 2.48 1.81 4.73 -6.80 2.06 43.90 -1.68 0.964
car -1 -1 -1.09 2.12 182.37 200.03 303.66 1.54 1.62 3.91 -9.10 1.72 12.70 -1.71 0.939
car -1 -1 -1.53 500.35 179.20 539.91 205.65 1.54 1.62 3.91 -4.70 1.39 40.10 -1.65 0.893
car -1 -1 -1.30 212.59 177.37 376.91 272.74 1.46 1.49 2.95 -5.40 1.39 12.80 -1.70 0.325
car -1 -1 -1.61 397.56 176.92 441.34 218.54 2.48 1.81 4.73 -11.00 2.06 42.50 -1.86 0.070
car -1 -1 -0.38 244.64 180.77 365.97 223.43 1.54 1.62 3.91 -11.50 1.39 26.90 -0.78 0.070
pedestrian -1 -1 -1.56 463.56 187.19 488.93 234.42 1.75 0.62 1.83 -4.60 1.91 25.40 -1.74 0.531
