car -1 -1 -1.55 545.82 177.35 714.35 348.78 1.54 1.62 3.91 0.10 1.72 9.10 -1.54 0.999
car -1 -1 -1.77 690.43 176.95 743.28 219.35 1.54 1.62 3.91 4.10 1.72 27.70 -1.62 0.997
car -1 -1 -1.37 471.55 165.47 535.48 226.28 2.48 1.81 4.73 -4.20 2.06 29.90 -1.51 0.995
car -1 -1 -0.95 6.82 173.40 386.93 374.00 1.54 1.62 3.91 -3.90 1.72 7.30 -1.44 0.689
car -1 -1 -0.92 440.17 174.05 520.60 240.18 1.46 1.49 2.95 -3.20 1.72 18.40 -1.09 0.551
car -1 -1 -1.72 800.94 217.40 984.17 330.50 1.46 1.49 2.95 4.20 2.06 11.40 -1.36 0.343
car -1 -1 -1.60 674.13 162.69 714.15 209.06 2.48 1.81 4.73 4.40 1.72 38.50 -1.48 0.094
car -1 -1 1.40 184.94 179.06 301.49 218.27 1.54 1.62 3.91 -13.90 1.72 27.90 0.94 0.050
pedestrian -1 -1 -0.63 658.91 176.24 675.82 240.11 1.68 0.41 1.64 1.50 1.91 19.50 -0.55 0.307
pedestrian -1 -1 0.35 850.74 165.16 877.19 220.80 1.75 0.62 1.83 9.00 1.56 25.40 0.69 0.288
