car -1 -1 1.52 527.11 173.19 586.70 219.90 1.54 1.62 3.91 -1.70 1.39 25.70 1.45 0.962
car -1 -1 1.21 597.21 173.35 631.70 204.88 2.48 1.81 4.73 1.00 1.72 51.90 1.23 0.935
pedestrian -1 -1 -0.29 491.90 179.26 504.97 226.27 1.76 0.66 0.49 -3.90 1.77 27.40 -0.43 0.999
pedestrian -1 -1 -0.48 212.71 184.59 268.88 366.13 1.76 0.66 0.49 -4.40 2.08 8.50 -0.96 0.994
pedestrian -1 -1 2.90 1177.45 155.11 1216.70 243.32 1.76 0.66 0.49 14.30 1.15 17.20 3.60 0.983
pedestrian -1 -1 1.97 898.37 167.44 927.55 234.21 1.77 0.62 0.88 9.60 1.15 21.90 2.38 0.976
pedestrian -1 -1 -1.73 762.43 158.91 827.49 372.61 1.76 0.66 0.49 1.50 1.77 5.60 -1.47 0.943
pedestrian -1 -1 -1.54 1041.93 157.62 1104.73 344.44 1.76 0.66 0.49 5.60 1.46 8.50 -0.96 0.917
pedestrian -1 -1 -1.23 826.21 155.48 906.22 373.00 1.76 0.66 0.49 2.40 1.77 6.70 -0.89 0.903
pedestrian -1 -1 0.29 741.28 182.62 749.79 220.85 1.76 0.66 0.49 7.90 2.08 39.20 0.49 0.565
pedestrian -1 -1 0.28 1139.45 162.28 1173.18 231.15 1.76 0.66 0.49 12.30 1.15 16.00 0.93 0.256
pedestrian -1 -1 2.48 1111.43 176.12 1138.45 222.02 1.76 0.66 0.49 22.70 1.46 31.00 3.11 0.146
pedestrian -1 -1 0.19 1199.03 154.08 1231.08 278.71 1.76 0.66 0.49 9.30 1.46 10.60 0.91 0.131
pedestrian -1 -1 -2.22 832.70 160.64 881.24 219.98 1.75 0.62 1.83 9.40 1.21 26.60 -1.88 0.103
cyclist -1 -1 -1.31 364.42 168.47 419.83 253.58 1.87 0.84 1.11 -5.50 1.77 19.30 -1.59 0.874
cyclist -1 -1 0.74 975.85 150.08 1135.07 357.97 1.41 0.50 1.32 3.80 1.56 6.00 1.31 0.447
cyclist -1 -1 -0.58 190.63 187.78 282.82 343.38 1.41 0.50 1.32 -4.40 1.56 8.40 -1.06 0.366
