car -1 -1 1.85 0.00 188.41 234.95 363.42 1.54 1.62 3.91 -6.50 1.72 8.70 1.21 0.999
car -1 -1 1.25 460.35 181.46 517.21 211.56 1.46 1.49 2.95 -6.20 2.06 37.00 1.08 0.999
car -1 -1 0.52 333.61 180.52 415.46 208.67 1.54 1.62 3.91 -13.50 2.06 42.30 0.21 0.998
car -1 -1 1.19 48.88 184.36 165.07 225.35 1.54 1.62 3.91 -20.90 2.06 30.10 0.58 0.944
car -1 -1 2.26 524.28 172.64 601.41 196.73 1.54 1.62 3.91 -2.50 1.39 40.10 2.20 0.859
car -1 -1 1.65 129.64 182.34 213.16 219.49 1.54 1.62 3.91 -20.50 2.06 33.90 1.10 0.793
car -1 -1 1.89 32.52 187.73 201.10 272.58 1.54 1.62 3.91 -11.50 2.06 17.30 1.30 0.522
car -1 -1 0.23 4.29 189.37 84.24 242.99 1.46 1.49 2.95 -17.60 2.06 21.40 -0.46 0.322
car -1 -1 1.83 0.56 198.53 109.80 300.96 1.46 1.49 2.95 -11.40 2.06 13.80 1.14 0.084
cyclist -1 -1 0.73 435.40 176.75 446.70 196.03 1.41 0.50 1.32 -10.20 1.56 44.00 0.50 0.109
