car -1 -1 -1.47 460.98 183.95 518.28 222.47 1.54 1.62 3.91 -4.30 1.39 26.50 -1.63 0.999
car -1 -1 -1.53 384.25 187.52 485.26 250.10 1.54 1.62 3.91 -4.90 1.72 20.90 -1.77 0.996
car -1 -1 -1.59 577.88 180.27 608.34 208.00 1.54 1.62 3.91 -0.90 1.39 46.50 -1.61 0.993
car -1 -1 -1.48 300.29 168.64 392.98 228.07 2.48 1.81 4.73 -10.40 1.72 28.70 -1.83 0.982
car -1 -1 -0.69 348.51 189.45 411.86 227.89 1.54 1.62 3.91 -10.50 1.72 32.90 -1.00 0.980
car -1 -1 -1.30 492.30 182.83 528.97 209.69 1.54 1.62 3.91 -5.50 1.39 40.90 -1.43 0.653
car -1 -1 -1.11 14.84 175.52 333.06 367.64 1.46 1.49 2.95 -3.40 1.39 5.40 -1.67 0.338
car -1 -1 -0.84 415.24 181.89 460.32 212.57 1.54 1.62 3.91 -9.10 1.39 38.90 -1.07 0.248
car -1 -1 -0.70 266.40 197.86 356.61 236.44 1.46 1.49 2.95 -11.80 2.06 28.60 -1.09 0.126
car -1 -1 -1.27 510.72 182.09 540.80 202.20 1.54 1.62 3.91 -6.10 1.39 53.70 -1.38 0.069
pedestrian -1 -1 0.18 340.72 178.98 360.49 233.12 1.76 0.66 0.49 -8.70 1.77 24.60 -0.16 0.959
pedestrian -1 -1 -1.08 711.96 193.07 722.78 223.73 1.41 0.50 1.32 5.20 1.91 34.40 -0.93 0.290
