car -1 -1 -1.19 757.26 189.11 973.41 322.66 1.54 1.62 3.91 3.10 1.72 9.70 -0.88 1.000
car -1 -1 0.08 629.74 177.54 682.55 220.07 1.54 1.62 3.91 1.70 1.72 28.10 0.14 0.998
car -1 -1 1.78 440.30 172.88 514.48 233.17 1.54 1.62 3.91 -3.90 1.72 21.30 1.60 0.998
car -1 -1 -1.52 669.47 177.84 800.41 267.48 1.54 1.62 3.91 1.90 1.39 12.70 -1.37 0.998
car -1 -1 1.91 504.77 177.05 542.77 204.85 1.46 1.49 2.95 -4.60 1.72 37.80 1.79 0.997
car -1 -1 1.75 297.89 194.30 451.64 300.54 1.54 1.62 3.91 -4.10 2.06 12.70 1.44 0.996
car -1 -1 -1.46 652.79 180.19 728.71 240.54 1.54 1.62 3.91 2.30 1.72 21.10 -1.35 0.980
car -1 -1 1.88 0.00 210.39 369.55 372.22 1.54 1.62 3.91 -4.50 2.06 8.10 1.37 0.944
car -1 -1 -1.52 607.43 176.39 637.59 199.99 1.54 1.62 3.91 0.70 1.72 42.70 -1.50 0.391
car -1 -1 -1.42 852.54 207.73 1231.12 374.00 1.54 1.62 3.91 3.10 2.06 6.70 -0.98 0.120
