car -1 -1 -1.57 677.81 174.96 758.68 235.63 1.54 1.62 3.91 2.90 1.72 21.10 -1.44 0.999
car -1 -1 -1.65 647.80 170.96 694.51 209.30 1.46 1.49 2.95 2.40 1.39 27.80 -1.56 0.997
car -1 -1 -1.88 742.33 149.75 1006.48 352.33 2.48 1.81 4.73 3.80 2.06 11.30 -1.55 0.997
car -1 -1 -1.50 637.16 169.55 673.74 200.16 1.54 1.62 3.91 2.30 1.39 37.30 -1.44 0.995
car -1 -1 -1.88 376.22 167.92 502.10 216.41 1.54 1.62 3.91 -5.70 1.39 24.90 -2.11 0.994
car -1 -1 -2.69 13.31 184.89 327.87 297.86 1.54 1.62 3.91 -7.10 1.72 11.30 -3.25 0.991
car -1 -1 -1.67 702.70 176.38 812.03 258.95 1.54 1.62 3.91 2.90 1.72 15.70 -1.49 0.989
car -1 -1 -0.95 273.66 164.07 431.16 254.14 1.54 1.62 3.91 -5.30 1.39 15.10 -1.29 0.982
car -1 -1 -2.25 155.60 165.99 377.55 274.21 1.54 1.62 3.91 -5.70 1.39 11.90 -2.70 0.979
car -1 -1 -2.54 438.75 164.69 522.48 206.08 2.48 1.81 4.73 -8.90 2.06 49.40 -2.71 0.795
car -1 -1 -2.36 336.68 167.75 455.41 230.90 1.54 1.62 3.91 -4.70 1.39 16.50 -2.64 0.559
