car -1 -1 -0.54 251.16 200.02 385.42 280.74 1.46 1.49 2.95 -5.80 2.06 15.00 -0.91 1.000
car -1 -1 -1.64 695.49 182.01 865.05 295.14 1.54 1.62 3.91 2.70 1.72 12.30 -1.42 0.999
car -1 -1 -1.65 568.98 182.83 623.15 223.33 1.54 1.62 3.91 -0.50 2.06 29.10 -1.67 0.985
car -1 -1 -1.65 548.24 184.93 578.45 213.94 1.46 1.49 2.95 -2.40 2.06 35.80 -1.72 0.956
car -1 -1 -0.99 412.44 188.00 454.45 220.51 1.46 1.49 2.95 -7.60 2.06 31.00 -1.23 0.893
car -1 -1 0.83 324.14 193.67 407.00 248.56 1.46 1.49 2.95 -7.00 2.06 20.60 0.50 0.767
car -1 -1 -1.13 648.24 188.88 804.73 246.24 1.54 1.62 3.91 3.10 2.06 20.50 -0.98 0.246
pedestrian -1 -1 1.61 379.69 181.68 409.69 276.17 1.76 0.66 0.49 -4.70 2.08 16.00 1.33 0.937
pedestrian -1 -1 -0.59 974.56 174.78 1064.49 358.07 1.76 0.66 0.49 3.60 1.77 6.70 -0.09 0.186
cyclist -1 -1 1.30 418.43 180.65 463.16 266.66 1.77 0.62 0.88 -3.20 1.77 13.70 1.07 1.000
cyclist -1 -1 1.37 353.28 181.70 431.92 277.61 1.75 0.62 1.83 -3.60 1.91 12.80 1.09 0.868
