car -1 -1 -1.86 683.73 183.88 750.27 233.00 1.54 1.62 3.91 3.70 2.06 26.50 -1.73 1.000
car -1 -1 -1.13 763.49 175.64 1029.27 336.10 1.54 1.62 3.91 3.10 1.72 8.90 -0.79 0.999
car -1 -1 -1.35 351.74 173.59 483.24 234.17 1.54 1.62 3.91 -5.50 1.72 21.50 -1.60 0.993
car -1 -1 -2.67 107.68 183.15 382.30 272.66 1.54 1.62 3.91 -7.10 1.72 13.50 -3.15 0.992
car -1 -1 -2.54 244.57 176.97 454.61 250.91 1.54 1.62 3.91 -5.90 1.72 16.50 -2.89 0.971
car -1 -1 -1.00 428.97 173.45 532.99 212.01 1.54 1.62 3.91 -5.10 1.72 28.50 -1.18 0.934
car -1 -1 -2.42 0.00 192.91 211.48 342.43 1.46 1.49 2.95 -6.20 1.72 8.60 -3.05 0.927
car -1 -1 -0.43 499.38 176.14 553.36 199.34 1.46 1.49 2.95 -4.60 1.72 40.00 -0.55 0.927
car -1 -1 -1.57 694.28 176.63 795.46 216.95 1.54 1.62 3.91 5.50 1.72 29.10 -1.38 0.723
pedestrian -1 -1 -0.68 781.47 164.06 793.61 212.48 1.76 0.66 0.49 7.30 1.46 29.60 -0.43 0.462
