car -1 -1 -1.47 444.06 189.21 526.26 244.33 1.54 1.62 3.91 -3.50 1.72 21.30 -1.63 1.000
car -1 -1 -1.24 25.89 184.97 397.23 372.51 1.54 1.62 3.91 -3.50 1.72 7.30 -1.69 0.999
car -1 -1 -1.53 322.67 184.16 411.14 234.66 1.54 1.62 3.91 -7.90 1.72 24.30 -1.85 0.996
car -1 -1 -1.36 410.15 181.43 453.98 219.39 2.48 1.81 4.73 -10.60 2.06 43.90 -1.60 0.996
car -1 -1 -1.47 582.46 180.21 620.05 218.49 2.48 1.81 4.73 -0.20 2.06 44.30 -1.48 0.992
car -1 -1 1.86 0.00 186.30 106.85 273.53 1.46 1.49 2.95 -12.00 1.72 14.40 1.16 0.372
car -1 -1 0.27 22.85 193.20 265.07 275.76 1.54 1.62 3.91 -9.70 1.72 15.50 -0.29 0.336
car -1 -1 -0.55 152.15 190.52 252.83 235.57 1.46 1.49 2.95 -14.00 1.72 25.20 -1.05 0.251
car -1 -1 1.93 186.67 183.89 247.77 206.00 1.46 1.49 2.95 -25.40 1.39 46.40 1.43 0.202
car -1 -1 -0.24 339.30 182.60 393.91 216.49 1.46 1.49 2.95 -11.20 1.39 33.60 -0.56 0.087
