car -1 -1 0.67 406.06 157.98 488.39 225.20 2.48 1.81 4.73 -5.80 1.72 27.30 0.46 0.998
car -1 -1 1.32 520.14 160.65 557.47 201.55 2.48 1.81 4.73 -4.20 1.39 48.50 1.24 0.440
car -1 -1 1.52 449.00 161.98 500.96 211.72 2.48 1.81 4.73 -6.20 1.39 36.90 1.35 0.168
pedestrian -1 -1 -1.80 282.33 164.09 328.78 273.44 1.76 0.66 0.49 -4.70 1.46 11.20 -2.20 1.000
pedestrian -1 -1 1.64 396.60 167.55 428.64 256.59 1.76 0.66 0.49 -4.40 1.77 16.70 1.38 0.999
pedestrian -1 -1 -1.61 810.37 161.71 868.34 318.63 1.68 0.41 1.64 2.70 1.56 8.70 -1.31 0.999
pedestrian -1 -1 -0.66 628.58 170.84 651.48 241.66 1.76 0.66 0.49 0.90 1.15 16.80 -0.61 0.998
pedestrian -1 -1 2.36 1080.58 133.85 1146.00 313.07 1.76 0.66 0.49 6.30 1.46 9.00 2.97 0.998
pedestrian -1 -1 1.61 1023.72 150.83 1080.06 288.30 1.76 0.66 0.49 7.30 1.46 11.80 2.17 0.998
pedestrian -1 -1 -2.54 728.15 166.85 775.44 327.53 1.76 0.66 0.49 1.70 1.46 8.40 -2.34 0.994
pedestrian -1 -1 -1.41 1125.42 139.03 1179.21 276.82 1.77 0.62 0.88 9.40 1.15 12.10 -0.75 0.934
pedestrian -1 -1 2.48 681.61 180.20 698.36 227.29 1.76 0.66 0.49 2.90 1.46 23.20 2.60 0.855
pedestrian -1 -1 0.40 240.02 172.27 252.40 225.45 1.76 0.66 0.49 -16.70 1.77 33.80 -0.06 0.441
pedestrian -1 -1 1.84 370.38 167.50 387.87 251.71 1.76 0.66 0.49 -6.50 1.46 21.20 1.54 0.366
pedestrian -1 -1 -1.35 802.36 172.93 835.56 285.01 1.76 0.66 0.49 3.70 1.46 12.80 -1.07 0.363
pedestrian -1 -1 -0.01 704.93 177.71 717.58 218.69 1.76 0.66 0.49 5.60 1.46 35.90 0.15 0.314
pedestrian -1 -1 0.00 262.13 163.23 286.88 214.84 1.87 0.84 1.11 -16.50 1.46 36.70 -0.42 0.063
cyclist -1 -1 1.49 374.55 169.85 433.80 255.22 1.75 0.62 1.83 -4.40 1.56 16.20 1.23 0.082
cyclist -1 -1 0.26 1071.76 136.26 1202.55 296.30 1.75 0.62 1.83 7.80 1.56 10.20 0.91 0.054
