car -1 -1 -1.71 663.67 179.59 726.29 227.91 1.54 1.62 3.91 2.70 1.72 23.90 -1.59 1.000
car -1 -1 1.09 11.53 179.82 294.87 337.52 1.54 1.62 3.91 -6.30 1.72 10.10 0.53 0.990
car -1 -1 -2.56 412.93 172.63 507.94 213.66 1.46 1.49 2.95 -5.00 1.39 24.60 -2.76 0.977
car -1 -1 0.39 121.06 167.80 345.41 295.17 1.54 1.62 3.91 -5.90 1.72 12.10 -0.06 0.974
car -1 -1 -1.85 734.71 165.42 927.92 325.27 1.54 1.62 3.91 2.90 1.72 10.50 -1.58 0.969
car -1 -1 -0.99 349.18 175.98 493.51 230.04 1.54 1.62 3.91 -5.90 1.72 23.10 -1.24 0.940
car -1 -1 -0.60 710.75 173.48 836.02 216.73 1.54 1.62 3.91 6.70 1.72 28.30 -0.37 0.888
car -1 -1 -1.08 507.26 175.28 551.16 202.64 1.54 1.62 3.91 -4.10 1.72 38.90 -1.18 0.801
car -1 -1 -2.37 446.96 176.40 534.80 206.31 1.54 1.62 3.91 -5.10 1.72 33.70 -2.52 0.309
car -1 -1 -2.42 216.10 171.81 385.75 255.51 1.54 1.62 3.91 -5.90 1.39 14.30 -2.81 0.204
car -1 -1 -1.60 627.89 173.36 652.92 195.93 1.46 1.49 2.95 1.80 1.39 42.00 -1.55 0.151
car -1 -1 -2.01 278.62 179.12 451.94 241.21 1.46 1.49 2.95 -6.00 1.72 17.00 -2.35 0.142
pedestrian -1 -1 -0.77 843.56 192.98 866.23 242.47 1.41 0.50 1.32 7.80 1.91 23.20 -0.44 0.152
