car -1 -1 -1.58 500.45 184.59 543.77 216.01 1.54 1.62 3.91 -3.90 1.39 34.10 -1.70 1.000
car -1 -1 -1.44 436.37 180.88 514.02 233.91 1.54 1.62 3.91 -4.30 1.39 23.50 -1.62 0.999
car -1 -1 -1.01 134.86 175.40 449.39 371.01 1.54 1.62 3.91 -3.30 1.39 7.70 -1.42 0.998
car -1 -1 -1.41 565.60 180.38 612.07 221.08 1.54 1.62 3.91 -0.90 1.39 31.90 -1.44 0.996
car -1 -1 -0.54 65.90 183.93 300.58 288.05 1.46 1.49 2.95 -6.60 1.39 11.40 -1.06 0.990
car -1 -1 -1.70 397.03 182.05 454.58 217.33 1.54 1.62 3.91 -7.50 1.39 30.50 -1.95 0.958
car -1 -1 0.33 307.87 180.05 422.57 229.18 1.46 1.49 2.95 -7.60 1.39 22.60 0.00 0.127
car -1 -1 0.05 223.47 182.11 420.00 256.55 1.46 1.49 2.95 -6.00 1.39 15.00 -0.33 0.069
pedestrian -1 -1 0.47 289.53 180.78 301.48 222.86 1.76 0.66 0.49 -14.30 1.77 32.80 0.06 0.165
pedestrian -1 -1 1.10 228.17 182.22 247.76 227.54 1.77 0.62 0.88 -16.10 1.77 31.20 0.62 0.139
