car -1 -1 1.33 818.81 176.53 928.89 237.19 1.54 1.62 3.91 7.30 1.72 20.90 1.67 1.000
car -1 -1 -1.90 343.86 195.12 465.13 264.73 1.54 1.62 3.91 -4.90 2.06 17.90 -2.17 1.000
car -1 -1 1.29 732.29 174.24 804.68 227.14 1.54 1.62 3.91 4.90 1.72 22.90 1.50 0.987
car -1 -1 2.32 2.94 188.82 65.63 224.71 1.46 1.49 2.95 -23.60 2.06 28.40 1.63 0.970
car -1 -1 -1.97 463.74 167.38 751.12 314.64 1.46 1.49 2.95 0.00 1.39 9.00 -1.97 0.920
car -1 -1 -1.71 220.90 189.51 290.30 228.99 1.46 1.49 2.95 -12.80 2.06 26.80 -2.16 0.915
car -1 -1 -1.57 627.96 165.92 747.12 296.97 1.46 1.49 2.95 1.00 1.39 10.60 -1.47 0.534
car -1 -1 -0.41 410.30 178.94 493.09 226.60 1.54 1.62 3.91 -4.70 1.72 21.90 -0.62 0.503
car -1 -1 -1.49 204.82 187.67 263.26 220.45 1.46 1.49 2.95 -18.60 2.06 35.80 -1.96 0.225
car -1 -1 1.75 364.30 182.15 448.01 214.61 1.54 1.62 3.91 -9.90 2.06 34.30 1.47 0.201
car -1 -1 1.27 893.66 173.94 964.45 220.36 1.46 1.49 2.95 12.40 1.72 28.60 1.68 0.104
cyclist -1 -1 -1.57 816.54 186.54 853.09 236.52 1.41 0.50 1.32 6.40 1.91 21.20 -1.27 0.393
