car -1 -1 1.37 364.88 158.78 518.19 266.31 1.54 1.62 3.91 -2.90 1.39 13.70 1.17 0.976
car -1 -1 1.49 481.08 168.55 537.98 234.40 2.48 1.81 4.73 -4.20 2.06 34.10 1.36 0.192
pedestrian -1 -1 0.65 826.61 161.49 894.29 345.72 1.76 0.66 0.49 3.20 1.46 8.90 0.99 1.000
pedestrian -1 -1 2.10 538.66 172.59 558.07 240.09 1.76 0.66 0.49 -1.50 1.77 20.80 2.03 1.000
pedestrian -1 -1 -1.24 1044.12 150.04 1127.51 347.30 1.76 0.66 0.49 5.10 1.46 7.80 -0.66 0.999
pedestrian -1 -1 1.53 107.24 154.62 169.03 361.24 1.76 0.66 0.49 -4.90 1.77 7.60 0.96 0.998
pedestrian -1 -1 2.60 604.49 174.25 621.85 236.68 1.76 0.66 0.49 0.30 1.77 21.60 2.61 0.994
pedestrian -1 -1 -0.78 622.78 173.08 643.02 237.70 1.76 0.66 0.49 0.90 1.77 20.60 -0.74 0.837
pedestrian -1 -1 2.24 804.83 192.40 831.02 282.95 1.77 0.62 0.88 4.80 2.08 16.10 2.53 0.102
pedestrian -1 -1 0.77 140.46 160.47 168.64 254.77 1.76 0.66 0.49 -14.20 1.46 22.70 0.21 0.081
cyclist -1 -1 -0.34 91.64 171.61 197.04 292.94 1.87 0.84 1.11 -6.50 1.15 10.10 -0.91 0.166
