car -1 -1 -0.57 847.05 191.56 1103.10 276.99 1.54 1.62 3.91 6.90 2.06 13.90 -0.11 0.997
car -1 -1 -0.01 205.35 177.54 436.46 260.21 1.54 1.62 3.91 -5.50 1.72 13.90 -0.39 0.997
car -1 -1 -1.76 638.24 183.34 672.16 209.65 1.54 1.62 3.91 2.30 2.06 38.10 -1.70 0.991
car -1 -1 -1.37 412.17 176.52 523.22 216.28 1.54 1.62 3.91 -5.30 1.72 28.30 -1.56 0.990
car -1 -1 -0.29 717.67 182.87 842.14 227.73 1.54 1.62 3.91 6.50 2.06 28.30 -0.06 0.986
car -1 -1 -2.70 313.71 177.27 468.43 240.72 1.54 1.62 3.91 -6.30 1.72 20.10 -3.00 0.982
car -1 -1 -0.70 818.51 185.28 986.44 258.05 1.54 1.62 3.91 6.10 1.72 15.70 -0.33 0.974
car -1 -1 -2.26 40.00 180.87 367.04 301.50 1.54 1.62 3.91 -5.90 1.72 10.70 -2.77 0.964
car -1 -1 -2.65 0.85 188.64 205.38 338.23 1.46 1.49 2.95 -7.00 1.72 8.80 -3.32 0.423
car -1 -1 -2.87 387.67 175.77 471.78 226.46 1.54 1.62 3.91 -6.70 1.72 27.10 -3.11 0.228
