car -1 -1 -1.73 466.00 183.79 524.50 222.87 1.54 1.62 3.91 -4.90 2.06 30.70 -1.89 0.999
car -1 -1 -1.77 567.22 188.76 716.90 276.76 1.46 1.49 2.95 0.60 2.06 15.40 -1.74 0.998
car -1 -1 1.82 280.18 184.14 334.31 216.19 1.46 1.49 2.95 -14.60 2.06 35.60 1.43 0.989
car -1 -1 -0.81 646.99 171.20 745.09 205.90 1.54 1.62 3.91 3.70 1.39 31.50 -0.69 0.988
car -1 -1 0.06 22.20 198.80 200.78 316.65 1.46 1.49 2.95 -8.60 2.06 13.00 -0.53 0.988
car -1 -1 -1.65 451.78 180.02 499.04 212.71 1.54 1.62 3.91 -7.10 2.06 39.70 -1.82 0.987
car -1 -1 -2.13 731.39 132.80 1180.55 368.74 2.48 1.81 4.73 3.00 2.06 7.70 -1.76 0.987
car -1 -1 0.29 65.63 187.91 159.21 222.30 1.46 1.49 2.95 -21.60 2.06 31.40 -0.31 0.918
car -1 -1 0.49 633.36 174.74 674.50 206.95 1.54 1.62 3.91 2.10 1.72 35.90 0.54 0.083
car -1 -1 -1.39 438.25 175.79 468.19 197.54 1.46 1.49 2.95 -10.60 1.72 49.20 -1.60 0.066
car -1 -1 -1.65 1026.56 204.03 1238.10 368.10 1.46 1.49 2.95 7.00 2.06 8.80 -0.98 0.050
