car -1 -1 -1.09 764.44 186.05 1000.46 332.24 1.46 1.49 2.95 3.00 1.72 8.80 -0.76 1.000
car -1 -1 1.64 483.02 167.71 542.41 212.34 1.54 1.62 3.91 -3.70 1.39 27.90 1.51 0.999
car -1 -1 -1.82 686.01 175.19 759.34 230.65 1.54 1.62 3.91 3.30 1.72 22.70 -1.68 0.999
car -1 -1 -1.84 722.45 177.99 840.93 264.44 1.54 1.62 3.91 3.50 1.72 14.90 -1.61 0.999
car -1 -1 -1.74 661.13 171.87 723.07 216.94 1.46 1.49 2.95 2.60 1.39 23.80 -1.63 0.996
car -1 -1 -1.76 646.99 168.67 689.39 205.30 1.46 1.49 2.95 2.60 1.39 32.00 -1.68 0.995
car -1 -1 1.62 312.92 164.62 473.21 297.66 2.48 1.81 4.73 -4.20 2.06 14.90 1.35 0.671
car -1 -1 1.61 8.31 223.63 385.23 374.00 1.46 1.49 2.95 -3.80 2.06 6.60 1.08 0.559
car -1 -1 1.54 523.68 170.86 559.19 195.15 1.54 1.62 3.91 -3.90 1.39 43.70 1.45 0.523
car -1 -1 1.49 512.40 166.99 547.61 203.05 2.48 1.81 4.73 -5.40 2.06 49.90 1.38 0.396
