car -1 -1 -1.20 151.53 188.42 339.20 293.29 1.54 1.62 3.91 -6.30 1.72 13.10 -1.65 0.999
car -1 -1 -1.44 299.93 186.75 405.47 249.29 1.54 1.62 3.91 -7.10 1.72 20.10 -1.78 0.999
car -1 -1 -1.45 360.91 182.48 431.54 227.67 1.46 1.49 2.95 -7.40 1.39 25.60 -1.73 0.998
car -1 -1 -1.50 607.26 177.44 716.11 265.16 1.54 1.62 3.91 1.10 1.39 15.10 -1.43 0.997
car -1 -1 -1.57 416.27 183.46 459.98 211.25 1.46 1.49 2.95 -8.80 1.39 37.80 -1.80 0.996
car -1 -1 -1.65 498.72 180.31 550.93 224.51 2.48 1.81 4.73 -4.20 2.06 38.70 -1.76 0.991
car -1 -1 -0.88 73.10 165.56 247.30 259.71 2.48 1.81 4.73 -12.00 2.06 20.30 -1.42 0.745
car -1 -1 -1.54 492.47 183.94 530.98 212.33 1.54 1.62 3.91 -5.90 1.72 43.70 -1.67 0.518
car -1 -1 -1.12 263.94 186.42 321.52 215.49 1.54 1.62 3.91 -19.90 1.72 45.50 -1.53 0.054
pedestrian -1 -1 -0.18 542.69 168.09 549.37 202.44 1.76 0.66 0.49 -4.30 1.15 50.20 -0.26 0.181
