car -1 -1 -1.09 213.09 180.75 449.89 333.73 1.54 1.62 3.91 -3.50 1.72 9.90 -1.43 0.998
car -1 -1 0.16 264.63 189.83 336.73 223.55 1.54 1.62 3.91 -14.90 2.06 35.30 -0.24 0.213
pedestrian -1 -1 1.14 160.73 174.53 186.08 248.94 1.76 0.66 0.49 -12.30 1.77 20.20 0.59 1.000
pedestrian -1 -1 -2.29 121.44 173.97 169.56 260.27 1.76 0.66 0.49 -8.70 1.77 13.40 -2.87 1.000
pedestrian -1 -1 -1.89 76.93 175.77 126.05 260.05 1.76 0.66 0.49 -11.10 1.77 15.60 -2.51 1.000
pedestrian -1 -1 -0.34 400.09 158.81 429.42 225.87 1.87 0.84 1.11 -5.90 1.46 22.10 -0.61 0.999
pedestrian -1 -1 0.57 321.58 162.48 344.22 235.66 1.76 0.66 0.49 -6.90 1.46 18.00 0.20 0.993
pedestrian -1 -1 0.58 597.67 152.13 647.71 239.81 1.75 0.62 1.83 0.60 1.56 20.20 0.61 0.990
pedestrian -1 -1 0.77 1133.33 162.53 1153.52 209.01 1.76 0.66 0.49 22.70 1.46 29.80 1.42 0.434
cyclist -1 -1 -0.65 898.17 147.22 937.03 199.71 1.76 0.66 0.49 8.60 0.84 19.50 -0.23 0.996
cyclist -1 -1 -0.06 1182.19 144.07 1223.00 205.94 1.75 0.62 1.83 23.80 0.85 27.40 0.65 0.708
cyclist -1 -1 0.34 389.03 161.36 442.51 225.41 1.75 0.62 1.83 -6.80 1.21 24.40 0.07 0.090
