car -1 -1 -1.67 703.91 178.93 910.73 323.80 1.46 1.49 2.95 2.20 1.39 8.60 -1.42 1.000
car -1 -1 -1.14 38.09 180.40 342.33 360.16 1.54 1.62 3.91 -4.70 1.72 8.90 -1.63 0.999
car -1 -1 -1.33 353.62 183.08 454.12 249.36 1.54 1.62 3.91 -5.90 1.72 21.10 -1.60 0.999
car -1 -1 -1.39 426.53 188.56 489.18 231.04 1.54 1.62 3.91 -6.30 1.72 30.30 -1.59 0.998
car -1 -1 -1.64 560.47 182.90 600.54 221.21 1.54 1.62 3.91 -1.10 1.72 33.50 -1.67 0.989
car -1 -1 -1.55 480.22 183.98 517.83 210.68 1.54 1.62 3.91 -6.30 1.39 41.50 -1.70 0.972
car -1 -1 -1.44 450.99 185.87 497.44 219.72 1.46 1.49 2.95 -5.60 1.39 31.20 -1.62 0.948
car -1 -1 -1.76 0.00 167.16 179.71 293.47 2.48 1.81 4.73 -12.20 2.06 16.10 -2.40 0.694
car -1 -1 -1.57 547.09 186.56 578.07 212.46 1.46 1.49 2.95 -2.60 1.72 40.80 -1.63 0.650
car -1 -1 -0.05 278.25 171.00 350.18 233.41 2.48 1.81 4.73 -13.60 2.06 33.70 -0.43 0.181
pedestrian -1 -1 -0.54 424.86 178.41 438.22 213.22 1.76 0.66 0.49 -9.20 1.46 37.90 -0.78 0.093
