car -1 -1 -1.98 793.57 180.74 1001.66 312.04 1.54 1.62 3.91 3.90 1.72 10.90 -1.63 1.000
car -1 -1 -1.53 743.15 179.91 859.65 255.70 1.54 1.62 3.91 4.10 1.72 15.70 -1.27 1.000
car -1 -1 1.78 410.29 183.91 500.54 243.08 1.54 1.62 3.91 -4.30 1.72 20.30 1.57 0.999
car -1 -1 -1.80 717.24 178.35 796.93 230.40 1.54 1.62 3.91 4.30 1.72 21.90 -1.60 0.999
car -1 -1 1.63 465.64 180.75 528.30 224.96 1.46 1.49 2.95 -3.80 1.72 25.20 1.48 0.998
car -1 -1 -1.79 694.56 175.91 758.64 221.15 1.54 1.62 3.91 4.30 1.72 27.10 -1.64 0.998
car -1 -1 -1.58 683.58 176.58 732.03 210.80 1.54 1.62 3.91 4.50 1.72 33.50 -1.45 0.951
car -1 -1 1.49 500.97 182.19 545.35 214.40 1.54 1.62 3.91 -4.50 2.06 38.10 1.37 0.899
car -1 -1 1.75 548.28 177.31 581.65 201.13 1.46 1.49 2.95 -2.60 1.72 43.60 1.69 0.862
car -1 -1 -1.00 958.26 174.60 1030.20 207.55 1.46 1.49 2.95 18.20 1.72 34.40 -0.52 0.571
car -1 -1 -0.93 868.02 170.90 927.91 204.10 1.46 1.49 2.95 13.00 1.39 32.80 -0.56 0.422
car -1 -1 0.14 845.50 174.49 955.36 248.17 1.54 1.62 3.91 7.70 1.72 19.10 0.52 0.056
