car -1 -1 1.71 362.11 183.55 476.92 256.25 1.54 1.62 3.91 -4.30 1.72 16.90 1.46 1.000
car -1 -1 -1.90 847.64 170.97 1207.48 374.00 1.54 1.62 3.91 3.90 1.72 7.90 -1.45 1.000
car -1 -1 -1.75 767.17 183.45 932.69 286.64 1.54 1.62 3.91 3.70 1.72 12.10 -1.45 0.999
car -1 -1 -1.88 728.08 178.53 828.90 248.47 1.54 1.62 3.91 4.30 1.72 19.50 -1.66 0.999
car -1 -1 1.64 437.95 182.25 512.05 232.24 1.46 1.49 2.95 -3.80 1.72 21.40 1.46 0.998
car -1 -1 -1.72 699.89 179.62 782.32 228.17 1.54 1.62 3.91 4.10 1.72 24.10 -1.55 0.998
car -1 -1 1.81 537.89 176.81 573.02 203.49 1.46 1.49 2.95 -3.00 1.72 40.80 1.74 0.988
car -1 -1 -1.50 686.60 178.71 739.23 217.07 1.46 1.49 2.95 4.20 1.72 29.20 -1.36 0.987
car -1 -1 1.52 479.47 183.72 531.89 218.27 1.54 1.62 3.91 -4.90 2.06 35.10 1.38 0.964
car -1 -1 -1.92 1028.49 176.03 1167.75 218.11 1.54 1.62 3.91 18.50 1.72 27.50 -1.33 0.298
