car -1 -1 -1.74 675.32 191.31 759.10 249.48 1.54 1.62 3.91 2.70 2.06 19.10 -1.60 0.999
car -1 -1 -2.32 0.00 194.49 242.97 340.48 1.46 1.49 2.95 -6.00 1.72 8.80 -2.92 0.997
car -1 -1 -1.68 643.90 187.14 700.11 227.03 1.46 1.49 2.95 2.40 2.06 28.40 -1.60 0.989
car -1 -1 -2.18 303.10 190.83 454.23 243.22 1.54 1.62 3.91 -6.90 2.06 21.90 -2.48 0.986
car -1 -1 -1.80 441.37 182.90 522.16 223.08 1.46 1.49 2.95 -5.20 2.06 30.60 -1.97 0.960
car -1 -1 -2.74 198.97 191.30 424.59 266.07 1.54 1.62 3.91 -7.30 2.06 16.70 -3.15 0.954
car -1 -1 1.53 1042.69 199.69 1236.26 341.49 1.46 1.49 2.95 7.00 1.72 8.40 2.23 0.667
car -1 -1 -1.35 502.67 181.92 551.91 208.49 1.46 1.49 2.95 -5.20 2.06 45.40 -1.47 0.647
car -1 -1 -2.51 82.03 199.33 303.05 298.26 1.46 1.49 2.95 -6.40 2.06 11.60 -3.02 0.479
car -1 -1 -0.92 371.62 188.46 487.00 232.23 1.46 1.49 2.95 -5.40 1.72 22.20 -1.16 0.336
pedestrian -1 -1 1.02 463.84 158.43 483.28 206.96 1.68 0.41 1.64 -4.70 1.21 25.30 0.83 0.068
