car -1 -1 -1.94 772.35 183.29 1111.59 374.00 1.54 1.62 3.91 2.70 1.72 7.30 -1.59 0.999
car -1 -1 -0.01 689.02 172.72 757.15 202.41 1.54 1.62 3.91 6.50 1.72 42.70 0.14 0.996
car -1 -1 -0.45 734.88 174.58 849.81 216.90 1.54 1.62 3.91 7.10 1.72 28.90 -0.21 0.994
car -1 -1 -2.33 299.61 165.57 467.82 224.60 1.54 1.62 3.91 -6.10 1.39 19.50 -2.64 0.982
car -1 -1 -1.16 5.86 164.33 338.88 307.69 1.54 1.62 3.91 -6.10 1.72 10.10 -1.70 0.977
car -1 -1 -2.40 398.97 163.90 509.14 215.42 2.48 1.81 4.73 -7.90 2.06 36.00 -2.62 0.972
car -1 -1 -1.59 635.25 171.35 663.04 195.33 1.54 1.62 3.91 2.90 1.72 52.50 -1.54 0.966
car -1 -1 -0.98 126.68 145.23 414.60 265.53 2.48 1.81 4.73 -7.50 2.06 15.80 -1.43 0.255
car -1 -1 -1.79 478.57 165.45 546.40 198.57 2.48 1.81 4.73 -6.50 2.06 48.40 -1.93 0.185
car -1 -1 -1.63 276.34 172.29 404.64 269.18 1.46 1.49 2.95 -5.20 1.72 14.20 -1.98 0.100
car -1 -1 -2.54 451.47 164.55 520.58 204.26 2.48 1.81 4.73 -7.90 2.06 47.80 -2.70 0.062
