car -1 -1 1.29 772.02 188.33 940.86 298.33 1.54 1.62 3.91 4.30 2.06 13.30 1.60 0.999
car -1 -1 1.48 428.55 161.39 547.35 273.91 2.48 1.81 4.73 -2.80 2.06 17.30 1.32 0.999
car -1 -1 1.58 555.84 176.29 598.95 209.90 1.54 1.62 3.91 -1.30 1.72 31.50 1.54 0.999
car -1 -1 0.80 727.00 187.02 815.45 250.34 1.54 1.62 3.91 4.90 2.06 22.10 1.02 0.997
car -1 -1 -1.63 714.64 183.50 779.13 234.98 1.54 1.62 3.91 4.70 2.06 26.30 -1.45 0.980
car -1 -1 -1.54 681.54 180.36 727.59 211.19 1.54 1.62 3.91 4.90 2.06 38.70 -1.41 0.969
car -1 -1 -1.68 697.56 181.92 746.16 218.44 1.46 1.49 2.95 4.40 1.72 28.20 -1.52 0.965
car -1 -1 -1.82 871.32 190.89 1230.40 373.12 1.46 1.49 2.95 3.80 1.72 6.60 -1.29 0.805
car -1 -1 0.03 672.43 178.31 707.11 204.48 1.46 1.49 2.95 4.20 1.72 40.00 0.13 0.658
car -1 -1 1.61 41.22 217.56 316.77 370.10 1.46 1.49 2.95 -4.80 2.06 8.60 1.10 0.395
car -1 -1 1.72 476.40 176.10 560.14 245.09 1.54 1.62 3.91 -2.30 1.72 19.30 1.60 0.221
pedestrian -1 -1 2.51 892.13 180.41 972.51 372.75 1.76 0.66 0.49 2.90 1.77 6.60 2.93 0.997
