car -1 -1 -1.68 714.55 173.90 849.45 270.35 1.54 1.62 3.91 3.30 1.72 14.70 -1.46 1.000
car -1 -1 1.78 432.01 180.47 495.90 220.82 1.46 1.49 2.95 -4.80 1.72 24.20 1.59 0.999
car -1 -1 -1.34 284.99 184.66 424.25 260.42 1.46 1.49 2.95 -5.20 1.72 15.00 -1.67 0.999
car -1 -1 2.00 0.00 214.77 163.86 373.95 1.46 1.49 2.95 -7.20 2.06 9.00 1.32 0.997
car -1 -1 1.78 468.36 182.67 512.28 214.76 1.54 1.62 3.91 -6.30 2.06 37.30 1.61 0.984
car -1 -1 2.45 892.93 145.93 1156.97 230.80 2.48 1.81 4.73 11.10 1.72 19.20 2.97 0.907
car -1 -1 1.54 1077.46 138.91 1241.00 275.61 2.48 1.81 4.73 10.90 1.72 12.80 2.25 0.890
car -1 -1 1.46 724.59 157.01 807.95 212.53 2.48 1.81 4.73 8.70 2.06 39.80 1.68 0.552
car -1 -1 1.86 493.28 179.29 530.22 208.34 1.46 1.49 2.95 -4.80 1.72 35.40 1.72 0.364
car -1 -1 0.20 303.53 182.95 364.82 224.42 1.46 1.49 2.95 -12.00 2.06 31.20 -0.17 0.099
