car -1 -1 -1.70 633.22 189.35 669.41 220.86 1.46 1.49 2.95 1.80 2.06 32.00 -1.65 0.999
car -1 -1 -2.43 231.19 177.53 434.83 255.89 1.46 1.49 2.95 -4.80 1.39 12.80 -2.79 0.998
car -1 -1 -0.12 811.98 190.45 1043.67 280.03 1.46 1.49 2.95 5.20 1.72 12.00 0.29 0.990
car -1 -1 -2.95 124.63 187.75 375.17 286.53 1.46 1.49 2.95 -5.60 1.72 11.60 -3.40 0.983
car -1 -1 -1.74 417.28 186.08 519.41 216.41 1.54 1.62 3.91 -5.90 2.06 30.90 -1.93 0.979
car -1 -1 -0.16 871.46 188.60 1172.02 304.89 1.46 1.49 2.95 5.20 1.72 9.40 0.34 0.977
car -1 -1 0.24 731.06 190.75 908.57 244.51 1.54 1.62 3.91 5.50 2.06 20.30 0.51 0.896
car -1 -1 -1.10 1.08 185.82 232.94 361.80 1.46 1.49 2.95 -5.40 1.39 7.20 -1.74 0.810
car -1 -1 0.85 721.87 183.24 824.32 233.99 1.46 1.49 2.95 5.20 1.72 23.60 1.07 0.259
car -1 -1 -1.33 471.96 185.76 539.21 212.48 1.46 1.49 2.95 -5.00 2.06 35.00 -1.47 0.182
pedestrian -1 -1 -0.26 1010.16 151.98 1029.34 232.99 1.76 0.66 0.49 11.30 1.46 20.00 0.25 0.228
cyclist -1 -1 0.96 528.73 184.36 548.82 219.30 1.41 0.50 1.32 -3.80 2.27 38.00 0.86 0.873
