car -1 -1 -1.98 869.00 179.46 1241.00 374.00 1.54 1.62 3.91 4.10 1.72 7.50 -1.48 1.000
car -1 -1 -1.71 750.90 182.04 928.23 289.85 1.54 1.62 3.91 3.70 1.72 12.90 -1.43 0.999
car -1 -1 1.62 346.18 188.16 458.04 258.12 1.54 1.62 3.91 -5.50 2.06 19.10 1.34 0.999
car -1 -1 1.89 194.30 191.66 404.33 306.98 1.46 1.49 2.95 -4.60 1.72 10.40 1.47 0.998
car -1 -1 1.63 489.70 179.43 537.38 212.75 1.54 1.62 3.91 -4.10 1.72 31.90 1.50 0.997
car -1 -1 -1.66 719.64 178.30 822.14 252.34 1.54 1.62 3.91 3.50 1.72 16.90 -1.46 0.997
car -1 -1 -1.72 704.94 178.78 780.74 232.81 1.54 1.62 3.91 3.90 1.72 22.50 -1.55 0.997
car -1 -1 -1.58 686.70 175.34 740.61 219.33 1.54 1.62 3.91 3.90 1.72 28.10 -1.44 0.983
car -1 -1 1.62 513.56 178.33 552.94 207.60 1.46 1.49 2.95 -4.00 1.72 37.80 1.52 0.904
car -1 -1 2.12 0.00 190.89 246.59 374.00 1.46 1.49 2.95 -4.60 1.72 6.00 1.47 0.877
car -1 -1 -1.16 1124.86 174.26 1216.54 219.99 1.46 1.49 2.95 21.40 1.72 27.60 -0.50 0.770
pedestrian -1 -1 1.14 953.40 171.07 975.66 257.93 1.76 0.66 0.49 10.70 2.08 21.80 1.59 0.666
cyclist -1 -1 1.50 919.48 168.02 1010.71 244.51 1.68 0.41 1.64 9.70 1.56 19.30 1.97 0.864
