car -1 -1 -1.69 633.49 185.58 669.27 214.57 1.54 1.62 3.91 2.10 2.06 37.10 -1.63 0.997
car -1 -1 -2.31 251.87 170.14 450.84 250.48 1.46 1.49 2.95 -4.80 1.39 13.20 -2.66 0.995
car -1 -1 -2.60 41.67 182.56 375.62 290.91 1.54 1.62 3.91 -6.50 1.72 11.50 -3.11 0.992
car -1 -1 -1.06 0.00 173.49 246.00 374.00 1.54 1.62 3.91 -6.30 1.72 8.70 -1.69 0.981
car -1 -1 0.08 793.66 187.18 1016.88 265.47 1.54 1.62 3.91 5.70 1.72 14.30 0.46 0.973
car -1 -1 -1.12 417.70 182.25 520.61 215.28 1.54 1.62 3.91 -6.30 2.06 32.90 -1.31 0.954
car -1 -1 1.45 723.37 181.29 825.07 238.33 1.54 1.62 3.91 4.10 1.72 19.30 1.66 0.784
car -1 -1 -0.06 850.66 183.97 1191.34 298.60 1.54 1.62 3.91 5.30 1.72 10.10 0.43 0.746
car -1 -1 -1.57 622.11 181.19 648.80 203.43 1.54 1.62 3.91 1.70 2.06 47.50 -1.53 0.652
car -1 -1 0.20 734.61 186.65 922.57 246.41 1.54 1.62 3.91 5.30 2.06 18.50 0.48 0.293
car -1 -1 -0.32 469.98 181.14 540.44 206.56 1.54 1.62 3.91 -5.70 2.06 40.50 -0.46 0.271
car -1 -1 -1.36 337.43 179.13 458.12 235.65 1.46 1.49 2.95 -5.40 1.72 19.80 -1.63 0.089
pedestrian -1 -1 -1.08 1168.96 166.35 1209.80 250.54 1.41 0.50 1.32 13.80 1.56 17.20 -0.40 0.087
cyclist -1 -1 1.48 533.74 181.25 554.54 216.13 1.41 0.50 1.32 -3.60 2.27 40.20 1.39 0.991
