pedestrian -1 -1 -1.44 922.60 171.42 967.11 281.50 1.77 0.62 0.88 6.20 1.77 12.90 -0.99 0.999
pedestrian -1 -1 -0.45 581.74 172.23 602.68 244.67 1.75 0.62 1.83 -0.20 1.56 20.80 -0.46 0.999
pedestrian -1 -1 1.87 293.17 184.76 363.03 369.35 1.76 0.66 0.49 -2.60 1.77 6.70 1.50 0.995
pedestrian -1 -1 1.63 455.93 183.55 497.74 291.65 1.76 0.66 0.49 -2.30 2.08 13.60 1.47 0.970
pedestrian -1 -1 0.09 622.44 172.37 635.88 219.63 1.75 0.62 1.83 1.20 1.56 30.00 0.13 0.961
pedestrian -1 -1 1.51 560.05 174.20 574.25 227.17 1.75 0.62 1.83 -1.60 1.56 33.60 1.46 0.920
pedestrian -1 -1 0.75 539.39 175.58 557.77 236.38 1.68 0.41 1.64 -1.70 1.56 23.50 0.67 0.590
pedestrian -1 -1 -0.10 609.37 176.18 618.53 219.42 1.68 0.41 1.64 0.70 1.91 37.30 -0.08 0.553
pedestrian -1 -1 -0.97 680.16 170.30 691.64 218.65 1.76 0.66 0.49 4.30 1.46 35.80 -0.85 0.113
pedestrian -1 -1 0.56 596.80 173.74 607.63 232.05 1.68 0.41 1.64 0.10 1.91 28.30 0.56 0.089
pedestrian -1 -1 0.26 618.10 176.29 624.55 217.23 1.68 0.41 1.64 1.10 1.91 38.50 0.29 0.062
pedestrian -1 -1 2.03 557.18 171.81 564.40 225.93 1.68 0.41 1.64 -1.90 1.56 33.70 1.97 0.051
cyclist -1 -1 0.85 435.51 185.36 519.58 285.64 1.87 0.84 1.11 -2.50 2.08 13.30 0.66 0.984
cyclist -1 -1 2.10 261.06 190.43 397.39 345.33 1.41 0.50 1.32 -2.80 1.56 6.80 1.71 0.579
cyclist -1 -1 -0.79 575.59 177.20 610.83 240.45 1.87 0.84 1.11 -0.30 1.46 18.90 -0.81 0.111
