car -1 -1 -1.98 801.26 211.88 1201.62 373.00 1.54 1.62 3.91 3.90 2.06 7.70 -1.51 0.936
pedestrian -1 -1 1.83 64.06 159.87 146.41 354.80 1.76 0.66 0.49 -5.50 1.77 8.00 1.23 0.999
pedestrian -1 -1 -2.10 327.28 161.00 365.25 263.34 1.77 0.62 0.88 -6.00 1.46 16.90 -2.44 0.999
pedestrian -1 -1 2.43 617.68 170.04 646.31 233.05 1.87 0.84 1.11 1.10 1.77 22.90 2.48 0.995
pedestrian -1 -1 0.24 506.33 168.37 522.35 233.80 1.76 0.66 0.49 -2.70 1.77 22.20 0.11 0.984
pedestrian -1 -1 2.08 559.65 168.84 579.26 225.61 1.75 0.62 1.83 -1.20 1.56 27.80 2.03 0.837
pedestrian -1 -1 0.22 647.04 163.66 658.35 201.99 1.75 0.62 1.83 2.60 1.21 36.20 0.30 0.324
cyclist -1 -1 1.84 545.72 172.33 591.78 223.07 1.87 0.84 1.11 -1.30 1.46 23.90 1.79 0.856
cyclist -1 -1 -0.33 689.75 158.40 722.72 208.75 1.87 0.84 1.11 4.30 1.15 29.70 -0.18 0.197
cyclist -1 -1 0.55 495.06 174.69 532.99 225.01 1.68 0.41 1.64 -3.70 1.56 30.10 0.43 0.073
