car -1 -1 -1.64 705.72 185.86 814.56 269.07 1.54 1.62 3.91 3.30 2.06 17.30 -1.46 0.998
car -1 -1 -1.84 259.62 179.05 459.52 249.18 1.54 1.62 3.91 -5.30 1.72 15.50 -2.17 0.994
car -1 -1 -0.99 1.47 191.51 358.46 312.60 1.54 1.62 3.91 -5.90 1.72 9.90 -1.53 0.969
car -1 -1 -2.60 377.18 175.99 507.41 221.80 1.54 1.62 3.91 -5.50 1.72 23.70 -2.83 0.967
car -1 -1 -1.08 147.74 180.23 420.94 288.08 1.54 1.62 3.91 -5.70 1.72 12.10 -1.52 0.931
car -1 -1 0.13 756.37 177.94 942.52 238.89 1.54 1.62 3.91 6.50 1.72 19.90 0.45 0.866
car -1 -1 -1.81 471.21 180.33 541.76 211.27 1.54 1.62 3.91 -5.30 2.06 38.50 -1.95 0.819
car -1 -1 -1.61 636.59 179.52 665.60 203.44 1.46 1.49 2.95 2.20 1.72 40.40 -1.56 0.804
car -1 -1 -1.73 0.00 195.94 135.67 360.93 1.46 1.49 2.95 -8.00 2.06 9.80 -2.42 0.062
car -1 -1 0.23 503.27 179.12 549.58 202.05 1.46 1.49 2.95 -6.00 2.06 52.80 0.12 0.054
