car -1 -1 -1.26 7.66 244.99 197.53 372.67 1.46 1.49 2.95 -6.00 2.06 7.80 -1.91 0.175
car -1 -1 -1.79 774.15 153.17 1003.10 329.72 2.48 1.81 4.73 4.40 2.06 11.90 -1.44 0.125
pedestrian -1 -1 -0.66 510.14 170.21 530.06 231.16 1.68 0.41 1.64 -2.50 1.21 22.30 -0.77 1.000
pedestrian -1 -1 1.77 648.18 174.16 675.69 227.07 1.76 0.66 0.49 2.00 1.46 24.10 1.85 1.000
pedestrian -1 -1 -0.81 1075.19 144.47 1177.55 346.64 1.76 0.66 0.49 5.30 1.77 7.40 -0.19 0.997
pedestrian -1 -1 -2.36 384.68 159.76 409.49 250.38 1.76 0.66 0.49 -4.30 1.46 15.00 -2.64 0.996
pedestrian -1 -1 -0.09 628.27 161.31 642.79 210.44 1.75 0.62 1.83 1.80 1.21 37.40 -0.04 0.947
pedestrian -1 -1 2.18 568.10 169.70 583.68 222.36 1.76 0.66 0.49 -1.00 1.46 29.70 2.15 0.814
pedestrian -1 -1 1.95 278.43 164.63 334.14 303.75 1.76 0.66 0.49 -4.10 1.46 9.80 1.55 0.491
pedestrian -1 -1 -1.47 1139.65 117.27 1226.82 339.31 1.77 0.62 0.88 4.40 1.15 5.10 -0.76 0.431
pedestrian -1 -1 1.45 76.58 119.68 130.34 263.10 1.76 0.66 0.49 -9.10 0.84 13.20 0.84 0.286
pedestrian -1 -1 -0.23 1088.51 162.53 1135.80 291.97 1.76 0.66 0.49 10.30 1.77 14.60 0.38 0.108
pedestrian -1 -1 -0.30 165.03 149.14 211.30 258.25 1.76 0.66 0.49 -8.80 1.46 15.30 -0.82 0.067
cyclist -1 -1 -0.55 504.70 173.17 541.45 229.52 1.68 0.41 1.64 -3.30 1.56 31.10 -0.65 0.740
cyclist -1 -1 2.11 557.14 172.58 591.78 220.41 1.68 0.41 1.64 -1.10 1.56 29.90 2.08 0.473
cyclist -1 -1 -0.16 700.98 159.95 738.30 210.51 1.75 0.62 1.83 5.20 1.21 30.60 0.01 0.149
