car -1 -1 -1.91 831.81 179.34 1178.44 371.20 1.54 1.62 3.91 3.70 1.72 7.70 -1.46 1.000
car -1 -1 -1.79 740.10 181.81 904.01 278.97 1.54 1.62 3.91 3.50 1.72 12.50 -1.52 0.999
car -1 -1 2.17 0.00 195.23 291.37 374.00 1.46 1.49 2.95 -4.40 1.72 7.20 1.62 0.999
car -1 -1 1.84 236.94 189.95 416.69 292.77 1.46 1.49 2.95 -4.60 1.72 11.80 1.46 0.999
car -1 -1 1.64 495.72 178.61 542.11 210.35 1.54 1.62 3.91 -4.10 1.72 32.70 1.52 0.999
car -1 -1 1.66 358.26 189.67 470.91 249.62 1.46 1.49 2.95 -5.20 2.06 20.00 1.41 0.998
car -1 -1 -1.70 716.36 178.49 811.70 246.79 1.54 1.62 3.91 3.70 1.72 18.50 -1.50 0.997
car -1 -1 -1.68 698.49 175.32 771.36 227.27 1.54 1.62 3.91 4.10 1.72 25.30 -1.52 0.983
car -1 -1 -1.60 686.23 177.08 735.17 214.62 1.54 1.62 3.91 4.70 1.72 33.30 -1.46 0.865
car -1 -1 1.43 515.39 177.49 558.51 205.95 1.46 1.49 2.95 -3.40 1.72 35.40 1.33 0.749
car -1 -1 -1.84 1092.95 169.06 1224.20 222.73 1.46 1.49 2.95 15.60 1.39 20.80 -1.20 0.165
