car -1 -1 -1.91 719.95 182.50 890.68 301.19 1.54 1.62 3.91 3.10 1.72 12.30 -1.67 0.999
car -1 -1 0.79 650.48 169.76 689.74 201.17 1.54 1.62 3.91 2.90 1.39 34.90 0.87 0.999
car -1 -1 1.13 195.77 183.02 448.82 257.02 1.54 1.62 3.91 -5.50 1.72 13.90 0.76 0.998
car -1 -1 0.93 678.94 178.67 754.02 227.38 1.54 1.62 3.91 3.50 1.72 24.10 1.07 0.989
car -1 -1 -1.37 317.95 167.41 454.91 235.15 1.46 1.49 2.95 -5.00 1.39 16.60 -1.66 0.971
car -1 -1 -1.89 480.82 168.76 552.55 201.32 1.46 1.49 2.95 -4.00 1.39 31.40 -2.01 0.963
car -1 -1 -2.19 420.13 175.95 526.02 216.31 1.54 1.62 3.91 -5.30 1.72 27.90 -2.37 0.775
car -1 -1 -1.63 0.00 175.18 191.57 367.60 1.46 1.49 2.95 -6.80 2.06 8.80 -2.28 0.686
car -1 -1 -1.49 390.23 166.95 450.05 220.70 2.48 1.81 4.73 -8.20 2.06 32.70 -1.74 0.157
car -1 -1 -1.13 37.42 194.37 295.55 322.46 1.54 1.62 3.91 -6.70 2.06 11.50 -1.66 0.110
