car -1 -1 1.76 377.39 178.98 463.09 231.91 1.54 1.62 3.91 -5.90 1.72 22.50 1.50 1.000
car -1 -1 -1.98 789.24 172.55 1156.58 360.73 1.54 1.62 3.91 3.10 1.72 7.30 -1.58 1.000
car -1 -1 -1.50 699.90 173.87 810.87 247.40 1.54 1.62 3.91 3.10 1.39 16.30 -1.31 0.996
car -1 -1 2.13 2.43 200.03 250.12 371.80 1.46 1.49 2.95 -6.40 2.06 9.60 1.54 0.988
car -1 -1 1.66 426.44 173.87 485.96 220.16 1.46 1.49 2.95 -6.00 1.72 27.80 1.45 0.984
car -1 -1 -0.40 676.32 169.38 766.17 217.12 1.46 1.49 2.95 4.00 1.39 26.20 -0.25 0.977
car -1 -1 1.10 136.78 177.05 218.34 218.30 1.46 1.49 2.95 -17.00 1.72 28.40 0.56 0.428
car -1 -1 1.82 160.34 183.08 279.55 221.34 1.46 1.49 2.95 -13.00 1.72 24.60 1.34 0.319
car -1 -1 2.03 376.92 176.68 428.07 211.08 1.46 1.49 2.95 -9.60 1.72 33.80 1.75 0.300
car -1 -1 -0.07 847.96 180.73 1102.98 268.28 1.54 1.62 3.91 6.90 1.72 14.30 0.38 0.132
car -1 -1 1.33 676.46 169.06 718.38 209.37 2.48 1.81 4.73 5.20 2.06 44.50 1.44 0.107
pedestrian -1 -1 -1.11 723.83 154.42 740.04 205.94 1.75 0.62 1.83 5.40 1.21 31.60 -0.94 0.971
