car -1 -1 -1.39 734.89 178.31 875.36 268.16 1.54 1.62 3.91 3.70 1.72 14.90 -1.15 1.000
car -1 -1 -2.14 786.16 178.60 1057.10 345.21 1.54 1.62 3.91 3.50 1.72 9.10 -1.77 0.999
car -1 -1 1.91 0.00 200.91 330.05 357.02 1.54 1.62 3.91 -5.70 2.06 9.90 1.39 0.999
car -1 -1 1.65 432.97 178.89 503.75 225.10 1.46 1.49 2.95 -4.80 1.72 24.20 1.46 0.999
car -1 -1 -1.51 703.91 180.33 792.99 236.33 1.54 1.62 3.91 4.10 1.72 21.10 -1.32 0.999
car -1 -1 1.46 468.48 178.25 527.60 216.95 1.46 1.49 2.95 -4.00 1.72 26.20 1.31 0.988
car -1 -1 -2.11 1038.80 166.55 1140.99 223.66 1.46 1.49 2.95 15.80 1.39 23.80 -1.53 0.904
car -1 -1 1.40 0.00 189.88 83.93 222.53 1.46 1.49 2.95 -24.20 2.06 30.00 0.72 0.781
car -1 -1 -1.52 698.36 179.11 749.68 220.41 1.46 1.49 2.95 4.40 1.72 28.80 -1.37 0.581
cyclist -1 -1 2.14 860.30 175.40 877.90 215.00 1.76 0.66 0.49 11.70 1.77 32.60 2.48 0.054
