pedestrian -1 -1 -1.22 689.40 161.68 727.39 292.22 1.76 0.66 0.49 1.70 1.46 11.40 -1.07 0.998
pedestrian -1 -1 -1.54 292.51 159.31 336.81 304.03 1.76 0.66 0.49 -4.50 1.46 11.00 -1.92 0.998
pedestrian -1 -1 -1.48 723.42 159.78 749.61 217.43 1.77 0.62 0.88 4.80 1.15 25.50 -1.29 0.973
pedestrian -1 -1 -1.71 631.36 156.14 667.23 289.12 1.75 0.62 1.83 1.00 1.56 14.40 -1.64 0.955
pedestrian -1 -1 -0.47 713.65 160.05 732.08 214.13 1.76 0.66 0.49 4.30 1.15 25.40 -0.30 0.196
pedestrian -1 -1 1.78 434.98 163.31 458.06 280.76 1.76 0.66 0.49 -3.70 1.77 17.40 1.57 0.192
pedestrian -1 -1 2.47 121.47 170.46 150.35 274.66 1.77 0.62 0.88 -12.60 1.77 19.50 1.90 0.090
pedestrian -1 -1 0.10 460.88 168.23 471.82 219.75 1.76 0.66 0.49 -5.70 1.46 30.40 -0.09 0.070
cyclist -1 -1 1.67 408.84 158.68 457.44 291.96 1.76 0.66 0.49 -2.80 1.77 11.90 1.43 0.999
cyclist -1 -1 0.76 495.60 164.32 541.26 244.78 1.87 0.84 1.11 -2.10 1.46 17.90 0.64 0.999
cyclist -1 -1 -1.70 648.69 159.43 773.79 270.76 1.75 0.62 1.83 2.00 1.56 12.40 -1.54 0.845
cyclist -1 -1 1.36 488.46 168.45 509.24 230.12 1.76 0.66 0.49 -3.50 1.77 24.00 1.22 0.657
cyclist -1 -1 -1.31 711.23 160.28 759.73 224.35 1.87 0.84 1.11 4.10 1.15 20.50 -1.11 0.246
cyclist -1 -1 -0.65 501.87 170.30 515.10 213.21 1.75 0.62 1.83 -5.80 1.56 45.40 -0.77 0.083
