car -1 -1 -1.16 131.69 180.96 385.09 336.83 1.54 1.62 3.91 -4.50 1.72 9.90 -1.59 0.999
car -1 -1 -1.88 740.40 175.10 1064.40 369.27 1.54 1.62 3.91 2.70 1.39 7.70 -1.54 0.999
car -1 -1 -1.25 395.84 183.43 481.93 243.73 1.54 1.62 3.91 -5.30 1.72 22.90 -1.48 0.999
car -1 -1 -1.29 451.74 185.56 513.65 226.78 1.54 1.62 3.91 -5.30 1.72 30.30 -1.46 0.998
car -1 -1 -1.38 72.12 168.04 260.36 273.12 2.48 1.81 4.73 -9.80 2.06 16.70 -1.91 0.990
car -1 -1 -1.09 387.87 181.49 440.05 217.35 1.46 1.49 2.95 -7.60 1.39 28.20 -1.35 0.976
car -1 -1 -1.50 503.16 182.55 538.18 206.10 1.54 1.62 3.91 -5.50 1.39 44.90 -1.62 0.971
car -1 -1 -1.66 576.82 178.89 618.11 219.57 2.48 1.81 4.73 -0.40 2.06 43.10 -1.67 0.968
car -1 -1 -1.18 480.28 182.59 519.65 216.10 1.46 1.49 2.95 -5.40 1.39 37.20 -1.32 0.842
car -1 -1 -1.50 566.38 183.50 601.28 209.26 1.46 1.49 2.95 -1.20 1.39 35.60 -1.53 0.593
car -1 -1 -1.51 410.47 172.51 457.62 214.68 2.48 1.81 4.73 -11.80 1.72 49.50 -1.75 0.051
pedestrian -1 -1 -1.34 668.83 178.73 676.58 206.20 1.41 0.50 1.32 4.00 1.21 43.60 -1.24 0.065
