car -1 -1 0.54 584.58 183.81 621.46 220.16 1.54 1.62 3.91 0.10 1.72 33.30 0.54 0.281
pedestrian -1 -1 -0.74 553.40 171.22 572.65 224.76 1.75 0.62 1.83 -1.40 1.56 28.20 -0.79 1.000
pedestrian -1 -1 1.65 400.18 164.32 452.59 293.16 1.76 0.66 0.49 -3.10 1.77 12.40 1.41 0.999
pedestrian -1 -1 -1.01 584.61 160.53 624.52 283.67 1.87 0.84 1.11 0.10 2.08 15.70 -1.00 0.999
pedestrian -1 -1 1.60 794.88 143.42 847.87 283.96 1.87 0.84 1.11 4.30 1.15 14.50 1.89 0.996
pedestrian -1 -1 0.52 135.81 159.67 188.41 280.28 1.77 0.62 0.88 -8.90 1.15 14.60 -0.03 0.858
pedestrian -1 -1 0.19 577.40 166.73 593.82 221.12 1.77 0.62 0.88 -0.60 1.46 25.10 0.17 0.797
pedestrian -1 -1 -1.43 526.63 169.22 540.41 222.96 1.76 0.66 0.49 -2.60 1.77 28.10 -1.52 0.576
pedestrian -1 -1 0.46 844.31 152.49 860.84 226.82 1.76 0.66 0.49 8.10 0.84 23.20 0.79 0.572
pedestrian -1 -1 1.90 279.98 197.94 304.21 268.70 1.76 0.66 0.49 -8.00 2.08 18.50 1.49 0.414
pedestrian -1 -1 0.16 487.53 168.64 515.08 243.64 1.87 0.84 1.11 -3.70 1.46 26.10 0.02 0.164
pedestrian -1 -1 -0.15 344.26 193.18 370.90 275.79 1.76 0.66 0.49 -6.80 2.08 19.90 -0.47 0.139
pedestrian -1 -1 -0.58 923.08 137.98 963.46 314.81 1.76 0.66 0.49 4.10 1.46 8.80 -0.15 0.108
pedestrian -1 -1 -0.11 571.26 170.38 579.24 216.55 1.76 0.66 0.49 -1.10 1.46 31.20 -0.15 0.103
pedestrian -1 -1 0.29 838.63 163.00 851.48 222.28 1.76 0.66 0.49 11.70 1.46 34.40 0.62 0.103
pedestrian -1 -1 1.54 476.04 171.85 486.78 217.98 1.68 0.41 1.64 -6.50 1.56 39.10 1.38 0.099
pedestrian -1 -1 -0.04 577.12 172.15 582.74 210.73 1.76 0.66 0.49 -1.50 1.77 53.20 -0.06 0.086
pedestrian -1 -1 -0.25 584.24 156.80 599.99 250.77 1.68 0.41 1.64 -0.30 1.56 20.10 -0.26 0.082
pedestrian -1 -1 -0.54 854.41 164.51 866.19 220.77 1.76 0.66 0.49 12.70 1.46 34.80 -0.19 0.075
cyclist -1 -1 0.14 477.48 166.82 520.35 278.25 1.75 0.62 1.83 -2.20 1.91 15.80 0.00 0.998
cyclist -1 -1 1.13 769.55 133.52 869.67 332.01 1.87 0.84 1.11 2.50 1.46 8.10 1.43 0.974
cyclist -1 -1 1.70 96.75 154.14 218.76 334.31 1.76 0.66 0.49 -3.90 1.46 6.40 1.16 0.345
