car -1 -1 -1.68 631.31 178.86 696.34 226.41 1.54 1.62 3.91 1.70 1.72 23.50 -1.61 0.999
car -1 -1 -0.65 849.74 182.46 1224.40 328.94 1.54 1.62 3.91 4.70 1.72 8.70 -0.16 0.999
car -1 -1 -1.54 610.55 174.40 648.92 206.26 1.54 1.62 3.91 0.90 1.72 37.70 -1.52 0.964
car -1 -1 -1.80 439.67 177.41 499.63 208.59 1.46 1.49 2.95 -6.60 1.72 35.00 -1.98 0.898
car -1 -1 -0.98 307.05 181.41 448.11 236.58 1.46 1.49 2.95 -6.40 1.72 19.80 -1.30 0.871
car -1 -1 0.12 219.63 179.03 422.84 293.12 1.54 1.62 3.91 -4.10 1.72 10.90 -0.24 0.446
car -1 -1 -1.56 365.42 177.16 481.21 215.67 1.54 1.62 3.91 -7.30 1.72 28.70 -1.81 0.137
car -1 -1 -1.30 469.75 174.04 534.70 199.71 1.54 1.62 3.91 -7.70 1.72 51.50 -1.45 0.105
car -1 -1 -0.38 848.31 171.42 887.33 193.13 1.46 1.49 2.95 18.60 1.39 52.20 -0.04 0.065
car -1 -1 0.90 0.00 198.08 170.42 364.21 1.46 1.49 2.95 -7.20 2.06 9.00 0.22 0.051
pedestrian -1 -1 -1.98 738.03 175.88 750.42 202.98 1.68 0.41 1.64 8.30 1.91 44.30 -1.79 0.273
pedestrian -1 -1 1.42 417.51 181.09 451.07 258.39 1.87 0.84 1.11 -6.30 2.08 26.10 1.18 0.081
cyclist -1 -1 1.40 399.35 178.02 455.46 279.56 1.77 0.62 0.88 -3.70 2.08 14.00 1.14 0.999
