car -1 -1 -1.65 635.82 177.53 667.09 205.11 1.46 1.49 2.95 2.20 1.72 38.40 -1.59 0.997
car -1 -1 -1.72 740.64 183.78 904.34 305.23 1.46 1.49 2.95 2.60 1.72 10.20 -1.47 0.996
car -1 -1 -1.02 4.59 177.55 335.46 348.61 1.46 1.49 2.95 -4.20 1.39 7.20 -1.55 0.995
car -1 -1 -2.21 332.62 173.96 485.18 229.82 1.54 1.62 3.91 -6.30 1.72 22.70 -2.48 0.993
car -1 -1 -0.59 213.58 175.48 403.50 275.28 1.46 1.49 2.95 -4.80 1.39 11.40 -0.98 0.966
car -1 -1 -1.44 478.15 176.55 538.51 204.20 1.46 1.49 2.95 -5.00 1.72 37.00 -1.58 0.939
car -1 -1 1.92 721.09 179.58 869.71 224.29 1.54 1.62 3.91 5.70 1.72 23.10 2.16 0.761
car -1 -1 0.62 703.53 175.71 790.05 215.20 1.46 1.49 2.95 6.00 1.72 31.40 0.81 0.623
car -1 -1 0.70 789.96 175.16 1013.20 253.20 1.54 1.62 3.91 6.10 1.72 15.30 1.08 0.570
car -1 -1 -1.80 455.25 178.59 505.16 219.72 1.46 1.49 2.95 -4.80 1.72 26.80 -1.98 0.119
pedestrian -1 -1 0.31 799.04 169.77 822.76 242.81 1.68 0.41 1.64 5.30 1.91 19.30 0.58 0.151
cyclist -1 -1 0.66 553.16 171.74 573.39 202.95 1.41 0.50 1.32 -2.20 1.56 34.40 0.60 0.914
