car -1 -1 -1.49 693.70 177.58 780.75 236.90 1.54 1.62 3.91 3.50 1.72 20.70 -1.32 1.000
car -1 -1 1.71 326.98 184.98 448.89 251.78 1.54 1.62 3.91 -5.10 1.72 16.70 1.41 1.000
car -1 -1 1.99 11.52 192.90 300.04 344.42 1.54 1.62 3.91 -5.70 1.72 9.50 1.45 1.000
car -1 -1 1.14 731.51 179.09 872.25 271.26 1.54 1.62 3.91 3.90 1.72 15.10 1.40 0.999
car -1 -1 -1.73 656.78 175.71 727.26 212.43 1.46 1.49 2.95 3.60 1.72 32.60 -1.62 0.998
car -1 -1 1.60 464.65 175.83 513.79 209.68 1.54 1.62 3.91 -5.50 1.72 32.30 1.43 0.997
car -1 -1 0.58 492.63 176.39 523.36 202.44 1.46 1.49 2.95 -6.20 1.72 43.20 0.43 0.247
car -1 -1 1.26 97.00 185.33 265.58 247.46 1.46 1.49 2.95 -10.20 1.72 17.00 0.72 0.058
pedestrian -1 -1 -0.42 1110.75 202.78 1187.31 297.10 1.41 0.50 1.32 8.60 1.91 11.40 0.23 0.110
pedestrian -1 -1 -1.70 827.66 194.01 859.47 243.34 1.41 0.50 1.32 6.40 1.91 19.60 -1.39 0.060
