car -1 -1 -1.22 870.92 200.61 1164.68 364.89 1.54 1.62 3.91 4.10 1.72 7.90 -0.74 0.067
pedestrian -1 -1 1.18 538.36 159.21 564.32 224.88 1.76 0.66 0.49 -1.80 1.46 25.10 1.11 0.998
pedestrian -1 -1 0.89 29.23 176.19 128.93 373.00 1.76 0.66 0.49 -5.50 2.08 7.60 0.26 0.996
pedestrian -1 -1 -0.55 581.06 157.45 605.37 239.47 1.76 0.66 0.49 -0.20 1.77 22.70 -0.56 0.977
pedestrian -1 -1 -0.82 823.57 149.64 852.94 254.25 1.76 0.66 0.49 5.00 1.46 15.10 -0.50 0.905
pedestrian -1 -1 2.37 365.59 170.08 433.90 323.00 1.87 0.84 1.11 -2.90 1.77 10.90 2.11 0.897
pedestrian -1 -1 0.61 612.74 163.65 635.00 205.80 1.41 0.50 1.32 1.00 1.21 32.00 0.64 0.861
pedestrian -1 -1 -0.38 460.08 175.61 473.68 225.58 1.76 0.66 0.49 -5.30 1.46 28.40 -0.57 0.834
pedestrian -1 -1 -0.09 602.33 160.27 614.91 206.65 1.76 0.66 0.49 0.30 1.15 31.00 -0.08 0.583
pedestrian -1 -1 -1.18 1082.56 139.57 1146.17 325.79 1.76 0.66 0.49 6.60 1.46 9.30 -0.56 0.409
pedestrian -1 -1 0.55 435.18 173.97 449.90 234.78 1.76 0.66 0.49 -5.50 1.77 24.80 0.33 0.258
pedestrian -1 -1 -0.00 465.47 172.88 484.28 237.60 1.76 0.66 0.49 -3.10 1.46 17.80 -0.18 0.247
pedestrian -1 -1 -0.27 472.79 162.63 501.34 236.57 1.87 0.84 1.11 -3.10 1.46 19.50 -0.43 0.164
pedestrian -1 -1 0.08 597.28 158.36 606.51 209.40 1.76 0.66 0.49 0.10 0.84 32.80 0.08 0.145
pedestrian -1 -1 0.78 721.78 144.05 742.50 214.58 1.76 0.66 0.49 4.10 0.84 22.80 0.96 0.063
cyclist -1 -1 0.35 699.59 143.54 769.27 252.80 1.75 0.62 1.83 2.40 1.21 13.00 0.54 0.990
cyclist -1 -1 2.04 339.25 171.47 449.98 327.11 1.87 0.84 1.11 -2.70 2.08 9.70 1.76 0.945
cyclist -1 -1 1.16 0.00 179.63 178.89 359.87 1.77 0.62 0.88 -2.90 1.77 4.40 0.58 0.793
cyclist -1 -1 0.62 167.70 187.17 204.78 244.01 1.41 0.50 1.32 -14.60 1.91 25.20 0.09 0.693
