car -1 -1 1.37 480.95 170.62 526.30 208.21 2.48 1.81 4.73 -6.40 1.72 48.10 1.23 0.994
pedestrian -1 -1 -1.26 206.09 173.10 256.77 337.15 1.76 0.66 0.49 -4.90 1.77 9.20 -1.75 0.999
pedestrian -1 -1 -2.09 665.41 166.35 717.31 314.32 1.75 0.62 1.83 1.00 1.56 9.20 -1.98 0.999
pedestrian -1 -1 -0.79 740.64 166.36 770.81 234.46 1.76 0.66 0.49 4.40 1.15 20.30 -0.58 0.996
pedestrian -1 -1 -1.69 617.87 156.05 656.19 323.24 1.76 0.66 0.49 0.50 1.46 10.00 -1.64 0.986
pedestrian -1 -1 -0.44 723.41 157.55 753.40 246.00 1.76 0.66 0.49 2.90 1.46 15.20 -0.25 0.865
pedestrian -1 -1 1.79 353.73 171.44 412.09 313.79 1.75 0.62 1.83 -4.40 1.56 14.20 1.49 0.186
pedestrian -1 -1 -0.61 12.93 182.87 104.53 368.69 1.41 0.50 1.32 -4.40 1.56 5.40 -1.29 0.074
pedestrian -1 -1 0.99 426.93 164.66 458.13 267.69 1.76 0.66 0.49 -3.50 1.77 15.60 0.77 0.063
cyclist -1 -1 0.58 417.86 161.79 463.81 269.94 1.75 0.62 1.83 -3.20 1.56 13.80 0.35 0.999
cyclist -1 -1 1.59 339.47 170.39 424.50 326.58 1.87 0.84 1.11 -3.30 1.77 10.10 1.28 0.998
cyclist -1 -1 -0.57 703.53 149.12 780.30 306.13 1.87 0.84 1.11 1.70 1.77 8.50 -0.37 0.308
cyclist -1 -1 -0.12 48.99 211.52 190.19 333.91 1.41 0.50 1.32 -4.80 1.56 7.20 -0.71 0.059
