car -1 -1 -0.80 661.51 174.64 715.23 220.67 1.54 1.62 3.91 2.90 1.72 27.90 -0.69 1.000
car -1 -1 -1.66 193.90 161.11 385.50 274.56 1.54 1.62 3.91 -5.10 1.39 12.10 -2.06 0.998
car -1 -1 -2.75 402.11 170.03 510.18 210.68 1.54 1.62 3.91 -5.70 1.39 27.10 -2.96 0.987
car -1 -1 -2.00 713.40 167.13 862.43 292.42 1.46 1.49 2.95 2.40 1.39 10.00 -1.77 0.984
car -1 -1 0.59 27.18 175.67 343.17 317.15 1.54 1.62 3.91 -5.90 1.72 9.90 0.05 0.946
car -1 -1 -1.07 330.87 170.32 492.75 227.79 1.54 1.62 3.91 -5.90 1.39 20.70 -1.34 0.928
car -1 -1 -2.63 450.66 168.68 527.51 199.23 2.48 1.81 4.73 -7.90 2.06 49.40 -2.79 0.660
car -1 -1 -1.74 505.79 170.48 549.29 196.98 1.46 1.49 2.95 -4.20 1.39 36.80 -1.85 0.119
car -1 -1 -1.34 625.35 171.04 649.51 193.22 1.46 1.49 2.95 1.80 1.39 46.20 -1.30 0.063
car -1 -1 -0.50 708.24 170.14 803.34 210.20 1.46 1.49 2.95 5.80 1.39 28.20 -0.29 0.060
pedestrian -1 -1 -1.15 795.03 188.79 823.54 227.46 1.41 0.50 1.32 7.40 1.91 27.20 -0.88 0.256
