car -1 -1 -1.62 628.68 177.87 686.01 221.67 1.54 1.62 3.91 1.50 1.72 24.30 -1.56 0.999
car -1 -1 0.17 859.71 188.15 1231.07 332.56 1.54 1.62 3.91 5.30 1.72 8.70 0.71 0.984
car -1 -1 -2.16 285.19 181.03 463.36 227.28 1.54 1.62 3.91 -6.70 1.72 20.70 -2.47 0.977
car -1 -1 -1.59 613.65 174.63 650.69 203.91 1.54 1.62 3.91 1.30 1.72 40.10 -1.55 0.968
car -1 -1 -0.32 12.27 157.40 284.23 310.41 2.48 1.81 4.73 -8.40 2.06 14.10 -0.86 0.907
car -1 -1 0.72 792.42 180.81 1067.06 282.68 1.46 1.49 2.95 4.40 1.72 10.80 1.11 0.864
car -1 -1 0.77 341.88 175.43 380.51 202.00 1.46 1.49 2.95 -15.00 1.72 43.80 0.44 0.525
car -1 -1 -1.68 471.54 173.50 535.05 198.89 1.54 1.62 3.91 -7.70 1.72 51.30 -1.83 0.258
car -1 -1 -1.35 1067.27 180.66 1241.00 374.00 1.46 1.49 2.95 7.40 2.06 9.40 -0.68 0.147
car -1 -1 -1.33 397.40 176.83 489.51 214.29 1.54 1.62 3.91 -6.10 1.72 28.30 -1.55 0.141
cyclist -1 -1 1.40 451.10 178.33 489.79 247.27 1.77 0.62 0.88 -4.30 2.08 21.80 1.21 0.997
