car -1 -1 2.55 799.78 173.80 1093.30 267.42 1.54 1.62 3.91 5.10 1.39 11.30 2.97 1.000
car -1 -1 -2.48 27.28 180.76 329.15 285.28 1.54 1.62 3.91 -6.70 1.72 11.50 -3.00 0.995
car -1 -1 -2.54 364.75 173.31 495.89 224.00 1.46 1.49 2.95 -5.20 1.39 19.80 -2.79 0.989
car -1 -1 -2.51 283.50 181.36 459.78 235.44 1.54 1.62 3.91 -6.50 1.72 19.70 -2.83 0.983
car -1 -1 -0.94 632.99 154.82 681.69 204.32 2.48 1.81 4.73 2.20 1.39 34.90 -0.87 0.970
car -1 -1 -1.81 654.35 144.56 739.54 228.90 2.48 1.81 4.73 2.40 1.72 21.30 -1.70 0.853
car -1 -1 -2.00 190.65 184.43 336.68 270.34 1.46 1.49 2.95 -7.60 1.72 16.20 -2.44 0.606
car -1 -1 -1.25 1082.65 183.40 1241.00 374.00 1.46 1.49 2.95 7.20 2.06 8.80 -0.56 0.581
car -1 -1 1.88 930.84 168.97 1068.77 227.90 2.48 1.81 4.73 14.10 2.06 26.60 2.36 0.056
pedestrian -1 -1 -0.82 1096.61 198.08 1146.71 284.04 1.41 0.50 1.32 9.80 1.91 13.80 -0.20 0.071
pedestrian -1 -1 -1.09 297.81 168.89 312.64 221.03 1.76 0.66 0.49 -13.70 1.77 32.60 -1.49 0.058
