car -1 -1 -0.63 831.98 182.34 1241.00 352.29 1.54 1.62 3.91 4.70 1.72 8.10 -0.10 0.999
car -1 -1 -2.15 2.77 173.85 244.33 318.35 1.54 1.62 3.91 -6.90 1.72 10.50 -2.73 0.999
car -1 -1 -1.91 458.44 177.98 499.07 202.70 1.46 1.49 2.95 -7.20 1.72 40.20 -2.09 0.992
car -1 -1 -0.53 782.21 181.91 1058.27 305.14 1.46 1.49 2.95 4.20 1.72 10.20 -0.13 0.973
car -1 -1 -1.69 116.42 170.50 313.56 260.37 1.46 1.49 2.95 -6.80 1.39 12.40 -2.19 0.833
car -1 -1 -1.07 255.49 168.72 363.81 222.81 1.46 1.49 2.95 -8.20 1.39 20.60 -1.45 0.759
car -1 -1 0.58 1167.01 186.29 1237.84 233.89 1.46 1.49 2.95 20.40 2.06 24.20 1.28 0.752
car -1 -1 0.28 1005.69 184.00 1185.79 257.77 1.46 1.49 2.95 10.40 1.72 15.20 0.88 0.375
car -1 -1 1.18 1061.31 183.47 1132.87 213.39 1.46 1.49 2.95 25.60 2.06 37.60 1.78 0.178
car -1 -1 -0.05 316.68 175.47 389.84 206.67 1.54 1.62 3.91 -12.70 1.72 36.70 -0.38 0.098
