car -1 -1 1.53 547.46 183.63 595.95 221.20 1.54 1.62 3.91 -1.30 1.72 32.70 1.49 0.996
pedestrian -1 -1 1.06 970.93 164.05 1025.24 307.66 1.76 0.66 0.49 5.90 1.77 10.80 1.56 1.000
pedestrian -1 -1 -1.62 707.34 179.22 759.95 291.62 1.68 0.41 1.64 2.10 1.56 11.70 -1.44 1.000
pedestrian -1 -1 1.89 909.98 164.35 973.89 301.53 1.76 0.66 0.49 5.20 1.46 11.10 2.33 1.000
pedestrian -1 -1 -1.93 635.89 169.65 670.19 249.41 1.87 0.84 1.11 1.50 1.77 21.50 -1.86 1.000
pedestrian -1 -1 2.10 767.02 167.32 817.28 323.00 1.77 0.62 0.88 2.40 1.77 9.30 2.36 1.000
pedestrian -1 -1 2.34 337.25 173.84 387.61 312.59 1.76 0.66 0.49 -3.50 1.77 10.60 2.02 0.999
pedestrian -1 -1 -0.79 692.35 180.88 727.71 281.33 1.77 0.62 0.88 2.20 2.08 15.10 -0.65 0.999
pedestrian -1 -1 2.05 792.43 173.51 822.05 261.36 1.76 0.66 0.49 4.30 1.46 15.00 2.33 0.997
pedestrian -1 -1 0.07 670.34 177.83 686.70 227.27 1.76 0.66 0.49 3.50 1.77 33.20 0.18 0.979
pedestrian -1 -1 1.69 245.05 178.74 288.19 315.83 1.76 0.66 0.49 -5.10 1.77 10.80 1.25 0.965
cyclist -1 -1 1.25 221.90 184.25 312.99 309.33 1.41 0.50 1.32 -4.20 1.56 8.80 0.81 0.984
cyclist -1 -1 -1.44 627.90 171.58 684.57 250.18 1.41 0.50 1.32 1.60 1.56 17.60 -1.35 0.128
