car -1 -1 1.80 248.48 183.50 393.25 263.23 1.46 1.49 2.95 -5.80 1.72 14.80 1.43 1.000
car -1 -1 2.14 5.96 173.39 282.64 337.06 1.46 1.49 2.95 -5.00 1.39 7.40 1.54 0.999
car -1 -1 1.53 501.10 180.31 545.49 214.27 1.54 1.62 3.91 -3.70 1.72 31.10 1.41 0.998
car -1 -1 0.89 398.50 185.37 462.46 223.02 1.54 1.62 3.91 -7.10 2.06 29.10 0.65 0.998
car -1 -1 1.31 474.64 182.79 513.97 208.79 1.46 1.49 2.95 -6.40 2.06 40.00 1.16 0.993
car -1 -1 2.50 700.11 163.43 784.72 196.53 2.48 1.81 4.73 7.90 1.72 43.40 2.68 0.986
car -1 -1 -0.92 628.75 176.08 654.93 198.88 1.46 1.49 2.95 2.20 1.72 46.80 -0.87 0.825
car -1 -1 -0.53 525.57 178.66 556.37 202.38 1.46 1.49 2.95 -3.80 1.72 40.60 -0.63 0.698
car -1 -1 2.08 56.89 182.98 240.70 265.60 1.46 1.49 2.95 -9.20 1.72 14.60 1.52 0.208
pedestrian -1 -1 -0.98 672.66 158.08 698.35 210.81 1.75 0.62 1.83 3.00 1.56 29.00 -0.88 0.509
pedestrian -1 -1 1.79 988.34 159.47 1002.97 200.81 1.77 0.62 0.88 19.20 1.46 35.90 2.28 0.053
