car -1 -1 -1.66 694.75 182.26 831.29 274.55 1.54 1.62 3.91 2.70 1.72 13.70 -1.47 1.000
car -1 -1 -1.79 657.95 175.42 722.15 227.18 1.54 1.62 3.91 2.50 1.72 23.90 -1.69 1.000
car -1 -1 -2.62 217.97 169.25 444.70 247.39 1.54 1.62 3.91 -5.30 1.39 13.90 -2.99 1.000
car -1 -1 0.59 59.22 177.31 373.07 280.50 1.54 1.62 3.91 -7.10 1.72 12.50 0.07 0.999
car -1 -1 -2.75 375.66 176.81 487.80 225.52 1.46 1.49 2.95 -5.80 1.72 23.80 -2.99 0.991
car -1 -1 -0.64 637.68 173.19 677.75 204.49 1.46 1.49 2.95 2.00 1.39 31.60 -0.58 0.963
car -1 -1 1.16 501.22 170.39 555.53 196.98 1.46 1.49 2.95 -4.80 1.39 44.00 1.05 0.599
car -1 -1 -1.79 463.84 169.43 546.00 204.77 1.46 1.49 2.95 -4.20 1.39 30.40 -1.93 0.349
car -1 -1 -1.70 650.08 176.64 694.68 213.95 1.54 1.62 3.91 2.90 1.72 33.10 -1.62 0.222
car -1 -1 -1.27 0.00 198.26 127.55 349.31 1.46 1.49 2.95 -8.20 2.06 10.00 -1.96 0.064
