car -1 -1 1.94 68.34 183.23 383.73 348.36 1.54 1.62 3.91 -4.50 1.72 9.10 1.48 0.999
car -1 -1 1.69 395.09 184.09 495.91 248.67 1.46 1.49 2.95 -3.60 1.72 16.20 1.47 0.999
car -1 -1 1.80 319.58 189.50 449.31 278.34 1.46 1.49 2.95 -4.20 1.72 14.00 1.51 0.999
car -1 -1 -1.75 716.25 166.53 796.95 225.80 1.54 1.62 3.91 4.30 1.39 20.90 -1.55 0.989
car -1 -1 1.43 557.95 176.44 591.24 202.09 1.46 1.49 2.95 -1.80 1.72 38.60 1.39 0.967
car -1 -1 -1.62 701.43 173.69 750.48 208.73 1.54 1.62 3.91 5.70 1.72 35.10 -1.46 0.960
car -1 -1 0.09 5.98 173.31 155.32 221.10 1.54 1.62 3.91 -17.50 1.72 23.90 -0.55 0.868
car -1 -1 1.74 8.35 166.62 211.66 348.70 2.48 1.81 4.73 -8.20 2.06 10.50 1.07 0.318
car -1 -1 -1.57 690.13 172.12 726.20 198.11 1.46 1.49 2.95 5.20 1.39 39.20 -1.44 0.281
pedestrian -1 -1 -0.74 108.95 156.61 126.81 209.44 1.76 0.66 0.49 -19.80 1.46 29.10 -1.33 0.064
pedestrian -1 -1 -0.58 44.78 160.60 119.52 284.01 1.77 0.62 0.88 -10.50 1.77 14.40 -1.21 0.054
