car -1 -1 -0.25 612.44 188.64 669.35 236.06 1.46 1.49 2.95 1.20 1.72 24.40 -0.20 0.066
pedestrian -1 -1 0.51 582.68 166.26 602.12 223.67 1.77 0.62 0.88 -0.20 1.46 22.10 0.50 1.000
pedestrian -1 -1 0.20 550.93 167.45 571.65 228.77 1.75 0.62 1.83 -1.40 1.56 24.00 0.14 0.999
pedestrian -1 -1 1.88 280.46 155.63 377.43 356.32 1.76 0.66 0.49 -3.00 1.77 7.50 1.50 0.999
pedestrian -1 -1 -1.75 627.64 153.81 665.54 302.84 1.76 0.66 0.49 0.70 1.46 10.60 -1.69 0.998
pedestrian -1 -1 1.53 923.47 124.47 1028.92 354.94 1.76 0.66 0.49 2.90 1.15 5.80 1.99 0.993
pedestrian -1 -1 1.89 489.88 168.44 502.87 225.91 1.76 0.66 0.49 -4.30 1.46 29.80 1.74 0.984
pedestrian -1 -1 1.59 469.41 170.21 486.88 228.66 1.68 0.41 1.64 -4.50 1.56 26.50 1.42 0.972
pedestrian -1 -1 -1.77 513.57 171.50 529.34 224.93 1.75 0.62 1.83 -2.80 1.56 26.40 -1.87 0.890
pedestrian -1 -1 0.89 355.86 187.41 398.87 325.44 1.76 0.66 0.49 -3.10 2.08 9.80 0.58 0.806
pedestrian -1 -1 2.43 206.40 204.73 244.32 303.97 1.76 0.66 0.49 -5.90 2.08 11.20 1.94 0.796
pedestrian -1 -1 -1.99 657.93 164.09 673.75 205.76 1.87 0.84 1.11 3.90 0.84 41.70 -1.89 0.405
pedestrian -1 -1 -1.43 789.81 156.27 805.31 213.55 1.76 0.66 0.49 8.70 0.84 31.80 -1.16 0.390
pedestrian -1 -1 -0.55 232.30 201.05 252.75 269.44 1.76 0.66 0.49 -11.30 2.08 22.60 -1.01 0.158
pedestrian -1 -1 1.28 430.66 172.24 486.02 247.94 1.75 0.62 1.83 -4.20 1.56 21.20 1.09 0.142
pedestrian -1 -1 1.58 482.07 171.14 491.43 224.70 1.76 0.66 0.49 -4.50 1.46 28.20 1.42 0.134
pedestrian -1 -1 0.55 572.95 169.95 587.52 221.53 1.76 0.66 0.49 -1.00 1.77 31.90 0.51 0.090
pedestrian -1 -1 0.84 986.48 117.54 1096.92 358.33 1.76 0.66 0.49 2.30 1.46 3.80 1.38 0.086
pedestrian -1 -1 0.19 602.79 164.53 612.75 225.45 1.68 0.41 1.64 0.30 1.56 34.30 0.20 0.059
cyclist -1 -1 1.94 824.17 130.56 1104.77 353.56 1.75 0.62 1.83 2.20 1.56 4.00 2.44 0.668
cyclist -1 -1 0.93 392.62 163.22 488.93 321.90 1.41 0.50 1.32 -1.00 1.56 4.80 0.72 0.465
cyclist -1 -1 1.37 236.05 169.86 449.87 332.93 1.87 0.84 1.11 -1.10 1.77 3.70 1.08 0.155
cyclist -1 -1 1.28 439.53 172.05 500.99 228.83 1.75 0.62 1.83 -4.20 1.56 23.80 1.10 0.098
cyclist -1 -1 -1.81 509.90 171.51 533.31 224.01 1.76 0.66 0.49 -2.60 1.46 22.70 -1.92 0.092
