car -1 -1 -1.73 681.64 183.80 781.21 255.78 1.54 1.62 3.91 2.70 1.72 16.10 -1.57 0.999
car -1 -1 -2.22 425.75 171.23 526.03 210.27 1.46 1.49 2.95 -4.80 1.39 25.00 -2.41 0.990
car -1 -1 0.76 669.90 176.04 726.55 201.63 1.46 1.49 2.95 5.20 1.72 43.80 0.87 0.945
car -1 -1 0.39 26.88 173.97 334.75 323.48 1.46 1.49 2.95 -5.00 1.39 8.20 -0.15 0.924
car -1 -1 -0.30 728.10 181.98 890.46 233.54 1.54 1.62 3.91 5.70 1.72 19.90 -0.02 0.915
car -1 -1 0.42 222.67 165.20 480.10 240.16 1.54 1.62 3.91 -5.30 1.39 15.50 0.09 0.876
car -1 -1 0.53 130.32 178.64 375.75 263.83 1.54 1.62 3.91 -6.50 1.72 13.30 0.08 0.762
car -1 -1 -1.01 744.26 179.11 818.24 227.54 1.46 1.49 2.95 5.00 1.72 22.80 -0.79 0.492
car -1 -1 -1.26 347.65 170.30 497.58 225.90 1.54 1.62 3.91 -5.70 1.72 23.10 -1.50 0.166
pedestrian -1 -1 -0.88 833.60 198.43 871.53 314.58 1.41 0.50 1.32 3.80 2.27 11.80 -0.57 0.066
