car -1 -1 -1.69 679.41 179.87 816.41 275.41 1.54 1.62 3.91 2.50 1.72 13.90 -1.51 1.000
car -1 -1 0.07 292.29 194.54 401.05 266.76 1.46 1.49 2.95 -6.40 2.06 17.40 -0.29 0.999
car -1 -1 -1.68 565.02 183.21 615.40 219.15 1.54 1.62 3.91 -0.90 2.06 30.70 -1.71 0.991
car -1 -1 -0.12 334.58 191.28 426.85 245.96 1.46 1.49 2.95 -6.00 2.06 19.40 -0.42 0.975
car -1 -1 0.87 406.74 183.37 457.79 217.54 1.46 1.49 2.95 -8.20 2.06 33.80 0.63 0.960
car -1 -1 -1.49 541.71 184.45 573.78 209.07 1.46 1.49 2.95 -2.80 2.06 40.20 -1.56 0.901
car -1 -1 -1.32 626.01 186.79 745.78 240.61 1.54 1.62 3.91 2.50 2.06 23.10 -1.21 0.244
car -1 -1 1.09 866.08 197.15 1223.60 344.67 1.54 1.62 3.91 5.30 1.72 8.50 1.65 0.175
car -1 -1 -1.36 525.41 181.66 554.22 203.58 1.46 1.49 2.95 -5.00 2.06 52.60 -1.45 0.058
pedestrian -1 -1 1.88 402.68 180.31 426.43 262.37 1.77 0.62 0.88 -6.20 2.08 23.10 1.62 0.846
cyclist -1 -1 1.48 439.00 175.49 468.45 255.66 1.41 0.50 1.32 -3.60 1.56 16.20 1.26 0.999
cyclist -1 -1 1.71 398.09 179.59 432.94 262.33 1.41 0.50 1.32 -4.20 1.91 15.20 1.44 0.807
