car -1 -1 -1.72 662.41 170.01 747.76 236.75 1.46 1.49 2.95 2.20 1.39 17.40 -1.60 0.999
car -1 -1 -1.44 520.09 168.83 564.89 205.71 1.46 1.49 2.95 -2.80 1.39 31.40 -1.53 0.991
car -1 -1 -1.52 631.64 167.84 668.22 206.00 2.48 1.81 4.73 2.60 2.06 47.90 -1.46 0.990
car -1 -1 1.28 294.36 178.40 384.30 208.93 1.54 1.62 3.91 -13.30 1.72 35.90 0.93 0.890
car -1 -1 -1.85 643.24 168.46 690.38 209.74 1.46 1.49 2.95 2.20 1.39 28.40 -1.77 0.889
car -1 -1 -0.48 41.01 183.58 440.26 363.64 1.54 1.62 3.91 -3.30 1.72 7.50 -0.89 0.815
car -1 -1 0.92 243.26 179.70 438.67 282.98 1.54 1.62 3.91 -4.10 1.72 12.10 0.60 0.756
car -1 -1 -1.58 541.27 172.06 573.38 195.81 1.46 1.49 2.95 -3.00 1.39 41.40 -1.66 0.120
car -1 -1 0.31 330.36 179.10 369.51 203.06 1.46 1.49 2.95 -18.20 2.06 51.20 -0.03 0.053
pedestrian -1 -1 -1.41 226.27 157.76 264.18 284.98 1.77 0.62 0.88 -7.80 1.77 15.30 -1.88 0.720
pedestrian -1 -1 -0.36 293.96 162.26 321.21 243.35 1.76 0.66 0.49 -8.50 1.46 20.20 -0.76 0.297
