car -1 -1 1.71 378.09 154.60 480.29 230.25 2.48 1.81 4.73 -6.00 1.72 24.90 1.48 0.995
car -1 -1 1.47 512.92 153.01 565.36 214.08 2.48 1.81 4.73 -2.60 1.39 30.90 1.38 0.985
car -1 -1 1.30 432.46 157.63 496.73 211.81 2.48 1.81 4.73 -6.00 1.39 32.10 1.12 0.712
pedestrian -1 -1 0.22 695.07 161.45 749.88 304.24 1.76 0.66 0.49 1.50 1.46 9.20 0.38 1.000
pedestrian -1 -1 -1.69 205.89 164.43 247.86 287.74 1.76 0.66 0.49 -6.30 1.77 12.00 -2.18 0.999
pedestrian -1 -1 -1.02 606.55 163.98 627.38 236.36 1.77 0.62 0.88 0.50 1.46 24.80 -1.00 0.998
pedestrian -1 -1 1.93 277.69 169.11 325.71 297.02 1.76 0.66 0.49 -5.20 1.77 12.50 1.54 0.998
pedestrian -1 -1 -2.19 749.46 146.92 808.99 297.11 1.77 0.62 0.88 2.40 1.46 9.10 -1.94 0.997
pedestrian -1 -1 0.33 1005.48 119.81 1057.49 273.79 1.76 0.66 0.49 5.90 1.15 10.00 0.87 0.997
pedestrian -1 -1 2.27 1097.19 132.24 1174.80 362.11 1.76 0.66 0.49 4.90 1.46 6.60 2.91 0.997
pedestrian -1 -1 1.78 1154.55 124.04 1222.01 323.63 1.77 0.62 0.88 7.00 1.15 8.10 2.50 0.881
pedestrian -1 -1 -0.73 723.50 159.08 774.55 276.10 1.75 0.62 1.83 2.80 1.21 14.00 -0.54 0.474
pedestrian -1 -1 2.53 692.18 173.60 710.18 237.53 1.76 0.66 0.49 3.50 1.46 25.60 2.67 0.163
pedestrian -1 -1 1.88 232.38 168.93 300.76 286.60 1.75 0.62 1.83 -6.40 1.56 13.80 1.45 0.083
cyclist -1 -1 1.79 260.08 166.28 345.18 286.36 1.87 0.84 1.11 -4.10 1.46 9.50 1.38 0.236
cyclist -1 -1 -0.59 179.62 166.47 269.13 293.01 1.68 0.41 1.64 -5.30 1.56 10.70 -1.05 0.057
