car -1 -1 -0.97 0.00 192.98 387.08 368.56 1.46 1.49 2.95 -4.00 1.72 7.00 -1.48 0.987
car -1 -1 1.61 454.50 170.39 485.42 197.90 2.48 1.81 4.73 -10.20 1.72 53.90 1.42 0.606
pedestrian -1 -1 -0.02 406.53 150.11 464.09 285.64 1.87 0.84 1.11 -2.90 1.46 12.30 -0.25 0.998
pedestrian -1 -1 0.80 696.52 155.71 736.21 246.53 1.87 0.84 1.11 3.90 1.15 24.50 0.95 0.808
pedestrian -1 -1 0.13 110.21 180.48 130.86 220.67 1.76 0.66 0.49 -19.90 1.46 29.00 -0.48 0.683
pedestrian -1 -1 -0.17 383.96 155.02 424.10 235.46 1.77 0.62 0.88 -6.30 1.46 21.60 -0.45 0.140
pedestrian -1 -1 0.33 91.94 169.87 129.56 271.14 1.77 0.62 0.88 -9.60 1.77 13.70 -0.28 0.111
pedestrian -1 -1 -0.54 90.67 179.51 111.52 217.86 1.76 0.66 0.49 -19.70 1.46 27.60 -1.16 0.105
cyclist -1 -1 -1.57 953.53 142.28 989.25 210.68 1.76 0.66 0.49 11.20 0.84 21.90 -1.09 0.998
cyclist -1 -1 -0.61 357.57 151.53 489.40 274.41 1.75 0.62 1.83 -3.60 1.21 14.00 -0.86 0.946
cyclist -1 -1 0.17 1091.45 139.60 1146.26 196.68 1.77 0.62 0.88 15.30 0.84 21.00 0.80 0.715
