car -1 -1 1.70 524.34 158.43 594.84 205.85 2.48 1.81 4.73 -2.30 1.39 42.40 1.64 0.998
car -1 -1 -0.71 712.57 180.78 785.43 248.81 1.54 1.62 3.91 4.30 1.72 21.50 -0.52 0.253
pedestrian -1 -1 -0.14 857.87 155.37 948.43 368.33 1.76 0.66 0.49 2.40 1.46 5.70 0.26 1.000
pedestrian -1 -1 -1.29 726.54 154.34 809.95 293.62 1.87 0.84 1.11 2.50 1.46 10.90 -1.06 0.998
pedestrian -1 -1 -1.55 815.47 142.43 885.46 338.46 1.76 0.66 0.49 2.50 1.46 7.20 -1.22 0.998
pedestrian -1 -1 -0.82 673.08 156.39 689.93 200.96 1.77 0.62 0.88 3.80 1.15 33.70 -0.71 0.981
pedestrian -1 -1 0.89 780.94 142.42 822.05 294.14 1.76 0.66 0.49 3.10 1.77 11.00 1.16 0.850
pedestrian -1 -1 -0.42 805.59 141.10 840.60 269.90 1.76 0.66 0.49 4.30 1.15 14.00 -0.12 0.846
pedestrian -1 -1 0.37 0.00 138.26 82.34 373.00 1.76 0.66 0.49 -5.60 1.46 6.90 -0.31 0.835
pedestrian -1 -1 -0.02 659.10 154.55 681.12 200.12 1.76 0.66 0.49 2.00 0.84 22.70 0.07 0.762
pedestrian -1 -1 -1.64 574.27 142.76 605.03 241.26 1.87 0.84 1.11 -0.30 1.46 22.50 -1.66 0.372
pedestrian -1 -1 -0.01 857.50 149.34 926.20 241.04 1.75 0.62 1.83 7.60 0.85 19.40 0.36 0.069
pedestrian -1 -1 -1.11 702.68 159.10 750.64 239.11 1.87 0.84 1.11 3.90 1.15 22.90 -0.94 0.053
cyclist -1 -1 -1.50 563.10 143.85 621.40 248.89 1.75 0.62 1.83 0.00 1.21 20.20 -1.50 0.607
cyclist -1 -1 -1.16 660.01 156.52 695.43 202.01 1.75 0.62 1.83 3.40 0.85 33.60 -1.06 0.342
cyclist -1 -1 0.04 380.66 175.14 423.45 256.62 1.76 0.66 0.49 -3.70 1.46 13.20 -0.23 0.100
