car -1 -1 -1.76 715.77 187.63 898.38 305.41 1.54 1.62 3.91 2.70 1.72 11.10 -1.52 1.000
car -1 -1 -0.35 680.12 174.99 748.02 203.49 1.54 1.62 3.91 5.70 1.72 39.50 -0.21 0.993
car -1 -1 -0.86 0.02 163.70 227.29 337.01 1.46 1.49 2.95 -6.00 1.39 7.80 -1.52 0.984
car -1 -1 -1.10 144.50 167.78 424.90 268.01 1.46 1.49 2.95 -4.60 1.39 10.60 -1.51 0.955
car -1 -1 -2.34 400.90 170.96 512.58 216.39 1.54 1.62 3.91 -5.90 1.72 28.30 -2.55 0.948
car -1 -1 -0.61 720.17 176.31 787.45 225.68 1.54 1.62 3.91 4.70 1.72 24.10 -0.42 0.761
car -1 -1 -2.24 370.63 170.37 465.76 228.83 1.46 1.49 2.95 -4.60 1.39 17.80 -2.49 0.655
car -1 -1 -1.52 489.79 170.06 550.71 198.44 1.46 1.49 2.95 -5.00 1.39 41.20 -1.64 0.449
car -1 -1 -2.78 468.18 169.14 525.99 210.86 1.46 1.49 2.95 -4.20 1.39 28.00 -2.93 0.248
car -1 -1 -1.47 631.36 174.84 654.06 195.14 1.46 1.49 2.95 2.40 1.72 54.20 -1.42 0.091
car -1 -1 0.25 771.04 178.63 927.30 256.71 1.46 1.49 2.95 5.00 1.72 15.40 0.56 0.055
pedestrian -1 -1 -0.34 330.62 161.29 343.64 199.07 1.76 0.66 0.49 -14.10 1.46 37.20 -0.70 0.063
