car -1 -1 -0.07 10.28 206.79 206.05 362.63 1.46 1.49 2.95 -6.00 1.72 7.60 -0.74 0.580
pedestrian -1 -1 -1.46 568.68 158.34 593.10 255.44 1.76 0.66 0.49 -0.50 1.46 16.40 -1.49 0.999
pedestrian -1 -1 2.13 480.65 159.65 521.66 244.03 1.87 0.84 1.11 -2.90 1.77 21.30 2.00 0.997
pedestrian -1 -1 0.52 600.54 161.93 615.47 213.43 1.76 0.66 0.49 0.40 1.46 31.30 0.53 0.993
pedestrian -1 -1 1.53 355.03 155.86 397.86 258.66 1.68 0.41 1.64 -4.70 1.21 15.30 1.23 0.990
pedestrian -1 -1 -0.61 856.10 138.90 891.81 284.48 1.76 0.66 0.49 4.50 1.46 12.00 -0.25 0.986
pedestrian -1 -1 2.01 27.10 163.33 162.14 373.00 1.75 0.62 1.83 -3.60 1.56 4.60 1.35 0.944
pedestrian -1 -1 -0.45 406.93 181.64 427.93 243.37 1.76 0.66 0.49 -5.50 2.08 21.60 -0.70 0.937
pedestrian -1 -1 1.27 737.56 145.89 773.35 249.97 1.76 0.66 0.49 3.10 0.84 15.00 1.48 0.823
pedestrian -1 -1 -0.36 465.43 180.67 482.68 244.53 1.76 0.66 0.49 -4.40 1.77 24.90 -0.53 0.266
pedestrian -1 -1 -0.59 806.58 152.27 820.88 211.15 1.76 0.66 0.49 7.30 0.84 24.80 -0.31 0.219
pedestrian -1 -1 -0.69 919.92 170.45 937.07 208.93 1.68 0.41 1.64 17.30 1.21 37.90 -0.26 0.100
pedestrian -1 -1 -1.16 544.76 163.03 562.63 208.14 1.77 0.62 0.88 -2.50 1.46 39.20 -1.22 0.082
cyclist -1 -1 0.73 721.84 135.13 795.42 290.13 1.87 0.84 1.11 2.30 1.46 10.90 0.94 0.997
cyclist -1 -1 1.47 0.00 160.05 275.53 362.55 1.75 0.62 1.83 -2.20 1.56 3.00 0.84 0.503
cyclist -1 -1 0.46 518.46 159.56 555.68 234.85 1.87 0.84 1.11 -2.10 1.77 23.90 0.37 0.418
cyclist -1 -1 0.82 465.98 164.27 535.82 245.78 1.75 0.62 1.83 -3.00 1.21 19.60 0.67 0.325
