car -1 -1 -0.65 829.58 250.44 1175.85 368.66 1.46 1.49 2.95 3.60 2.06 7.20 -0.19 0.083
car -1 -1 -1.27 687.84 166.63 739.97 219.56 2.48 1.81 4.73 5.00 1.72 31.70 -1.11 0.051
pedestrian -1 -1 0.67 559.67 174.21 584.02 223.53 1.87 0.84 1.11 -0.90 1.46 25.50 0.63 0.988
pedestrian -1 -1 0.38 823.46 196.12 868.88 323.01 1.41 0.50 1.32 4.00 1.91 11.60 0.71 0.959
pedestrian -1 -1 0.35 862.96 189.99 926.33 348.18 1.77 0.62 0.88 3.30 2.08 8.40 0.72 0.779
pedestrian -1 -1 -1.39 868.26 205.60 915.48 266.91 1.41 0.50 1.32 8.60 2.27 21.40 -1.01 0.631
pedestrian -1 -1 2.06 1072.84 206.00 1174.89 368.12 1.41 0.50 1.32 4.60 1.56 6.60 2.67 0.258
pedestrian -1 -1 0.33 723.92 161.26 736.30 214.93 1.76 0.66 0.49 5.90 1.15 32.80 0.50 0.218
pedestrian -1 -1 1.71 787.85 211.75 816.64 302.93 1.68 0.41 1.64 4.10 2.27 15.10 1.97 0.184
cyclist -1 -1 1.71 761.65 211.85 819.14 292.06 1.41 0.50 1.32 3.00 1.91 11.80 1.96 0.274
