car -1 -1 -1.34 0.00 103.38 298.15 359.68 2.48 1.81 4.73 -5.00 1.72 7.30 -1.94 0.650
pedestrian -1 -1 0.79 867.61 142.31 969.01 355.36 1.76 0.66 0.49 2.50 1.46 5.80 1.20 1.000
pedestrian -1 -1 -0.62 1065.07 137.17 1202.74 360.87 1.76 0.66 0.49 3.90 1.77 5.40 0.01 1.000
pedestrian -1 -1 0.65 716.95 138.48 766.36 309.24 1.76 0.66 0.49 1.50 1.46 8.20 0.83 1.000
pedestrian -1 -1 0.76 533.83 149.12 611.76 353.16 1.76 0.66 0.49 -0.20 1.46 5.90 0.73 0.999
pedestrian -1 -1 1.11 778.31 140.35 866.36 358.01 1.87 0.84 1.11 2.30 1.46 7.70 1.40 0.999
pedestrian -1 -1 1.10 590.68 149.10 645.03 332.13 1.76 0.66 0.49 0.10 1.46 7.80 1.11 0.998
pedestrian -1 -1 0.98 677.48 146.65 721.44 321.68 1.76 0.66 0.49 1.10 1.46 8.40 1.11 0.998
pedestrian -1 -1 0.72 617.61 132.86 683.96 327.90 1.68 0.41 1.64 0.50 1.56 7.70 0.79 0.975
pedestrian -1 -1 1.73 513.98 138.80 558.45 254.67 1.76 0.66 0.49 -1.10 1.15 10.00 1.62 0.970
pedestrian -1 -1 -0.35 1160.46 164.49 1223.00 354.63 1.76 0.66 0.49 5.50 1.77 6.40 0.36 0.935
pedestrian -1 -1 0.71 308.50 144.87 330.94 211.14 1.76 0.66 0.49 -9.70 0.84 24.00 0.33 0.926
pedestrian -1 -1 1.07 261.59 136.83 293.99 249.92 1.76 0.66 0.49 -7.50 1.46 16.40 0.65 0.816
pedestrian -1 -1 1.00 655.53 144.13 816.45 336.19 1.75 0.62 1.83 1.00 1.56 5.60 1.18 0.515
pedestrian -1 -1 0.81 772.55 151.70 817.43 299.11 1.75 0.62 1.83 4.40 1.56 16.60 1.07 0.220
pedestrian -1 -1 0.82 912.49 154.87 980.58 262.26 1.87 0.84 1.11 7.50 1.15 15.50 1.27 0.067
pedestrian -1 -1 -1.38 359.28 151.70 372.19 191.02 1.76 0.66 0.49 -13.50 0.84 40.20 -1.70 0.066
pedestrian -1 -1 -0.74 1082.17 149.06 1135.27 309.55 1.76 0.66 0.49 9.70 1.77 13.80 -0.13 0.066
cyclist -1 -1 -1.76 351.65 151.57 379.50 191.43 1.76 0.66 0.49 -8.50 0.84 25.40 -2.08 0.928
cyclist -1 -1 1.11 297.67 145.36 339.08 214.42 1.76 0.66 0.49 -7.10 0.84 17.80 0.73 0.531
