car -1 -1 1.39 630.29 177.20 666.95 208.76 1.54 1.62 3.91 1.90 1.72 34.30 1.45 0.999
car -1 -1 -1.79 765.48 200.67 1217.75 374.00 1.46 1.49 2.95 3.20 1.72 6.60 -1.34 0.999
car -1 -1 -0.40 464.35 182.46 544.65 239.62 1.54 1.62 3.91 -3.10 1.72 21.30 -0.54 0.998
car -1 -1 1.04 552.39 170.86 579.32 194.73 1.46 1.49 2.95 -2.60 1.39 41.80 0.98 0.992
car -1 -1 1.09 359.48 174.73 498.39 284.84 1.54 1.62 3.91 -2.90 1.72 12.70 0.87 0.850
car -1 -1 -1.73 0.03 213.53 135.30 344.04 1.46 1.49 2.95 -8.20 2.06 10.00 -2.41 0.786
car -1 -1 -1.27 798.45 208.69 981.38 286.65 1.46 1.49 2.95 5.00 2.06 13.60 -0.92 0.634
car -1 -1 1.38 412.25 178.60 494.80 231.67 1.54 1.62 3.91 -4.90 1.72 23.30 1.17 0.182
car -1 -1 0.28 966.07 206.10 1101.43 277.54 1.46 1.49 2.95 9.20 2.06 15.60 0.81 0.062
car -1 -1 0.39 503.36 171.64 542.18 195.88 1.46 1.49 2.95 -4.60 1.39 39.20 0.27 0.060
pedestrian -1 -1 1.93 369.31 160.05 451.66 374.00 1.68 0.41 1.64 -2.10 1.56 7.70 1.66 0.479
cyclist -1 -1 1.98 342.15 168.98 478.72 373.84 1.77 0.62 0.88 -1.60 1.46 5.50 1.70 0.985
