car -1 -1 -1.65 601.69 182.97 629.22 209.88 1.46 1.49 2.95 0.40 2.06 41.00 -1.64 0.999
car -1 -1 1.96 316.40 196.08 396.49 236.52 1.46 1.49 2.95 -8.60 2.06 24.20 1.62 0.976
car -1 -1 1.79 355.08 190.59 407.88 222.78 1.46 1.49 2.95 -9.60 2.06 30.40 1.48 0.953
pedestrian -1 -1 1.62 853.77 170.82 933.77 366.60 1.76 0.66 0.49 2.90 1.77 7.40 2.00 0.999
pedestrian -1 -1 1.88 990.86 135.08 1141.89 374.00 1.76 0.66 0.49 3.10 1.46 4.80 2.45 0.998
pedestrian -1 -1 0.47 95.96 191.16 115.91 240.20 1.76 0.66 0.49 -15.90 2.08 22.80 -0.14 0.824
cyclist -1 -1 1.40 895.41 148.03 1201.83 369.24 1.87 0.84 1.11 2.10 1.77 3.70 1.92 0.866
cyclist -1 -1 1.32 813.51 165.52 971.10 357.95 1.77 0.62 0.88 1.60 1.77 3.90 1.71 0.293
cyclist -1 -1 0.37 708.24 173.53 727.52 194.97 1.41 0.50 1.32 7.60 1.56 50.00 0.52 0.116
cyclist -1 -1 1.14 1191.57 198.08 1237.39 256.90 1.41 0.50 1.32 12.00 1.91 13.80 1.86 0.067
