car -1 -1 1.55 542.07 168.77 598.39 211.00 2.48 1.81 4.73 -2.30 1.72 54.40 1.51 0.984
car -1 -1 -0.16 712.09 187.93 791.09 245.57 1.54 1.62 3.91 4.30 1.72 21.50 0.04 0.954
car -1 -1 -0.93 719.66 189.14 855.84 278.25 1.54 1.62 3.91 3.30 1.72 13.30 -0.69 0.061
pedestrian -1 -1 -0.46 795.84 165.95 866.28 349.63 1.68 0.41 1.64 2.70 1.56 8.50 -0.16 1.000
pedestrian -1 -1 1.15 1088.86 140.20 1176.36 373.00 1.76 0.66 0.49 4.80 1.46 6.70 1.77 1.000
pedestrian -1 -1 -1.79 724.36 164.58 776.40 285.97 1.77 0.62 0.88 2.20 1.77 10.70 -1.59 1.000
pedestrian -1 -1 2.31 239.87 158.32 336.27 349.50 1.77 0.62 0.88 -3.30 1.46 7.80 1.91 0.999
pedestrian -1 -1 -1.81 620.74 160.93 656.66 240.64 1.87 0.84 1.11 1.10 1.46 20.50 -1.76 0.999
pedestrian -1 -1 -1.51 700.11 169.48 745.63 282.24 1.75 0.62 1.83 2.60 1.56 15.80 -1.34 0.997
pedestrian -1 -1 1.67 108.26 154.04 178.35 342.02 1.76 0.66 0.49 -4.90 1.46 7.80 1.11 0.958
pedestrian -1 -1 1.01 670.20 169.52 683.28 215.00 1.76 0.66 0.49 3.30 1.15 31.40 1.12 0.865
pedestrian -1 -1 -0.39 1180.72 145.74 1236.13 350.82 1.76 0.66 0.49 6.30 1.77 7.40 0.31 0.656
pedestrian -1 -1 -1.00 787.24 150.43 822.10 329.24 1.76 0.66 0.49 3.50 1.77 12.60 -0.73 0.276
pedestrian -1 -1 1.80 150.04 159.32 287.33 359.70 1.87 0.84 1.11 -2.70 1.77 5.10 1.32 0.055
cyclist -1 -1 1.49 66.76 166.46 231.99 332.32 1.87 0.84 1.11 -4.10 1.46 6.50 0.92 0.909
cyclist -1 -1 -1.53 610.90 163.41 672.95 240.20 1.75 0.62 1.83 1.60 1.56 21.20 -1.45 0.695
