car -1 -1 -1.84 726.80 194.63 901.05 302.84 1.54 1.62 3.91 2.90 1.72 11.50 -1.59 0.999
car -1 -1 -0.97 350.39 181.93 490.66 230.48 1.54 1.62 3.91 -5.90 1.72 22.90 -1.22 0.997
car -1 -1 -0.71 648.38 183.31 692.28 216.09 1.54 1.62 3.91 2.90 2.06 35.90 -0.63 0.997
car -1 -1 -1.67 664.22 182.38 741.19 240.02 1.46 1.49 2.95 2.60 1.72 19.80 -1.54 0.996
car -1 -1 -1.02 264.92 184.31 422.85 250.82 1.46 1.49 2.95 -5.80 1.72 16.40 -1.36 0.993
car -1 -1 -2.17 475.16 176.65 541.44 209.25 1.46 1.49 2.95 -4.60 1.72 33.20 -2.31 0.993
car -1 -1 1.20 631.09 175.22 662.94 201.30 1.54 1.62 3.91 2.10 1.72 41.90 1.25 0.986
car -1 -1 -2.35 196.95 193.11 357.46 270.56 1.54 1.62 3.91 -7.50 2.06 16.70 -2.77 0.970
car -1 -1 -1.61 19.56 192.31 294.12 316.40 1.46 1.49 2.95 -6.20 1.72 9.40 -2.20 0.833
car -1 -1 -1.74 496.79 173.88 555.93 197.21 1.54 1.62 3.91 -5.30 1.72 47.90 -1.85 0.413
car -1 -1 -1.10 400.50 174.98 492.62 208.48 1.54 1.62 3.91 -8.10 1.72 36.10 -1.32 0.344
car -1 -1 1.49 4.00 191.29 208.81 259.06 1.54 1.62 3.91 -12.50 2.06 18.50 0.90 0.058
