car -1 -1 -1.43 656.34 180.23 726.86 234.86 1.54 1.62 3.91 2.30 1.72 21.10 -1.32 1.000
car -1 -1 -1.93 395.93 176.18 516.37 224.23 1.54 1.62 3.91 -5.30 1.72 25.50 -2.13 0.997
car -1 -1 -0.09 816.58 217.01 1241.00 374.00 1.54 1.62 3.91 4.10 2.06 6.90 0.45 0.952
car -1 -1 -1.50 644.57 185.79 684.81 216.49 1.54 1.62 3.91 2.50 2.06 34.50 -1.43 0.945
car -1 -1 -2.44 478.55 179.28 545.80 206.68 1.54 1.62 3.91 -6.30 2.06 45.30 -2.58 0.887
car -1 -1 -2.10 346.40 184.08 473.50 239.09 1.54 1.62 3.91 -6.30 2.06 22.90 -2.37 0.516
car -1 -1 -1.87 295.48 183.53 423.59 273.51 1.46 1.49 2.95 -4.80 1.72 13.80 -2.20 0.348
car -1 -1 -1.26 634.07 184.37 666.07 208.75 1.54 1.62 3.91 2.10 2.06 38.70 -1.21 0.155
car -1 -1 -2.56 449.26 183.36 521.68 217.87 1.46 1.49 2.95 -5.00 2.06 30.40 -2.72 0.132
car -1 -1 -1.72 7.46 201.55 248.81 345.34 1.46 1.49 2.95 -5.80 1.72 8.20 -2.34 0.122
pedestrian -1 -1 -1.49 401.74 195.49 435.41 262.00 1.41 0.50 1.32 -4.80 2.27 17.80 -1.76 0.827
pedestrian -1 -1 2.24 162.09 173.14 179.73 208.72 1.76 0.66 0.49 -18.50 1.77 30.40 1.70 0.332
