car -1 -1 1.80 232.53 193.54 417.55 305.02 1.46 1.49 2.95 -4.20 1.72 11.00 1.43 1.000
car -1 -1 2.04 0.00 210.12 304.19 374.00 1.46 1.49 2.95 -4.20 1.72 7.20 1.51 0.998
car -1 -1 -1.83 736.12 170.34 873.64 258.22 1.54 1.62 3.91 3.70 1.39 14.30 -1.58 0.996
car -1 -1 1.72 528.74 180.27 570.53 210.08 1.46 1.49 2.95 -2.60 1.72 30.40 1.64 0.991
car -1 -1 -1.75 708.91 177.03 767.81 220.51 1.54 1.62 3.91 4.90 1.72 29.10 -1.58 0.991
car -1 -1 -1.71 687.80 175.59 731.52 204.46 1.54 1.62 3.91 5.70 1.72 40.30 -1.57 0.983
car -1 -1 -1.53 722.07 180.83 797.85 233.16 1.54 1.62 3.91 4.90 2.06 23.90 -1.32 0.818
car -1 -1 1.67 556.03 177.29 589.84 204.32 1.46 1.49 2.95 -1.80 1.72 36.40 1.62 0.152
pedestrian -1 -1 0.52 664.69 161.39 672.89 186.35 1.76 0.66 0.49 3.70 0.84 44.20 0.61 0.420
cyclist -1 -1 1.18 661.95 160.88 675.46 184.64 1.77 0.62 0.88 3.70 0.84 43.40 1.27 0.143
