car -1 -1 -1.66 635.76 185.97 673.12 217.95 1.46 1.49 2.95 2.00 2.06 33.60 -1.60 0.999
car -1 -1 -2.29 212.39 175.29 429.73 257.78 1.54 1.62 3.91 -6.50 1.72 15.90 -2.68 0.999
car -1 -1 -0.39 879.54 188.77 1231.74 307.75 1.54 1.62 3.91 5.50 1.72 9.90 0.11 0.996
car -1 -1 -1.70 406.42 184.75 518.32 216.54 1.54 1.62 3.91 -6.30 2.06 30.90 -1.90 0.986
car -1 -1 1.26 742.01 189.24 940.62 252.12 1.54 1.62 3.91 6.30 2.06 19.50 1.57 0.978
car -1 -1 -0.31 818.10 189.83 1045.18 279.67 1.46 1.49 2.95 5.20 1.72 12.60 0.08 0.977
car -1 -1 -2.79 110.70 183.85 356.79 295.96 1.54 1.62 3.91 -6.10 1.72 12.10 -3.26 0.955
car -1 -1 1.14 727.57 182.14 840.71 241.82 1.46 1.49 2.95 4.80 1.72 20.40 1.37 0.864
car -1 -1 -1.66 463.25 183.27 539.79 210.19 1.54 1.62 3.91 -5.30 2.06 36.90 -1.81 0.172
car -1 -1 -1.35 2.47 183.84 180.45 355.50 1.46 1.49 2.95 -7.20 2.06 9.00 -2.02 0.088
car -1 -1 -1.54 621.84 182.67 648.70 205.77 1.46 1.49 2.95 1.40 2.06 39.00 -1.50 0.062
cyclist -1 -1 1.11 526.58 177.11 547.92 220.55 1.41 0.50 1.32 -2.60 1.91 26.00 1.01 0.996
