car -1 -1 1.36 535.24 179.81 573.28 211.76 1.46 1.49 2.95 -2.20 1.39 35.00 1.30 0.997
pedestrian -1 -1 1.77 430.44 176.53 454.94 244.41 1.77 0.62 0.88 -4.80 1.77 21.70 1.56 1.000
pedestrian -1 -1 -0.96 672.81 173.23 705.72 267.40 1.77 0.62 0.88 1.80 1.46 14.70 -0.84 1.000
pedestrian -1 -1 2.06 406.51 176.53 426.70 242.93 1.76 0.66 0.49 -5.90 1.46 23.00 1.81 1.000
pedestrian -1 -1 0.78 743.44 170.11 762.85 232.73 1.76 0.66 0.49 4.50 1.46 21.00 0.99 0.999
pedestrian -1 -1 -1.66 715.10 169.93 734.45 239.42 1.76 0.66 0.49 2.90 1.46 17.00 -1.50 0.999
pedestrian -1 -1 -1.20 606.97 168.17 631.79 234.63 1.75 0.62 1.83 0.60 1.56 22.80 -1.17 0.999
pedestrian -1 -1 0.09 634.90 168.81 665.21 268.41 1.76 0.66 0.49 1.10 1.77 15.00 0.16 0.998
pedestrian -1 -1 -0.25 1033.89 177.89 1073.53 279.70 1.76 0.66 0.49 10.00 2.08 15.90 0.31 0.997
pedestrian -1 -1 0.49 94.06 204.33 229.87 373.00 1.41 0.50 1.32 -4.40 1.56 7.20 -0.06 0.892
pedestrian -1 -1 -1.23 1164.00 159.59 1188.74 226.30 1.76 0.66 0.49 19.00 1.46 23.70 -0.55 0.568
pedestrian -1 -1 -0.31 702.97 170.51 720.51 242.71 1.76 0.66 0.49 2.50 1.46 16.60 -0.16 0.323
pedestrian -1 -1 -1.46 711.19 172.07 724.14 213.72 1.75 0.62 1.83 7.20 1.56 44.60 -1.30 0.169
pedestrian -1 -1 -1.32 140.21 174.72 163.67 224.59 1.76 0.66 0.49 -19.40 1.46 30.90 -1.88 0.085
pedestrian -1 -1 -0.57 726.56 173.81 742.21 235.18 1.76 0.66 0.49 4.70 1.77 25.00 -0.39 0.061
pedestrian -1 -1 1.28 699.56 179.72 711.42 214.37 1.41 0.50 1.32 6.40 1.56 43.60 1.43 0.055
cyclist -1 -1 1.01 985.65 221.48 1097.27 366.43 1.41 0.50 1.32 5.20 2.27 8.40 1.57 0.324
