car -1 -1 -1.46 0.00 126.77 328.33 357.42 2.48 1.81 4.73 -4.60 1.72 8.70 -1.95 0.412
car -1 -1 -1.63 210.70 178.82 489.58 279.17 1.54 1.62 3.91 -3.90 1.39 10.70 -1.98 0.072
car -1 -1 -1.28 242.40 163.00 353.11 217.38 2.48 1.81 4.73 -14.30 1.72 33.20 -1.68 0.054
pedestrian -1 -1 1.19 544.02 140.94 586.41 265.26 1.76 0.66 0.49 -0.50 1.15 9.60 1.14 1.000
pedestrian -1 -1 1.07 488.23 141.54 532.34 273.21 1.76 0.66 0.49 -1.30 1.15 10.00 0.94 1.000
pedestrian -1 -1 1.79 682.14 140.86 733.70 284.50 1.76 0.66 0.49 1.50 1.46 10.20 1.94 1.000
pedestrian -1 -1 0.57 883.43 129.76 976.26 356.75 1.77 0.62 0.88 3.40 1.46 7.50 0.99 0.999
pedestrian -1 -1 0.90 597.18 141.46 638.80 263.24 1.76 0.66 0.49 0.10 1.15 10.20 0.91 0.999
pedestrian -1 -1 0.72 646.88 141.26 698.41 275.00 1.77 0.62 0.88 1.00 1.46 11.10 0.81 0.999
pedestrian -1 -1 0.65 796.62 145.65 888.49 363.91 1.76 0.66 0.49 1.90 1.46 6.00 0.96 0.999
pedestrian -1 -1 2.17 1031.39 174.45 1077.01 265.63 1.76 0.66 0.49 8.10 1.77 13.00 2.73 0.998
pedestrian -1 -1 1.58 466.50 140.29 491.75 226.89 1.76 0.66 0.49 -2.70 1.15 15.40 1.41 0.995
pedestrian -1 -1 1.10 521.13 147.70 552.75 266.08 1.68 0.41 1.64 -1.30 1.56 13.50 1.00 0.995
pedestrian -1 -1 1.60 578.84 140.16 614.43 257.07 1.75 0.62 1.83 -0.20 1.21 12.00 1.59 0.972
pedestrian -1 -1 1.69 628.47 137.82 652.59 220.46 1.76 0.66 0.49 0.70 0.84 13.80 1.74 0.959
pedestrian -1 -1 1.77 773.22 142.78 830.38 293.86 1.75 0.62 1.83 3.00 1.21 11.60 2.02 0.871
pedestrian -1 -1 1.36 262.01 136.24 298.75 250.57 1.76 0.66 0.49 -5.70 0.84 12.60 0.93 0.761
pedestrian -1 -1 2.30 374.06 142.68 388.43 190.99 1.76 0.66 0.49 -8.70 0.84 27.60 2.00 0.473
pedestrian -1 -1 -1.25 354.76 151.33 375.66 192.17 1.87 0.84 1.11 -14.30 0.84 42.70 -1.58 0.288
pedestrian -1 -1 0.55 295.78 145.06 319.03 210.56 1.77 0.62 0.88 -11.00 1.15 26.10 0.15 0.152
pedestrian -1 -1 1.37 576.29 139.23 590.69 227.51 1.68 0.41 1.64 -0.70 1.21 22.50 1.34 0.078
cyclist -1 -1 -1.69 345.17 151.48 386.62 196.25 1.87 0.84 1.11 -8.90 0.84 25.90 -2.02 0.940
cyclist -1 -1 0.25 284.54 137.78 325.39 222.86 1.76 0.66 0.49 -6.50 0.84 15.20 -0.15 0.417
cyclist -1 -1 -0.09 242.86 129.32 314.33 262.83 1.76 0.66 0.49 -4.50 1.46 9.80 -0.52 0.114
