car -1 -1 1.61 352.79 169.03 487.61 258.37 1.54 1.62 3.91 -3.90 1.39 15.50 1.36 0.999
car -1 -1 1.50 435.87 174.32 503.78 231.44 2.48 1.81 4.73 -5.80 2.06 32.90 1.32 0.871
pedestrian -1 -1 1.61 771.77 160.88 823.54 300.05 1.76 0.66 0.49 2.80 1.77 10.10 1.88 1.000
pedestrian -1 -1 2.30 252.89 179.34 298.03 300.35 1.76 0.66 0.49 -5.80 2.08 12.90 1.88 1.000
pedestrian -1 -1 -0.73 138.74 177.74 221.22 366.22 1.76 0.66 0.49 -3.90 1.77 6.60 -1.26 1.000
pedestrian -1 -1 0.20 1027.78 126.50 1123.03 317.29 1.87 0.84 1.11 5.30 1.46 8.10 0.78 0.976
pedestrian -1 -1 2.21 726.64 189.29 748.53 260.28 1.76 0.66 0.49 3.30 2.08 17.40 2.39 0.794
pedestrian -1 -1 1.73 510.31 176.96 524.99 231.90 1.41 0.50 1.32 -3.80 1.91 33.20 1.62 0.527
pedestrian -1 -1 0.31 873.04 184.01 894.28 224.81 1.41 0.50 1.32 11.60 1.56 29.20 0.69 0.160
pedestrian -1 -1 -0.23 349.16 178.10 364.65 249.91 1.76 0.66 0.49 -8.00 2.08 23.70 -0.56 0.079
cyclist -1 -1 0.22 103.27 183.00 243.80 370.74 1.87 0.84 1.11 -3.90 2.08 6.90 -0.29 0.192
cyclist -1 -1 2.03 236.64 183.84 312.17 277.22 1.41 0.50 1.32 -6.80 1.56 14.20 1.59 0.148
