car -1 -1 -0.91 585.86 141.42 644.74 228.55 2.48 1.81 4.73 0.20 1.39 23.10 -0.90 0.741
car -1 -1 -1.80 0.00 123.43 338.41 354.54 2.48 1.81 4.73 -4.60 1.72 8.30 -2.31 0.646
car -1 -1 -1.63 344.32 185.09 461.51 244.03 1.46 1.49 2.95 -5.60 1.72 19.60 -1.91 0.093
pedestrian -1 -1 0.77 650.33 133.81 700.69 271.85 1.76 0.66 0.49 0.90 1.15 9.20 0.87 1.000
pedestrian -1 -1 1.30 581.80 136.65 630.93 275.08 1.77 0.62 0.88 0.00 1.15 10.50 1.30 0.999
pedestrian -1 -1 1.24 551.31 137.09 571.93 212.27 1.76 0.66 0.49 -0.90 0.84 15.00 1.18 0.999
pedestrian -1 -1 1.65 488.78 144.00 512.99 212.65 1.76 0.66 0.49 -2.50 0.84 16.80 1.50 0.999
pedestrian -1 -1 1.18 521.39 140.92 550.68 214.12 1.77 0.62 0.88 -1.90 0.84 19.00 1.08 0.999
pedestrian -1 -1 -0.69 1037.25 178.72 1165.78 369.00 1.76 0.66 0.49 4.20 1.77 6.30 -0.11 0.998
pedestrian -1 -1 0.49 1116.66 165.56 1223.00 369.00 1.77 0.62 0.88 5.90 1.77 7.20 1.18 0.991
pedestrian -1 -1 1.71 403.50 138.73 425.74 218.63 1.76 0.66 0.49 -5.10 0.84 18.60 1.45 0.955
pedestrian -1 -1 1.42 463.62 143.01 493.25 208.56 1.87 0.84 1.11 -3.70 1.15 21.10 1.25 0.940
pedestrian -1 -1 0.82 611.70 134.67 652.93 272.71 1.76 0.66 0.49 0.50 1.15 10.60 0.86 0.877
pedestrian -1 -1 1.37 434.39 141.40 451.98 204.07 1.76 0.66 0.49 -4.10 0.84 17.80 1.15 0.781
pedestrian -1 -1 -1.83 264.62 132.56 293.01 258.64 1.76 0.66 0.49 -7.10 1.46 15.40 -2.26 0.490
pedestrian -1 -1 -1.66 356.28 150.47 373.78 195.83 1.76 0.66 0.49 -8.30 0.84 24.60 -1.99 0.267
pedestrian -1 -1 0.72 544.46 144.58 556.77 211.64 1.76 0.66 0.49 -1.70 1.15 22.00 0.64 0.245
pedestrian -1 -1 -0.15 229.88 124.60 282.47 298.84 1.76 0.66 0.49 -4.50 1.46 9.00 -0.61 0.079
cyclist -1 -1 -1.64 346.47 155.13 382.10 194.09 1.87 0.84 1.11 -11.50 0.84 34.70 -1.96 0.980
cyclist -1 -1 1.44 392.98 143.16 434.01 211.49 1.87 0.84 1.11 -5.90 0.84 21.30 1.17 0.630
cyclist -1 -1 1.27 425.88 146.05 452.73 204.69 1.76 0.66 0.49 -4.30 0.84 18.00 1.03 0.241
cyclist -1 -1 0.52 370.01 135.11 466.97 271.76 1.87 0.84 1.11 -2.30 1.46 9.10 0.27 0.154
cyclist -1 -1 0.20 641.00 133.52 709.60 250.33 1.87 0.84 1.11 1.10 0.84 11.50 0.29 0.121
cyclist -1 -1 -1.94 247.35 137.58 310.93 264.99 1.76 0.66 0.49 -4.90 1.46 10.60 -2.37 0.101
