car -1 -1 -1.34 655.82 178.02 719.89 226.26 1.54 1.62 3.91 2.30 1.72 23.50 -1.24 1.000
car -1 -1 -0.83 754.31 201.11 1146.06 363.77 1.46 1.49 2.95 3.40 1.72 7.20 -0.39 1.000
car -1 -1 -2.24 397.37 174.13 519.84 221.27 1.54 1.62 3.91 -5.50 1.72 26.50 -2.45 0.998
car -1 -1 -1.37 645.91 183.42 684.92 216.08 1.54 1.62 3.91 2.50 2.06 33.50 -1.29 0.755
car -1 -1 -2.49 455.64 176.10 528.01 211.18 1.46 1.49 2.95 -4.80 1.72 31.40 -2.64 0.656
car -1 -1 -2.20 490.81 178.01 550.29 203.14 1.46 1.49 2.95 -5.00 1.72 39.60 -2.33 0.517
car -1 -1 -1.49 2.45 184.95 199.07 303.32 1.46 1.49 2.95 -8.00 1.72 11.20 -2.11 0.217
car -1 -1 -0.81 8.00 185.93 86.38 238.59 1.46 1.49 2.95 -19.40 2.06 24.00 -1.49 0.144
car -1 -1 -0.77 630.65 180.86 664.44 205.27 1.54 1.62 3.91 1.90 1.72 37.90 -0.72 0.105
pedestrian -1 -1 1.69 211.52 169.16 227.53 219.74 1.76 0.66 0.49 -16.50 1.46 30.60 1.20 0.093
pedestrian -1 -1 0.79 200.33 162.21 229.00 267.27 1.76 0.66 0.49 -7.30 1.46 13.20 0.28 0.064
cyclist -1 -1 -1.80 1194.14 189.42 1241.00 239.53 1.41 0.50 1.32 12.00 1.56 13.80 -1.08 0.637
cyclist -1 -1 0.04 761.33 206.01 802.41 304.74 1.41 0.50 1.32 3.00 2.27 12.60 0.27 0.515
cyclist -1 -1 0.74 336.88 202.14 387.02 273.97 1.41 0.50 1.32 -5.00 1.91 14.20 0.40 0.246
