car -1 -1 -1.31 933.19 162.44 1241.00 374.00 1.46 1.49 2.95 4.40 1.72 7.20 -0.76 0.998
car -1 -1 -1.68 636.77 176.96 706.90 229.57 1.54 1.62 3.91 2.10 1.72 23.90 -1.59 0.998
car -1 -1 -1.98 424.60 177.26 497.52 209.92 1.46 1.49 2.95 -6.80 1.72 33.80 -2.18 0.984
car -1 -1 -1.59 613.53 170.27 653.73 202.99 1.46 1.49 2.95 1.00 1.39 33.60 -1.56 0.980
car -1 -1 -2.05 261.32 179.61 434.13 236.79 1.54 1.62 3.91 -6.70 1.72 18.70 -2.39 0.900
car -1 -1 -1.89 357.35 183.94 438.43 235.33 1.54 1.62 3.91 -7.10 2.06 24.70 -2.17 0.861
car -1 -1 -1.66 366.34 177.23 479.81 213.32 1.54 1.62 3.91 -8.30 1.72 31.90 -1.91 0.592
car -1 -1 -0.58 188.57 182.10 399.87 262.72 1.54 1.62 3.91 -5.90 1.72 13.70 -0.98 0.246
car -1 -1 -1.49 464.92 171.29 529.78 197.34 1.46 1.49 2.95 -6.40 1.39 41.20 -1.64 0.119
pedestrian -1 -1 -1.74 752.84 163.04 765.53 200.80 1.76 0.66 0.49 7.10 1.46 33.40 -1.53 0.094
cyclist -1 -1 1.47 350.27 172.48 419.88 311.64 1.68 0.41 1.64 -3.10 1.91 10.30 1.18 1.000
