car -1 -1 -1.61 684.80 169.72 768.02 236.79 1.46 1.49 2.95 2.60 1.39 17.20 -1.46 1.000
car -1 -1 -1.92 759.79 142.65 1077.47 374.00 2.48 1.81 4.73 3.00 2.06 8.70 -1.59 0.999
car -1 -1 -1.60 650.30 169.31 699.48 207.87 1.46 1.49 2.95 2.40 1.39 27.40 -1.52 0.997
car -1 -1 -1.97 352.13 164.52 469.47 227.12 1.54 1.62 3.91 -5.30 1.39 19.10 -2.24 0.991
car -1 -1 -0.17 258.60 160.24 420.09 253.83 2.48 1.81 4.73 -8.30 2.06 22.40 -0.53 0.990
car -1 -1 -2.70 90.30 163.23 390.95 277.69 1.54 1.62 3.91 -5.90 1.39 11.30 -3.18 0.990
car -1 -1 -2.65 418.84 163.49 514.49 208.99 2.48 1.81 4.73 -7.90 2.06 39.80 -2.84 0.952
car -1 -1 -1.63 639.53 166.48 673.81 197.82 2.48 1.81 4.73 3.00 1.72 47.50 -1.57 0.946
car -1 -1 -1.90 13.84 180.55 289.02 319.16 1.54 1.62 3.91 -6.50 1.72 10.50 -2.46 0.944
car -1 -1 -1.80 703.87 170.42 853.24 270.09 1.54 1.62 3.91 2.70 1.39 12.10 -1.58 0.731
pedestrian -1 -1 -0.96 161.58 159.00 176.53 205.73 1.76 0.66 0.49 -17.70 1.15 29.00 -1.51 0.290
