car -1 -1 1.86 6.55 184.73 322.03 365.31 1.54 1.62 3.91 -4.70 1.72 8.10 1.33 0.998
car -1 -1 -1.83 560.01 186.48 591.06 215.67 1.46 1.49 2.95 -1.20 1.72 37.20 -1.86 0.083
car -1 -1 0.29 144.30 192.64 293.45 274.85 1.46 1.49 2.95 -7.80 1.72 15.00 -0.19 0.059
pedestrian -1 -1 1.18 680.79 155.34 720.97 246.65 1.77 0.62 0.88 2.20 1.46 16.10 1.32 1.000
pedestrian -1 -1 -0.99 364.78 172.31 387.38 227.09 1.76 0.66 0.49 -8.20 1.46 26.10 -1.30 1.000
pedestrian -1 -1 -1.55 29.21 181.52 105.90 343.51 1.76 0.66 0.49 -6.50 1.77 8.60 -2.20 0.997
pedestrian -1 -1 1.04 38.68 167.10 225.66 364.96 1.87 0.84 1.11 -3.30 1.46 4.90 0.45 0.836
pedestrian -1 -1 -0.06 495.74 171.12 508.68 213.84 1.76 0.66 0.49 -5.60 1.77 40.90 -0.20 0.420
cyclist -1 -1 1.56 19.95 164.30 286.88 370.58 1.68 0.41 1.64 -2.90 1.56 5.30 1.06 0.323
cyclist -1 -1 0.16 588.86 187.23 631.76 285.43 1.77 0.62 0.88 0.10 1.77 14.60 0.17 0.064
