car -1 -1 1.70 484.66 171.18 580.67 233.82 2.48 1.81 4.73 -2.70 2.06 29.60 1.61 0.996
car -1 -1 0.44 664.96 176.91 740.74 226.90 1.54 1.62 3.91 2.90 1.39 21.30 0.57 0.567
pedestrian -1 -1 -2.77 884.53 148.05 972.85 371.10 1.76 0.66 0.49 2.90 1.77 6.60 -2.36 0.999
pedestrian -1 -1 -1.12 557.46 157.33 609.62 315.06 1.76 0.66 0.49 -0.30 1.46 9.80 -1.15 0.999
pedestrian -1 -1 -1.97 735.33 160.03 835.95 333.02 1.77 0.62 0.88 2.10 1.77 8.20 -1.71 0.998
pedestrian -1 -1 -0.99 611.24 166.63 633.96 219.99 1.76 0.66 0.49 0.80 1.46 25.10 -0.96 0.998
pedestrian -1 -1 0.85 636.87 166.95 650.67 214.56 1.76 0.66 0.49 1.70 1.46 28.40 0.91 0.998
pedestrian -1 -1 -0.82 654.34 165.24 697.24 270.69 1.87 0.84 1.11 1.90 1.46 16.50 -0.71 0.992
pedestrian -1 -1 -1.45 928.43 147.61 1080.15 373.00 1.76 0.66 0.49 3.20 1.46 5.70 -0.94 0.989
pedestrian -1 -1 -1.83 406.96 153.92 453.78 271.06 1.68 0.41 1.64 -2.90 1.56 12.10 -2.07 0.988
pedestrian -1 -1 -1.02 697.60 152.48 748.76 268.17 1.87 0.84 1.11 2.30 1.77 14.50 -0.86 0.976
pedestrian -1 -1 -1.26 880.25 155.04 929.82 275.40 1.76 0.66 0.49 5.60 1.46 13.50 -0.87 0.960
pedestrian -1 -1 -1.72 787.74 169.11 807.05 209.81 1.75 0.62 1.83 12.20 1.21 44.60 -1.46 0.154
pedestrian -1 -1 -2.04 787.21 160.83 844.67 266.82 1.68 0.41 1.64 4.70 1.21 15.70 -1.75 0.103
pedestrian -1 -1 -0.22 514.82 168.31 525.35 202.80 1.75 0.62 1.83 -4.80 1.21 42.60 -0.33 0.084
cyclist -1 -1 -1.67 399.66 162.67 468.55 266.06 1.75 0.62 1.83 -2.40 1.21 10.40 -1.89 0.375
cyclist -1 -1 0.58 447.56 197.09 482.52 255.46 1.41 0.50 1.32 -3.00 1.91 15.60 0.39 0.197
