car -1 -1 -1.79 671.08 184.81 746.91 242.01 1.46 1.49 2.95 2.40 1.72 18.00 -1.66 0.999
car -1 -1 0.51 976.19 194.60 1241.00 328.00 1.46 1.49 2.95 6.40 1.72 8.60 1.15 0.997
car -1 -1 -1.58 641.74 185.51 692.81 222.18 1.54 1.62 3.91 2.30 2.06 30.70 -1.51 0.995
car -1 -1 -2.69 9.74 187.20 293.43 312.02 1.46 1.49 2.95 -6.20 1.72 9.20 -3.29 0.993
car -1 -1 -1.95 372.67 185.15 492.28 227.57 1.54 1.62 3.91 -6.70 2.06 27.70 -2.19 0.984
car -1 -1 -2.50 301.85 189.24 459.94 239.26 1.54 1.62 3.91 -7.10 2.06 22.50 -2.81 0.963
car -1 -1 -1.79 443.51 181.70 522.28 218.85 1.54 1.62 3.91 -5.70 2.06 33.30 -1.96 0.868
car -1 -1 -2.36 127.01 193.38 338.29 278.78 1.46 1.49 2.95 -7.00 1.72 13.80 -2.83 0.681
car -1 -1 -2.31 203.57 190.88 416.28 254.19 1.54 1.62 3.91 -7.10 2.06 16.70 -2.71 0.495
car -1 -1 -1.70 505.42 178.43 554.05 204.57 1.46 1.49 2.95 -5.40 2.06 49.00 -1.81 0.460
car -1 -1 -1.68 634.47 185.93 666.41 214.60 1.46 1.49 2.95 2.00 2.06 37.20 -1.63 0.260
