car -1 -1 -1.68 677.01 181.96 788.76 260.01 1.54 1.62 3.91 2.70 1.72 16.30 -1.52 1.000
car -1 -1 -1.53 643.98 175.14 694.46 218.34 1.54 1.62 3.91 2.10 1.72 27.50 -1.45 0.997
car -1 -1 -2.07 8.32 195.19 327.45 315.00 1.54 1.62 3.91 -6.30 2.06 10.70 -2.60 0.929
car -1 -1 -2.12 408.74 183.35 495.75 222.53 1.46 1.49 2.95 -6.00 2.06 28.80 -2.32 0.909
car -1 -1 -2.16 448.09 181.66 524.57 210.17 1.54 1.62 3.91 -6.90 2.06 39.50 -2.33 0.868
car -1 -1 -1.94 214.84 189.91 388.86 281.32 1.46 1.49 2.95 -5.00 1.72 12.20 -2.33 0.802
car -1 -1 -0.60 300.50 186.36 411.72 253.07 1.46 1.49 2.95 -5.60 1.72 16.40 -0.92 0.704
car -1 -1 -1.13 477.97 178.45 555.36 205.85 1.54 1.62 3.91 -4.70 1.72 36.70 -1.26 0.682
car -1 -1 -2.09 351.31 184.71 477.09 231.56 1.54 1.62 3.91 -7.10 2.06 26.50 -2.35 0.190
car -1 -1 -1.55 637.06 178.09 666.70 203.62 1.46 1.49 2.95 2.20 1.72 39.20 -1.49 0.152
