car -1 -1 -1.38 394.43 176.11 493.68 248.96 1.54 1.62 3.91 -3.50 1.39 16.70 -1.59 1.000
car -1 -1 -1.65 579.74 172.15 644.60 237.18 2.48 1.81 4.73 0.20 2.06 25.90 -1.64 0.993
car -1 -1 -1.35 290.21 182.06 371.66 235.90 1.46 1.49 2.95 -8.40 1.39 21.80 -1.71 0.987
car -1 -1 -1.69 469.30 177.62 518.81 218.91 2.48 1.81 4.73 -5.80 2.06 38.30 -1.84 0.983
car -1 -1 -1.45 357.74 183.81 411.15 218.88 1.46 1.49 2.95 -9.40 1.39 30.40 -1.75 0.975
car -1 -1 -1.60 2.55 137.08 368.55 360.85 2.48 1.81 4.73 -4.40 2.06 8.70 -2.07 0.933
car -1 -1 -1.45 223.63 177.49 361.35 263.48 1.46 1.49 2.95 -5.60 1.39 13.20 -1.85 0.079
pedestrian -1 -1 -1.70 347.64 189.92 365.75 227.70 1.41 0.50 1.32 -10.80 1.91 31.20 -2.04 0.388
pedestrian -1 -1 -0.92 256.74 192.80 288.66 252.23 1.41 0.50 1.32 -10.00 1.91 21.60 -1.35 0.153
pedestrian -1 -1 -0.69 228.08 151.87 249.46 218.93 1.76 0.66 0.49 -15.70 1.15 30.60 -1.16 0.056
