car -1 -1 1.35 566.11 169.26 596.25 198.18 2.48 1.81 4.73 -1.40 1.72 54.10 1.32 0.357
pedestrian -1 -1 0.46 671.00 161.09 702.81 235.79 1.75 0.62 1.83 2.20 1.21 18.80 0.58 1.000
pedestrian -1 -1 1.54 699.86 165.94 723.71 228.38 1.76 0.66 0.49 3.30 1.46 21.80 1.69 1.000
pedestrian -1 -1 2.25 498.85 164.50 512.91 212.94 1.76 0.66 0.49 -3.60 1.15 28.10 2.13 0.997
pedestrian -1 -1 1.66 387.44 162.44 463.86 330.64 1.87 0.84 1.11 -2.30 1.77 9.90 1.43 0.996
pedestrian -1 -1 -0.33 626.99 155.59 656.49 238.75 1.87 0.84 1.11 1.30 1.46 23.90 -0.28 0.995
pedestrian -1 -1 1.99 453.85 152.63 500.77 309.82 1.76 0.66 0.49 -2.10 1.46 11.60 1.81 0.945
pedestrian -1 -1 0.19 346.95 173.41 397.91 326.14 1.77 0.62 0.88 -3.10 2.08 10.20 -0.11 0.894
pedestrian -1 -1 -0.51 221.74 240.08 303.94 373.00 1.41 0.50 1.32 -4.80 2.27 10.20 -0.95 0.396
pedestrian -1 -1 0.11 692.22 162.34 706.04 230.56 1.76 0.66 0.49 3.50 1.77 25.40 0.24 0.157
pedestrian -1 -1 -0.95 736.32 151.27 753.57 235.25 1.76 0.66 0.49 3.30 1.15 16.40 -0.75 0.089
pedestrian -1 -1 0.06 960.89 131.23 988.65 228.77 1.76 0.66 0.49 9.70 1.15 18.80 0.54 0.073
cyclist -1 -1 -0.89 728.70 158.06 773.06 284.55 1.77 0.62 0.88 2.40 1.46 11.70 -0.69 0.064
