car -1 -1 1.73 378.33 154.59 475.30 236.23 2.48 1.81 4.73 -5.60 1.72 23.50 1.49 0.984
car -1 -1 0.66 185.30 165.72 414.71 311.12 1.54 1.62 3.91 -3.90 1.39 10.30 0.29 0.786
car -1 -1 1.56 429.25 159.44 491.71 219.87 2.48 1.81 4.73 -6.00 1.72 32.30 1.38 0.775
car -1 -1 1.13 36.34 149.82 400.06 368.45 2.48 1.81 4.73 -4.60 2.06 9.70 0.69 0.507
pedestrian -1 -1 -0.87 805.18 145.12 847.88 266.80 1.76 0.66 0.49 3.10 1.46 10.00 -0.57 0.998
pedestrian -1 -1 -2.18 347.90 163.64 389.40 303.43 1.76 0.66 0.49 -3.70 1.46 11.40 -2.49 0.998
pedestrian -1 -1 1.69 1167.35 141.95 1229.78 314.99 1.76 0.66 0.49 6.20 1.46 7.50 2.38 0.998
pedestrian -1 -1 0.98 1045.54 140.14 1097.35 276.53 1.76 0.66 0.49 5.60 1.15 8.70 1.55 0.988
pedestrian -1 -1 -1.59 369.50 161.22 418.87 304.90 1.77 0.62 0.88 -2.80 1.46 9.70 -1.87 0.984
pedestrian -1 -1 -0.90 602.90 163.22 614.24 211.77 1.68 0.41 1.64 0.30 1.21 25.10 -0.89 0.945
pedestrian -1 -1 2.90 718.15 181.42 738.99 236.71 1.68 0.41 1.64 4.10 1.56 23.30 3.07 0.940
pedestrian -1 -1 2.32 688.66 180.83 707.39 235.28 1.76 0.66 0.49 3.50 1.77 25.20 2.46 0.587
pedestrian -1 -1 -0.73 581.19 157.44 597.59 217.20 1.75 0.62 1.83 -0.40 1.56 29.80 -0.74 0.252
pedestrian -1 -1 -1.49 334.97 163.16 368.03 247.32 1.77 0.62 0.88 -7.50 1.46 21.40 -1.82 0.134
pedestrian -1 -1 0.89 496.89 169.73 511.08 208.13 1.68 0.41 1.64 -4.50 1.56 33.30 0.76 0.121
pedestrian -1 -1 -0.57 398.25 161.72 431.73 274.48 1.77 0.62 0.88 -3.60 1.46 14.10 -0.82 0.080
cyclist -1 -1 2.52 707.40 179.84 747.86 238.33 1.77 0.62 0.88 3.30 1.77 19.60 2.68 0.169
cyclist -1 -1 -1.16 327.37 155.71 421.83 346.86 1.87 0.84 1.11 -2.90 2.08 9.30 -1.46 0.077
cyclist -1 -1 -0.67 575.29 162.72 603.45 214.23 1.87 0.84 1.11 -0.70 1.15 33.70 -0.69 0.061
cyclist -1 -1 -1.29 801.33 152.94 852.36 279.23 1.77 0.62 0.88 4.10 1.77 13.60 -0.99 0.056
