car -1 -1 1.14 809.22 186.19 1054.12 331.08 1.46 1.49 2.95 3.60 1.72 8.80 1.53 1.000
car -1 -1 0.93 743.51 183.42 864.82 265.00 1.46 1.49 2.95 3.80 1.72 14.40 1.19 1.000
car -1 -1 0.96 387.62 152.66 538.25 291.41 2.48 1.81 4.73 -3.00 2.06 15.10 0.77 0.998
car -1 -1 -1.72 729.16 180.63 801.68 234.90 1.46 1.49 2.95 4.80 1.72 22.60 -1.51 0.998
car -1 -1 1.56 551.28 170.89 596.35 208.68 1.54 1.62 3.91 -1.50 1.39 28.30 1.51 0.997
car -1 -1 -1.76 707.27 178.79 761.30 218.07 1.46 1.49 2.95 5.20 1.72 29.60 -1.59 0.975
car -1 -1 -1.60 692.21 178.01 737.50 210.87 1.46 1.49 2.95 4.40 1.72 31.80 -1.46 0.972
car -1 -1 -1.16 678.17 174.61 716.42 202.98 1.54 1.62 3.91 5.30 1.72 44.30 -1.04 0.966
car -1 -1 1.54 458.31 174.95 556.27 250.03 1.54 1.62 3.91 -2.30 1.72 16.90 1.40 0.409
pedestrian -1 -1 1.55 1088.08 211.78 1241.00 374.00 1.41 0.50 1.32 4.40 1.91 5.40 2.23 0.476
