car -1 -1 -1.75 694.72 187.75 818.39 270.51 1.54 1.62 3.91 2.90 1.72 15.10 -1.56 0.999
car -1 -1 -1.87 652.39 181.93 718.33 228.68 1.54 1.62 3.91 2.30 1.72 22.90 -1.77 0.998
car -1 -1 -1.92 489.12 176.04 544.33 204.81 1.46 1.49 2.95 -5.00 1.72 39.40 -2.05 0.993
car -1 -1 -2.53 6.32 189.99 351.09 302.73 1.54 1.62 3.91 -5.70 1.72 10.10 -3.05 0.991
car -1 -1 -1.63 644.22 182.45 679.36 214.60 1.46 1.49 2.95 2.60 2.06 36.00 -1.56 0.987
car -1 -1 -2.42 304.48 181.79 423.94 249.21 1.46 1.49 2.95 -5.80 1.72 17.20 -2.75 0.978
car -1 -1 -0.95 395.71 177.36 505.95 223.02 1.46 1.49 2.95 -5.40 1.72 24.60 -1.17 0.951
car -1 -1 -2.30 190.88 188.92 406.97 257.48 1.54 1.62 3.91 -6.70 1.72 15.70 -2.70 0.820
car -1 -1 -1.90 358.62 183.34 459.09 233.49 1.54 1.62 3.91 -6.70 2.06 24.90 -2.17 0.265
car -1 -1 0.67 630.74 175.70 657.54 197.05 1.54 1.62 3.91 2.50 1.72 51.70 0.72 0.087
car -1 -1 1.88 73.86 196.08 204.43 255.40 1.46 1.49 2.95 -12.80 2.06 19.80 1.31 0.071
pedestrian -1 -1 -0.79 197.96 178.91 228.31 236.83 1.41 0.50 1.32 -12.60 1.91 23.00 -1.29 0.217
