car -1 -1 1.78 398.76 185.11 480.08 234.71 1.54 1.62 3.91 -5.70 2.06 24.50 1.55 1.000
car -1 -1 -1.89 764.52 181.36 1028.46 338.83 1.54 1.62 3.91 3.50 1.72 9.70 -1.55 1.000
car -1 -1 -0.91 184.25 186.48 375.04 295.24 1.46 1.49 2.95 -5.20 1.72 11.80 -1.32 0.999
car -1 -1 1.68 447.60 185.36 501.82 221.73 1.54 1.62 3.91 -5.50 2.06 30.30 1.50 0.993
car -1 -1 1.90 1011.33 145.65 1238.86 256.56 2.48 1.81 4.73 11.50 1.72 15.80 2.53 0.967
car -1 -1 -1.13 754.62 159.79 843.14 192.23 2.48 1.81 4.73 12.90 1.72 47.60 -0.86 0.945
car -1 -1 1.77 495.73 180.22 531.82 206.71 1.46 1.49 2.95 -6.00 2.06 46.00 1.64 0.878
car -1 -1 1.79 478.32 183.00 515.88 215.89 1.46 1.49 2.95 -5.80 2.06 37.00 1.63 0.656
car -1 -1 -0.73 753.87 158.13 843.97 241.24 2.48 1.81 4.73 5.80 2.06 22.10 -0.47 0.258
car -1 -1 -1.32 188.98 185.29 288.59 257.15 1.46 1.49 2.95 -9.60 2.06 19.20 -1.78 0.098
