car -1 -1 -1.54 0.00 108.71 332.51 352.06 2.48 1.81 4.73 -4.40 1.72 7.10 -2.09 0.435
car -1 -1 -0.64 801.93 179.99 1051.78 358.75 1.46 1.49 2.95 3.40 1.72 8.00 -0.23 0.332
car -1 -1 -1.28 324.28 182.45 465.87 237.67 1.54 1.62 3.91 -6.70 1.72 22.70 -1.57 0.133
pedestrian -1 -1 1.18 567.40 142.99 623.78 310.58 1.76 0.66 0.49 -0.10 1.46 7.40 1.16 1.000
pedestrian -1 -1 0.94 685.42 151.33 737.32 301.92 1.77 0.62 0.88 1.20 1.46 8.50 1.08 1.000
pedestrian -1 -1 0.78 1121.61 150.76 1223.00 369.00 1.77 0.62 0.88 4.80 1.46 5.70 1.48 1.000
pedestrian -1 -1 0.68 726.82 137.68 798.22 298.89 1.77 0.62 0.88 1.80 1.46 8.70 0.89 0.999
pedestrian -1 -1 1.17 893.03 134.00 1074.43 366.74 1.77 0.62 0.88 3.00 1.46 5.50 1.67 0.997
pedestrian -1 -1 1.10 505.74 157.27 578.54 369.00 1.76 0.66 0.49 -0.60 2.08 7.30 1.02 0.991
pedestrian -1 -1 1.10 799.52 141.12 906.95 369.00 1.76 0.66 0.49 2.10 1.46 6.20 1.43 0.974
pedestrian -1 -1 0.58 245.84 142.37 282.71 252.40 1.76 0.66 0.49 -7.50 0.84 15.60 0.13 0.913
pedestrian -1 -1 0.77 641.78 144.68 654.80 192.56 1.76 0.66 0.49 1.50 0.84 23.80 0.83 0.694
pedestrian -1 -1 1.19 618.66 141.83 636.28 202.21 1.76 0.66 0.49 0.70 0.84 19.00 1.22 0.661
pedestrian -1 -1 1.07 1003.21 143.13 1072.64 312.04 1.76 0.66 0.49 7.10 1.15 11.40 1.63 0.087
cyclist -1 -1 0.53 632.72 145.35 662.51 198.75 1.87 0.84 1.11 1.50 0.84 25.50 0.59 0.615
cyclist -1 -1 -1.22 310.76 143.45 349.93 200.90 1.76 0.66 0.49 -6.70 0.84 17.40 -1.59 0.153
cyclist -1 -1 -0.17 231.88 139.33 298.28 252.12 1.87 0.84 1.11 -6.70 1.15 13.70 -0.63 0.126
cyclist -1 -1 -1.65 349.95 151.06 383.46 194.17 1.76 0.66 0.49 -6.30 0.84 19.00 -1.97 0.055
