car -1 -1 -2.43 97.10 165.80 389.33 277.70 1.46 1.49 2.95 -4.80 1.39 9.80 -2.89 0.999
car -1 -1 -1.76 731.89 189.09 943.48 328.79 1.46 1.49 2.95 2.80 1.72 9.20 -1.47 0.999
car -1 -1 -1.86 663.57 178.46 744.22 240.59 1.54 1.62 3.91 2.70 1.72 20.70 -1.73 0.998
car -1 -1 0.83 0.00 202.49 240.86 345.90 1.46 1.49 2.95 -6.60 2.06 9.00 0.19 0.996
car -1 -1 -2.48 321.01 183.98 470.18 237.28 1.54 1.62 3.91 -5.70 1.72 19.50 -2.77 0.991
car -1 -1 -0.67 640.99 178.87 679.40 211.49 1.46 1.49 2.95 2.20 1.72 33.60 -0.61 0.979
car -1 -1 -1.75 652.93 179.54 702.60 224.19 1.46 1.49 2.95 2.20 1.72 24.00 -1.66 0.937
car -1 -1 -1.75 448.49 175.77 533.49 210.62 1.54 1.62 3.91 -4.70 1.72 30.70 -1.90 0.710
car -1 -1 -0.38 489.45 175.45 547.45 204.57 1.46 1.49 2.95 -4.80 1.72 39.20 -0.51 0.560
car -1 -1 -2.62 195.14 177.07 456.39 253.33 1.54 1.62 3.91 -4.50 1.39 12.50 -2.97 0.455
car -1 -1 -1.77 422.20 181.79 507.69 222.35 1.46 1.49 2.95 -4.80 1.72 24.40 -1.97 0.317
car -1 -1 0.57 631.94 180.77 660.05 203.05 1.46 1.49 2.95 2.00 1.72 39.80 0.62 0.159
