car -1 -1 -1.64 670.07 180.94 740.94 233.72 1.54 1.62 3.91 2.90 1.72 23.10 -1.52 1.000
car -1 -1 1.11 19.53 170.32 306.87 338.42 1.54 1.62 3.91 -5.10 1.39 8.10 0.54 0.997
car -1 -1 -1.91 771.93 170.97 1032.27 374.00 1.54 1.62 3.91 2.50 1.72 7.50 -1.59 0.992
car -1 -1 -2.44 374.90 177.78 497.82 223.44 1.54 1.62 3.91 -5.50 1.72 23.70 -2.67 0.987
car -1 -1 -0.14 722.61 175.01 841.97 220.78 1.54 1.62 3.91 6.50 1.72 26.30 0.10 0.972
car -1 -1 -2.55 424.09 173.10 522.62 210.38 1.46 1.49 2.95 -4.80 1.39 25.40 -2.74 0.948
car -1 -1 -0.90 310.67 179.05 480.43 244.19 1.46 1.49 2.95 -4.20 1.39 14.80 -1.18 0.926
car -1 -1 -1.46 504.50 176.12 552.60 203.07 1.46 1.49 2.95 -4.60 1.72 42.60 -1.57 0.869
car -1 -1 -2.30 97.19 175.28 361.33 273.67 1.46 1.49 2.95 -5.40 1.39 10.60 -2.77 0.688
car -1 -1 -0.59 799.41 180.18 890.46 233.82 1.46 1.49 2.95 7.20 1.72 22.20 -0.28 0.368
car -1 -1 0.68 436.35 171.48 470.01 193.70 1.46 1.49 2.95 -11.00 1.39 51.40 0.47 0.117
