car -1 -1 1.33 424.29 179.25 518.33 251.87 1.54 1.62 3.91 -3.30 1.72 18.30 1.16 0.999
car -1 -1 -1.76 644.90 173.47 727.64 234.79 1.54 1.62 3.91 2.30 1.72 21.70 -1.65 0.999
car -1 -1 -1.02 0.00 179.37 216.71 354.84 1.54 1.62 3.91 -7.10 1.72 9.10 -1.69 0.988
car -1 -1 1.34 393.74 175.41 479.62 223.78 1.54 1.62 3.91 -5.10 1.72 22.10 1.12 0.945
car -1 -1 0.61 311.34 179.72 456.90 227.04 1.54 1.62 3.91 -7.50 1.72 22.70 0.29 0.857
car -1 -1 0.89 463.43 168.99 527.02 197.66 1.46 1.49 2.95 -5.40 1.39 35.80 0.74 0.842
car -1 -1 0.35 415.06 174.62 501.65 203.66 1.54 1.62 3.91 -7.90 1.72 38.70 0.15 0.151
car -1 -1 1.63 610.10 174.20 634.02 196.48 1.46 1.49 2.95 1.00 1.72 52.00 1.65 0.100
pedestrian -1 -1 -0.78 1052.89 181.25 1072.01 224.54 1.41 0.50 1.32 19.00 1.91 30.20 -0.22 0.378
cyclist -1 -1 -1.05 1045.92 181.91 1079.65 222.53 1.41 0.50 1.32 19.00 1.91 30.20 -0.49 0.102
