car -1 -1 1.48 554.49 168.19 582.01 195.73 2.48 1.81 4.73 -2.20 1.39 52.30 1.44 0.736
pedestrian -1 -1 1.13 475.20 165.10 504.43 265.15 1.76 0.66 0.49 -2.50 1.77 15.80 0.97 1.000
pedestrian -1 -1 -1.91 1017.41 111.73 1129.72 342.72 1.76 0.66 0.49 3.50 1.46 5.40 -1.33 1.000
pedestrian -1 -1 0.55 670.70 165.29 693.13 227.21 1.76 0.66 0.49 2.80 1.46 24.10 0.66 0.999
pedestrian -1 -1 -0.68 589.06 158.35 608.28 236.37 1.76 0.66 0.49 -0.10 1.46 19.80 -0.68 0.999
pedestrian -1 -1 -0.35 635.83 161.27 661.02 226.72 1.87 0.84 1.11 1.50 1.46 22.70 -0.29 0.999
pedestrian -1 -1 1.41 170.22 209.43 259.44 373.00 1.76 0.66 0.49 -4.30 2.08 8.00 0.92 0.997
pedestrian -1 -1 -1.35 706.19 154.81 724.46 225.39 1.76 0.66 0.49 3.70 1.15 23.20 -1.19 0.978
pedestrian -1 -1 -0.94 947.09 141.27 1027.34 364.15 1.76 0.66 0.49 3.60 1.46 6.90 -0.46 0.976
pedestrian -1 -1 1.24 500.69 156.41 535.12 265.14 1.75 0.62 1.83 -2.20 1.56 19.00 1.13 0.969
pedestrian -1 -1 0.94 107.97 218.34 198.51 373.00 1.76 0.66 0.49 -5.70 2.08 9.00 0.37 0.967
pedestrian -1 -1 -0.16 651.81 165.22 669.80 228.57 1.76 0.66 0.49 1.50 1.46 18.00 -0.08 0.495
pedestrian -1 -1 0.11 666.54 165.29 678.51 221.69 1.76 0.66 0.49 2.80 1.46 28.50 0.21 0.400
pedestrian -1 -1 -0.99 704.86 159.90 713.56 203.42 1.76 0.66 0.49 5.30 0.84 35.60 -0.84 0.225
pedestrian -1 -1 -0.85 1170.45 187.26 1196.83 231.87 1.41 0.50 1.32 22.20 1.56 27.40 -0.17 0.142
pedestrian -1 -1 -1.66 438.07 189.71 456.08 266.92 1.76 0.66 0.49 -4.10 2.08 19.20 -1.87 0.067
pedestrian -1 -1 1.05 241.69 194.36 329.35 367.44 1.77 0.62 0.88 -3.00 1.77 6.70 0.63 0.067
pedestrian -1 -1 -0.71 633.94 162.15 643.85 218.49 1.68 0.41 1.64 1.70 1.21 32.70 -0.66 0.052
cyclist -1 -1 -0.75 693.01 151.99 736.49 272.72 1.68 0.41 1.64 1.90 1.56 11.90 -0.59 0.334
cyclist -1 -1 1.30 13.12 221.74 321.72 369.20 1.87 0.84 1.11 -3.10 2.08 4.70 0.72 0.140
cyclist -1 -1 -1.23 1160.10 189.70 1207.12 228.62 1.41 0.50 1.32 22.20 1.56 27.40 -0.54 0.097
cyclist -1 -1 -1.34 699.61 157.22 725.91 209.04 1.87 0.84 1.11 4.90 0.84 32.30 -1.19 0.050
