car -1 -1 1.76 0.00 186.91 263.70 344.55 1.54 1.62 3.91 -6.30 1.72 9.50 1.18 0.999
car -1 -1 -2.28 815.53 193.23 1238.82 374.00 1.54 1.62 3.91 3.50 1.72 6.90 -1.81 0.999
car -1 -1 1.29 465.04 177.90 516.48 209.84 1.54 1.62 3.91 -5.50 1.72 34.50 1.13 0.999
car -1 -1 0.32 335.05 179.37 415.00 206.46 1.54 1.62 3.91 -11.50 1.72 35.90 0.01 0.992
car -1 -1 1.22 149.84 180.12 241.38 212.24 1.54 1.62 3.91 -22.10 2.06 38.30 0.70 0.869
car -1 -1 1.29 73.97 182.58 177.98 218.46 1.54 1.62 3.91 -23.10 2.06 34.30 0.70 0.860
car -1 -1 1.93 56.88 183.44 194.37 258.67 1.46 1.49 2.95 -10.60 1.72 15.80 1.34 0.477
car -1 -1 2.60 541.11 170.17 604.81 194.40 1.54 1.62 3.91 -2.30 1.39 49.50 2.55 0.466
car -1 -1 1.79 144.52 179.08 255.61 257.83 1.46 1.49 2.95 -9.60 1.72 17.00 1.28 0.352
pedestrian -1 -1 0.40 674.22 166.26 690.25 204.90 1.76 0.66 0.49 3.40 1.15 33.50 0.50 0.997
cyclist -1 -1 -0.53 666.40 171.14 696.98 206.75 1.41 0.50 1.32 2.80 1.56 27.80 -0.43 0.084
cyclist -1 -1 1.95 934.70 196.30 962.69 228.43 1.41 0.50 1.32 14.80 2.27 31.60 2.39 0.076
