car -1 -1 1.74 505.78 176.16 549.37 207.43 1.54 1.62 3.91 -4.10 1.72 36.10 1.63 1.000
car -1 -1 1.78 49.81 191.57 363.01 350.83 1.54 1.62 3.91 -4.50 1.72 8.90 1.32 1.000
car -1 -1 -1.61 795.30 181.54 1026.22 318.86 1.54 1.62 3.91 4.10 1.72 11.10 -1.25 0.999
car -1 -1 1.83 301.23 185.20 445.44 275.74 1.54 1.62 3.91 -4.50 1.72 13.70 1.51 0.999
car -1 -1 1.61 391.17 183.65 487.56 242.15 1.54 1.62 3.91 -4.50 1.72 19.70 1.38 0.998
car -1 -1 -1.70 704.90 177.78 788.62 231.63 1.54 1.62 3.91 4.10 1.72 22.10 -1.51 0.998
car -1 -1 -1.52 730.29 177.59 868.34 262.92 1.54 1.62 3.91 4.10 1.72 15.90 -1.27 0.997
car -1 -1 -1.67 684.70 177.28 731.67 212.20 1.46 1.49 2.95 4.00 1.72 30.20 -1.54 0.973
car -1 -1 -1.86 1009.92 167.64 1173.85 216.56 1.54 1.62 3.91 15.30 1.39 22.90 -1.27 0.423
car -1 -1 1.62 527.92 175.92 560.71 200.61 1.54 1.62 3.91 -4.50 1.72 48.90 1.52 0.230
pedestrian -1 -1 -0.90 656.47 166.89 664.93 188.59 1.77 0.62 0.88 3.20 1.15 45.90 -0.83 0.859
