car -1 -1 -1.67 747.89 189.04 1000.81 369.54 1.46 1.49 2.95 2.40 1.72 7.40 -1.36 1.000
car -1 -1 -1.90 0.00 169.92 267.96 306.95 1.46 1.49 2.95 -6.00 1.39 9.00 -2.49 1.000
car -1 -1 1.83 406.70 170.83 527.14 263.26 1.46 1.49 2.95 -2.60 1.39 12.80 1.63 1.000
car -1 -1 1.42 641.24 176.29 675.57 205.52 1.54 1.62 3.91 2.50 1.72 37.90 1.49 1.000
car -1 -1 1.49 567.24 170.58 594.11 194.13 1.54 1.62 3.91 -1.90 1.39 46.50 1.45 0.973
car -1 -1 -0.12 962.97 210.34 1237.67 369.68 1.46 1.49 2.95 5.00 1.72 6.40 0.54 0.420
car -1 -1 1.15 493.05 179.34 561.89 233.39 1.54 1.62 3.91 -2.70 1.72 23.90 1.03 0.418
pedestrian -1 -1 1.91 509.74 165.83 552.93 294.61 1.76 0.66 0.49 -1.30 1.77 10.80 1.79 0.951
pedestrian -1 -1 -0.47 1112.53 204.64 1238.65 356.21 1.41 0.50 1.32 5.60 1.91 6.60 0.24 0.105
cyclist -1 -1 1.75 493.69 169.46 567.76 286.83 1.77 0.62 0.88 -1.50 1.77 11.60 1.62 0.377
