car -1 -1 -1.87 681.72 182.35 777.87 254.51 1.54 1.62 3.91 2.70 1.72 17.50 -1.72 1.000
car -1 -1 1.75 552.52 176.19 585.87 201.81 1.54 1.62 3.91 -2.30 1.72 40.10 1.69 0.999
car -1 -1 -1.12 667.95 177.21 719.16 222.97 1.54 1.62 3.91 3.10 1.72 28.50 -1.01 0.994
car -1 -1 0.87 12.08 180.35 367.75 298.78 1.46 1.49 2.95 -4.60 1.39 7.80 0.34 0.994
car -1 -1 -1.26 401.70 176.55 513.09 219.67 1.54 1.62 3.91 -5.70 1.72 26.90 -1.47 0.992
car -1 -1 -1.21 641.41 173.62 673.75 199.32 1.46 1.49 2.95 3.00 1.72 44.40 -1.14 0.890
car -1 -1 -0.27 309.34 172.95 496.66 229.59 1.54 1.62 3.91 -4.70 1.39 16.10 -0.56 0.631
car -1 -1 -0.32 321.81 171.26 415.37 212.38 1.46 1.49 2.95 -9.00 1.39 27.20 -0.64 0.094
car -1 -1 0.97 268.34 165.71 329.25 204.79 2.48 1.81 4.73 -21.00 2.06 49.30 0.57 0.066
car -1 -1 0.38 263.05 169.00 410.19 265.48 1.46 1.49 2.95 -5.00 1.39 13.60 0.03 0.058
pedestrian -1 -1 -0.48 642.15 168.37 649.72 198.88 1.68 0.41 1.64 2.10 1.56 40.70 -0.43 0.057
