car -1 -1 -1.32 404.42 176.54 510.51 248.90 1.54 1.62 3.91 -3.50 1.39 17.50 -1.52 0.999
pedestrian -1 -1 0.75 539.84 159.22 564.41 221.14 1.87 0.84 1.11 -2.30 1.46 30.70 0.68 0.999
pedestrian -1 -1 0.19 241.46 170.83 263.25 225.67 1.87 0.84 1.11 -15.10 1.77 30.30 -0.27 0.616
pedestrian -1 -1 -0.36 335.66 174.77 352.16 215.73 1.77 0.62 0.88 -15.40 1.77 42.10 -0.71 0.142
pedestrian -1 -1 1.10 944.45 136.64 969.52 199.61 1.76 0.66 0.49 11.00 0.84 21.90 1.57 0.107
pedestrian -1 -1 -0.45 415.67 163.75 430.09 211.88 1.68 0.41 1.64 -7.50 1.21 29.10 -0.70 0.078
cyclist -1 -1 -0.48 288.61 170.72 354.86 236.23 1.68 0.41 1.64 -7.30 1.56 18.10 -0.86 1.000
cyclist -1 -1 -0.62 825.02 156.87 849.20 198.71 1.87 0.84 1.11 11.10 0.84 34.30 -0.30 0.984
cyclist -1 -1 0.46 707.15 160.44 742.13 198.25 1.68 0.41 1.64 5.50 0.85 34.10 0.62 0.978
cyclist -1 -1 0.58 917.04 143.59 994.32 205.04 1.68 0.41 1.64 11.10 0.85 21.90 1.05 0.935
cyclist -1 -1 -0.26 852.22 159.61 899.80 199.82 1.87 0.84 1.11 13.10 1.15 34.50 0.11 0.312
