car -1 -1 1.36 457.36 183.08 508.22 219.11 1.54 1.62 3.91 -5.70 2.06 33.30 1.19 1.000
car -1 -1 0.19 335.56 183.97 416.23 212.22 1.54 1.62 3.91 -11.70 2.06 36.30 -0.12 0.999
car -1 -1 1.74 82.84 183.71 190.68 236.25 1.46 1.49 2.95 -13.80 1.72 21.40 1.17 0.997
car -1 -1 1.73 2.45 189.38 138.65 244.43 1.54 1.62 3.91 -17.70 2.06 23.50 1.09 0.571
car -1 -1 1.21 540.66 177.56 592.53 200.57 1.54 1.62 3.91 -3.30 2.06 55.10 1.15 0.308
car -1 -1 1.86 0.00 190.37 146.01 374.00 1.46 1.49 2.95 -7.60 2.06 9.40 1.18 0.136
car -1 -1 1.63 643.48 174.68 700.71 197.56 1.54 1.62 3.91 4.10 1.72 49.50 1.71 0.086
pedestrian -1 -1 0.28 683.56 170.76 698.94 210.00 1.77 0.62 0.88 4.00 1.77 35.30 0.39 0.907
pedestrian -1 -1 -0.68 158.42 180.61 193.11 235.78 1.41 0.50 1.32 -13.80 1.91 23.00 -1.22 0.728
cyclist -1 -1 0.04 679.27 173.48 706.76 210.14 1.41 0.50 1.32 3.00 1.56 27.80 0.15 0.097
