car -1 -1 -1.07 4.27 111.40 294.86 360.48 2.48 1.81 4.73 -6.00 1.72 8.90 -1.66 0.386
car -1 -1 -1.57 322.33 173.49 473.97 243.76 1.46 1.49 2.95 -4.60 1.39 15.60 -1.85 0.148
pedestrian -1 -1 0.79 666.15 133.95 719.62 262.24 1.76 0.66 0.49 1.20 1.15 9.50 0.91 1.000
pedestrian -1 -1 0.89 556.92 137.27 593.58 236.82 1.76 0.66 0.49 -0.50 1.15 12.20 0.85 1.000
pedestrian -1 -1 0.43 1103.80 152.75 1223.00 369.00 1.77 0.62 0.88 4.60 1.46 5.70 1.11 1.000
pedestrian -1 -1 0.90 619.34 138.94 670.14 260.72 1.76 0.66 0.49 0.40 1.15 9.10 0.94 1.000
pedestrian -1 -1 1.32 446.95 141.86 483.91 223.65 1.76 0.66 0.49 -3.20 0.84 15.90 1.12 0.999
pedestrian -1 -1 0.32 503.74 140.96 541.71 228.77 1.76 0.66 0.49 -1.90 1.15 15.60 0.20 0.999
pedestrian -1 -1 1.02 538.15 137.67 562.26 231.33 1.76 0.66 0.49 -1.10 1.15 13.20 0.94 0.989
pedestrian -1 -1 0.80 591.03 136.99 626.50 235.24 1.76 0.66 0.49 0.10 1.15 12.20 0.81 0.974
pedestrian -1 -1 1.59 486.10 146.47 512.82 224.49 1.76 0.66 0.49 -2.10 1.15 13.80 1.44 0.926
pedestrian -1 -1 0.66 265.28 131.12 302.49 243.63 1.76 0.66 0.49 -6.70 1.15 14.80 0.23 0.413
cyclist -1 -1 -1.45 344.80 151.98 384.86 196.01 1.87 0.84 1.11 -10.90 0.84 31.90 -1.78 0.844
cyclist -1 -1 0.52 432.21 144.86 491.00 237.08 1.87 0.84 1.11 -2.70 1.15 13.30 0.32 0.229
cyclist -1 -1 2.13 394.26 147.50 433.28 213.61 1.76 0.66 0.49 -4.50 0.84 16.40 1.87 0.066
