car -1 -1 -1.73 1.18 122.18 326.44 353.69 2.48 1.81 4.73 -5.00 1.72 8.70 -2.25 0.207
pedestrian -1 -1 0.60 787.95 142.40 891.18 368.81 1.87 0.84 1.11 2.50 1.46 7.70 0.92 1.000
pedestrian -1 -1 0.67 1010.35 133.53 1204.59 362.74 1.87 0.84 1.11 3.90 1.46 5.50 1.29 0.999
pedestrian -1 -1 0.62 941.76 155.87 1054.07 369.00 1.76 0.66 0.49 3.30 1.77 6.00 1.12 0.999
pedestrian -1 -1 2.29 639.67 143.28 659.24 197.08 1.76 0.66 0.49 1.30 0.84 20.40 2.35 0.980
pedestrian -1 -1 -1.12 421.66 144.07 442.51 205.00 1.76 0.66 0.49 -5.70 0.84 23.00 -1.36 0.958
pedestrian -1 -1 0.77 1158.77 109.50 1223.00 365.64 1.76 0.66 0.49 5.60 1.46 6.50 1.48 0.954
pedestrian -1 -1 -1.13 306.85 139.65 332.98 227.18 1.76 0.66 0.49 -7.80 0.84 19.10 -1.52 0.129
pedestrian -1 -1 2.00 476.06 145.94 489.77 193.75 1.76 0.66 0.49 -5.80 0.84 33.70 1.83 0.079
cyclist -1 -1 -0.96 411.22 146.68 453.06 204.83 1.87 0.84 1.11 -5.50 0.84 21.70 -1.21 0.703
cyclist -1 -1 1.91 624.63 144.93 668.10 197.23 1.87 0.84 1.11 1.50 0.84 21.90 1.98 0.550
cyclist -1 -1 1.38 354.06 142.85 403.60 193.64 1.87 0.84 1.11 -5.90 0.84 19.10 1.08 0.065
cyclist -1 -1 -0.11 291.83 146.25 352.12 222.97 1.87 0.84 1.11 -8.50 1.15 20.90 -0.50 0.061
