car -1 -1 -1.60 698.34 167.81 856.99 284.44 1.54 1.62 3.91 2.70 1.72 12.70 -1.39 0.999
car -1 -1 -1.79 643.57 176.25 685.13 207.49 1.54 1.62 3.91 2.70 1.72 36.50 -1.71 0.998
car -1 -1 -1.65 661.22 179.43 728.39 227.22 1.54 1.62 3.91 2.70 1.72 23.90 -1.54 0.998
car -1 -1 -1.47 630.29 173.45 662.68 201.55 1.46 1.49 2.95 1.80 1.39 35.80 -1.42 0.995
car -1 -1 -2.60 159.54 182.83 398.29 266.25 1.54 1.62 3.91 -6.50 1.72 14.30 -3.02 0.992
car -1 -1 -2.30 408.89 170.34 516.94 211.05 1.54 1.62 3.91 -5.10 1.39 25.50 -2.50 0.989
car -1 -1 -2.10 0.00 181.84 351.75 298.96 1.54 1.62 3.91 -5.70 1.72 10.10 -2.62 0.978
car -1 -1 -1.85 262.53 165.98 453.26 244.25 1.54 1.62 3.91 -5.50 1.39 15.70 -2.18 0.971
car -1 -1 -2.31 361.14 171.60 476.79 228.55 1.46 1.49 2.95 -4.80 1.39 18.60 -2.56 0.784
car -1 -1 -1.65 680.95 180.17 768.43 245.78 1.54 1.62 3.91 2.90 1.72 18.30 -1.50 0.597
