car -1 -1 1.32 353.95 154.78 495.38 252.39 2.48 1.81 4.73 -4.80 1.72 19.70 1.08 0.953
car -1 -1 1.49 450.44 159.83 522.91 229.12 2.48 1.81 4.73 -4.40 1.72 29.10 1.34 0.451
pedestrian -1 -1 1.37 795.64 153.84 856.57 324.08 1.76 0.66 0.49 2.50 1.46 7.80 1.68 1.000
pedestrian -1 -1 1.53 518.25 169.38 539.43 229.05 1.76 0.66 0.49 -2.40 1.46 24.10 1.43 1.000
pedestrian -1 -1 -1.93 1007.94 144.15 1116.50 340.09 1.77 0.62 0.88 4.40 1.46 6.90 -1.36 0.998
pedestrian -1 -1 1.91 172.24 160.26 226.91 326.00 1.76 0.66 0.49 -5.30 1.46 9.60 1.41 0.994
pedestrian -1 -1 -0.50 81.42 163.26 134.03 291.83 1.76 0.66 0.49 -7.40 1.77 10.70 -1.10 0.881
pedestrian -1 -1 1.95 768.34 187.65 795.68 262.12 1.41 0.50 1.32 4.60 1.91 18.40 2.19 0.876
pedestrian -1 -1 2.43 599.85 166.27 614.57 221.12 1.75 0.62 1.83 0.20 1.21 28.20 2.44 0.333
pedestrian -1 -1 -0.66 116.33 145.27 153.05 284.87 1.76 0.66 0.49 -7.30 1.46 11.20 -1.24 0.249
pedestrian -1 -1 -0.89 617.58 164.01 636.71 229.05 1.75 0.62 1.83 1.00 1.56 24.60 -0.85 0.101
pedestrian -1 -1 -0.99 0.00 169.39 37.09 373.00 1.76 0.66 0.49 -7.70 1.77 9.20 -1.68 0.070
