car -1 -1 -1.72 634.35 177.95 668.49 207.20 1.54 1.62 3.91 2.10 1.72 36.90 -1.67 0.999
car -1 -1 -2.35 263.87 163.73 462.24 237.83 1.54 1.62 3.91 -5.90 1.39 16.90 -2.69 0.996
car -1 -1 -1.12 826.26 175.88 1215.15 374.00 1.54 1.62 3.91 3.30 1.39 6.90 -0.67 0.984
car -1 -1 -0.00 794.48 179.46 1009.92 254.87 1.54 1.62 3.91 6.30 1.72 15.90 0.38 0.982
car -1 -1 -2.23 155.46 177.24 372.26 274.45 1.54 1.62 3.91 -6.50 1.72 13.70 -2.67 0.975
car -1 -1 -0.54 713.47 176.98 830.89 227.59 1.46 1.49 2.95 5.00 1.72 22.00 -0.31 0.940
car -1 -1 -0.92 13.57 168.08 284.20 344.22 1.46 1.49 2.95 -5.20 1.39 8.20 -1.48 0.928
car -1 -1 -1.93 421.90 175.43 523.52 206.01 1.54 1.62 3.91 -6.10 1.72 32.90 -2.11 0.903
car -1 -1 0.14 754.16 181.43 911.49 236.66 1.46 1.49 2.95 5.60 1.72 18.60 0.43 0.446
pedestrian -1 -1 0.63 987.54 145.04 1005.32 224.64 1.76 0.66 0.49 10.50 1.15 19.60 1.12 0.136
pedestrian -1 -1 -0.40 747.18 178.58 766.04 220.85 1.68 0.41 1.64 5.50 1.91 27.30 -0.20 0.058
cyclist -1 -1 1.05 538.62 170.61 558.06 208.83 1.77 0.62 0.88 -3.30 1.77 38.60 0.97 0.872
