pedestrian -1 -1 -1.76 434.63 167.62 461.88 258.87 1.76 0.66 0.49 -3.70 1.77 16.80 -1.98 1.000
pedestrian -1 -1 -0.13 673.64 166.74 699.44 255.66 1.75 0.62 1.83 2.40 1.56 19.40 -0.00 0.970
pedestrian -1 -1 -0.42 707.26 170.92 738.67 252.06 1.75 0.62 1.83 3.00 1.91 18.60 -0.26 0.895
pedestrian -1 -1 -0.64 351.42 171.19 373.77 207.87 1.87 0.84 1.11 -14.10 1.46 42.70 -0.96 0.522
cyclist -1 -1 1.73 583.53 164.89 607.26 218.67 1.75 0.62 1.83 -0.20 1.56 26.20 1.73 0.986
cyclist -1 -1 0.01 612.89 169.17 631.67 213.80 1.75 0.62 1.83 1.20 1.56 34.80 0.04 0.946
cyclist -1 -1 1.36 565.17 170.41 589.60 211.77 1.87 0.84 1.11 -1.30 1.46 34.30 1.32 0.921
cyclist -1 -1 0.96 519.03 173.33 551.24 207.32 1.75 0.62 1.83 -3.20 1.56 36.80 0.87 0.765
cyclist -1 -1 1.01 813.26 192.80 898.11 341.44 1.41 0.50 1.32 3.00 1.91 8.80 1.34 0.403
cyclist -1 -1 0.32 722.37 162.25 771.95 226.32 1.87 0.84 1.11 4.50 1.46 21.50 0.53 0.122
cyclist -1 -1 -0.88 667.16 169.53 705.51 250.62 1.87 0.84 1.11 2.70 1.46 22.90 -0.77 0.063
