car -1 -1 1.78 343.43 186.57 469.03 262.96 1.54 1.62 3.91 -4.10 1.72 15.30 1.52 1.000
car -1 -1 -1.88 732.22 179.13 835.85 251.72 1.46 1.49 2.95 4.00 1.72 17.20 -1.65 0.999
car -1 -1 -1.87 778.58 185.45 963.08 299.33 1.54 1.62 3.91 3.70 1.72 11.10 -1.55 0.999
car -1 -1 1.63 424.21 183.56 506.59 235.45 1.46 1.49 2.95 -3.80 1.72 19.60 1.44 0.998
car -1 -1 -1.73 703.74 179.95 787.54 230.89 1.54 1.62 3.91 3.90 1.72 22.50 -1.56 0.997
car -1 -1 -1.91 886.90 179.36 1236.43 369.75 1.54 1.62 3.91 4.10 1.72 7.50 -1.41 0.995
car -1 -1 -1.76 689.22 179.56 742.00 217.28 1.46 1.49 2.95 4.20 1.72 28.80 -1.62 0.990
car -1 -1 1.54 472.50 182.71 526.77 222.78 1.46 1.49 2.95 -3.80 1.72 25.60 1.39 0.976
car -1 -1 1.69 535.13 177.69 572.57 203.57 1.54 1.62 3.91 -3.30 1.72 40.90 1.61 0.968
car -1 -1 -1.70 679.18 178.36 715.46 208.55 1.46 1.49 2.95 4.60 2.06 38.80 -1.58 0.448
car -1 -1 -1.85 959.77 175.86 1067.87 211.06 1.54 1.62 3.91 18.10 1.72 32.10 -1.33 0.187
car -1 -1 -1.51 1047.79 178.78 1209.84 226.17 1.54 1.62 3.91 16.90 1.72 23.70 -0.89 0.065
