car -1 -1 -1.43 447.26 178.26 534.48 246.19 1.54 1.62 3.91 -2.90 1.72 18.30 -1.59 1.000
car -1 -1 -1.72 584.78 176.49 610.93 202.04 1.46 1.49 2.95 -0.60 1.72 40.00 -1.73 0.999
car -1 -1 2.10 0.00 196.65 196.29 301.80 1.54 1.62 3.91 -10.10 2.06 13.30 1.45 0.999
car -1 -1 1.92 294.65 188.42 367.15 225.23 1.46 1.49 2.95 -11.60 2.06 29.80 1.54 0.997
pedestrian -1 -1 2.10 648.34 170.31 660.55 214.37 1.76 0.66 0.49 1.90 1.77 30.80 2.17 0.989
pedestrian -1 -1 1.81 659.13 165.96 671.81 215.11 1.76 0.66 0.49 2.30 1.46 29.80 1.89 0.922
pedestrian -1 -1 0.54 672.76 162.00 690.37 212.80 1.76 0.66 0.49 2.10 1.46 21.80 0.64 0.831
pedestrian -1 -1 -0.80 923.61 155.35 947.72 212.67 1.77 0.62 0.88 14.50 1.46 32.00 -0.38 0.170
pedestrian -1 -1 1.21 667.86 165.80 675.09 213.43 1.76 0.66 0.49 3.70 1.77 43.00 1.29 0.158
cyclist -1 -1 -0.59 658.41 164.77 704.53 219.02 1.68 0.41 1.64 2.90 1.56 28.50 -0.49 0.998
cyclist -1 -1 0.19 174.71 175.75 205.92 272.88 1.76 0.66 0.49 -11.10 2.08 18.80 -0.34 0.527
