car -1 -1 -1.67 676.11 180.22 765.11 245.46 1.54 1.62 3.91 2.70 1.72 18.70 -1.53 1.000
car -1 -1 -0.82 440.73 170.73 535.69 206.41 1.46 1.49 2.95 -4.80 1.39 28.00 -0.99 0.983
car -1 -1 -0.70 725.61 176.67 867.88 224.60 1.54 1.62 3.91 5.90 1.72 24.10 -0.46 0.953
car -1 -1 0.99 150.76 174.29 365.77 287.31 1.46 1.49 2.95 -4.60 1.39 9.80 0.55 0.936
car -1 -1 0.92 277.40 167.08 482.38 236.69 1.54 1.62 3.91 -4.70 1.39 15.10 0.62 0.884
car -1 -1 0.01 369.63 167.83 504.38 218.07 1.54 1.62 3.91 -5.10 1.39 21.30 -0.23 0.506
car -1 -1 1.17 668.46 175.21 717.33 202.15 1.46 1.49 2.95 5.00 1.72 45.00 1.28 0.296
car -1 -1 1.33 253.36 173.19 391.10 254.61 1.54 1.62 3.91 -6.10 1.72 15.70 0.96 0.243
pedestrian -1 -1 -1.61 976.39 174.14 1020.34 287.62 1.76 0.66 0.49 7.30 1.77 13.60 -1.12 0.731
pedestrian -1 -1 -0.75 935.54 194.23 1019.68 361.23 1.41 0.50 1.32 3.80 1.91 7.60 -0.29 0.069
