car -1 -1 -0.58 868.98 167.39 1209.00 348.02 1.46 1.49 2.95 3.80 1.39 7.20 -0.10 1.000
car -1 -1 -1.69 633.09 178.37 699.92 229.06 1.54 1.62 3.91 1.90 1.72 24.10 -1.61 0.999
car -1 -1 -1.57 613.01 174.19 652.78 205.72 1.54 1.62 3.91 1.30 1.72 38.90 -1.54 0.989
car -1 -1 -1.99 432.93 178.04 497.56 211.18 1.46 1.49 2.95 -6.40 1.72 33.20 -2.18 0.980
car -1 -1 -0.23 289.80 179.48 449.40 235.07 1.54 1.62 3.91 -7.50 1.72 22.50 -0.56 0.935
car -1 -1 0.80 222.08 182.38 424.84 268.68 1.54 1.62 3.91 -5.10 1.72 13.30 0.44 0.094
car -1 -1 -1.70 456.91 176.08 526.55 199.90 1.54 1.62 3.91 -6.90 1.72 42.90 -1.86 0.076
car -1 -1 -1.43 362.12 179.30 483.47 215.19 1.54 1.62 3.91 -7.30 1.72 28.10 -1.69 0.075
car -1 -1 -1.57 381.93 186.28 447.94 231.27 1.46 1.49 2.95 -7.20 2.06 27.20 -1.82 0.061
cyclist -1 -1 1.61 379.59 177.55 438.87 284.82 1.77 0.62 0.88 -3.30 1.77 12.00 1.34 1.000
