car -1 -1 -1.67 687.27 187.08 773.65 248.50 1.46 1.49 2.95 2.80 1.72 17.00 -1.51 1.000
car -1 -1 1.76 477.85 184.31 529.36 221.70 1.54 1.62 3.91 -4.70 2.06 33.10 1.62 0.999
car -1 -1 -1.77 672.94 183.60 732.12 230.51 1.54 1.62 3.91 3.30 2.06 26.50 -1.65 0.998
car -1 -1 -0.35 960.50 171.66 1157.68 237.37 1.46 1.49 2.95 9.80 1.39 15.80 0.20 0.998
car -1 -1 -0.64 654.31 176.96 685.63 202.59 1.46 1.49 2.95 3.40 1.72 41.20 -0.56 0.693
car -1 -1 1.67 502.51 185.28 541.22 213.08 1.46 1.49 2.95 -4.40 2.06 36.80 1.55 0.667
car -1 -1 1.51 935.74 177.71 1045.02 229.65 1.46 1.49 2.95 11.80 1.72 22.60 2.00 0.629
car -1 -1 1.64 854.20 173.97 1021.48 219.72 1.54 1.62 3.91 9.10 1.39 20.70 2.05 0.188
car -1 -1 1.47 526.95 184.84 558.96 206.80 1.46 1.49 2.95 -3.80 2.06 41.40 1.37 0.075
pedestrian -1 -1 -0.60 1108.79 164.98 1142.81 207.76 1.41 0.50 1.32 20.00 1.21 28.00 0.02 0.475
