car -1 -1 -1.95 736.75 167.80 1004.17 364.92 1.54 1.62 3.91 2.70 1.72 8.70 -1.65 0.998
car -1 -1 -1.75 698.23 182.73 819.46 266.11 1.54 1.62 3.91 2.70 1.72 14.10 -1.56 0.998
car -1 -1 -0.57 646.29 176.04 685.28 206.67 1.54 1.62 3.91 2.70 1.72 35.50 -0.50 0.997
car -1 -1 -2.09 0.00 189.91 315.13 344.78 1.54 1.62 3.91 -5.50 1.72 9.30 -2.62 0.997
car -1 -1 -1.78 664.78 176.71 729.15 226.94 1.46 1.49 2.95 2.40 1.39 20.00 -1.66 0.984
car -1 -1 -1.19 439.02 173.12 528.74 209.90 1.46 1.49 2.95 -5.20 1.39 29.40 -1.37 0.946
car -1 -1 -0.80 383.16 175.77 485.02 229.06 1.46 1.49 2.95 -5.20 1.72 21.40 -1.04 0.894
car -1 -1 -1.51 324.72 182.62 455.48 246.13 1.46 1.49 2.95 -5.60 1.72 18.60 -1.80 0.822
car -1 -1 -0.58 481.22 171.38 542.26 200.81 1.46 1.49 2.95 -4.60 1.39 35.80 -0.71 0.559
car -1 -1 -1.45 147.28 184.80 327.91 287.45 1.54 1.62 3.91 -6.70 1.72 13.70 -1.90 0.196
car -1 -1 -0.01 791.44 175.52 849.07 204.56 1.46 1.49 2.95 12.00 1.72 40.80 0.27 0.107
pedestrian -1 -1 -1.67 128.33 176.59 152.66 237.99 1.76 0.66 0.49 -15.50 1.77 23.80 -2.25 0.160
