car -1 -1 0.39 0.00 196.45 311.11 362.59 1.54 1.62 3.91 -4.70 1.72 8.10 -0.14 0.182
car -1 -1 -1.46 260.13 184.85 486.28 271.33 1.54 1.62 3.91 -4.70 1.72 14.50 -1.78 0.058
car -1 -1 -0.89 798.87 192.62 1011.67 329.68 1.46 1.49 2.95 3.80 1.72 9.40 -0.50 0.052
pedestrian -1 -1 0.95 330.26 139.60 414.10 364.24 1.76 0.66 0.49 -1.90 1.46 5.60 0.63 1.000
pedestrian -1 -1 0.91 542.56 141.04 593.01 275.34 1.76 0.66 0.49 -0.40 1.15 8.90 0.86 1.000
pedestrian -1 -1 0.76 822.43 143.91 915.81 354.17 1.76 0.66 0.49 2.30 1.46 6.00 1.13 1.000
pedestrian -1 -1 0.83 926.94 144.60 1010.01 369.00 1.76 0.66 0.49 2.90 1.46 5.60 1.31 0.999
pedestrian -1 -1 0.95 657.86 144.39 811.66 369.00 1.77 0.62 0.88 0.70 1.46 4.20 1.11 0.999
pedestrian -1 -1 0.79 747.13 157.95 872.28 369.00 1.75 0.62 1.83 1.80 1.56 6.60 1.06 0.998
pedestrian -1 -1 0.28 1077.36 138.51 1196.59 356.30 1.76 0.66 0.49 4.20 1.46 5.70 0.91 0.997
pedestrian -1 -1 1.74 647.89 142.02 687.21 329.48 1.76 0.66 0.49 0.70 1.46 8.60 1.82 0.838
pedestrian -1 -1 0.94 245.87 126.37 284.68 270.20 1.76 0.66 0.49 -6.50 1.15 13.40 0.49 0.526
pedestrian -1 -1 0.62 307.63 140.83 332.67 230.57 1.76 0.66 0.49 -7.70 0.84 19.00 0.24 0.403
pedestrian -1 -1 2.44 641.30 140.98 656.40 216.30 1.76 0.66 0.49 1.10 0.84 18.60 2.50 0.118
pedestrian -1 -1 -0.64 1098.84 139.53 1136.18 241.77 1.76 0.66 0.49 12.90 0.84 17.80 -0.01 0.086
cyclist -1 -1 0.83 296.27 147.61 344.36 215.75 1.87 0.84 1.11 -9.70 1.15 24.50 0.45 0.083
