car -1 -1 1.66 304.63 160.68 509.87 300.67 1.54 1.62 3.91 -2.70 1.39 10.30 1.40 0.998
pedestrian -1 -1 0.19 747.57 173.67 797.42 303.36 1.76 0.66 0.49 2.30 1.46 9.80 0.42 1.000
pedestrian -1 -1 -0.67 603.01 163.74 634.00 236.37 1.75 0.62 1.83 0.40 1.21 16.20 -0.64 1.000
pedestrian -1 -1 0.56 626.91 159.39 663.02 247.02 1.76 0.66 0.49 1.00 1.46 15.50 0.62 1.000
pedestrian -1 -1 -2.09 677.47 152.07 724.15 311.04 1.76 0.66 0.49 0.90 1.46 6.80 -1.96 0.999
pedestrian -1 -1 1.67 564.16 160.73 588.45 240.91 1.75 0.62 1.83 -0.60 1.56 19.80 1.64 0.997
pedestrian -1 -1 2.05 1153.98 132.33 1228.16 310.55 1.87 0.84 1.11 7.50 1.46 8.70 2.76 0.997
pedestrian -1 -1 0.63 545.83 159.42 572.71 249.28 1.76 0.66 0.49 -0.90 1.46 15.40 0.57 0.994
pedestrian -1 -1 2.39 710.91 168.43 738.41 269.71 1.76 0.66 0.49 2.70 1.46 15.80 2.56 0.937
pedestrian -1 -1 -1.48 334.87 169.06 365.54 240.08 1.76 0.66 0.49 -5.90 1.46 16.80 -1.81 0.898
cyclist -1 -1 -0.04 542.97 163.33 599.10 238.02 1.75 0.62 1.83 -0.80 1.21 21.00 -0.08 0.343
cyclist -1 -1 -1.37 599.20 165.32 641.69 235.46 1.68 0.41 1.64 0.70 1.21 24.90 -1.34 0.234
cyclist -1 -1 -0.89 663.53 156.72 736.86 317.41 1.87 0.84 1.11 1.30 1.46 10.50 -0.76 0.102
