car -1 -1 -1.67 652.16 174.25 733.11 235.48 1.54 1.62 3.91 2.30 1.72 20.10 -1.55 0.999
car -1 -1 -1.22 1016.21 139.27 1233.45 374.00 2.48 1.81 4.73 7.80 2.06 9.90 -0.55 0.996
car -1 -1 -1.51 626.93 169.11 669.81 203.61 1.54 1.62 3.91 1.70 1.39 30.70 -1.46 0.986
car -1 -1 -2.13 139.68 182.40 396.28 258.52 1.54 1.62 3.91 -6.50 1.72 13.90 -2.57 0.978
car -1 -1 -1.57 300.33 178.67 433.32 231.38 1.54 1.62 3.91 -6.70 1.72 20.90 -1.88 0.862
car -1 -1 -2.33 402.44 175.12 495.48 210.41 1.54 1.62 3.91 -7.50 1.72 34.50 -2.55 0.853
car -1 -1 -1.39 467.14 170.25 538.98 197.06 1.54 1.62 3.91 -5.50 1.39 38.70 -1.54 0.405
car -1 -1 -2.20 442.02 174.45 511.45 200.30 1.54 1.62 3.91 -8.50 1.72 45.90 -2.39 0.063
pedestrian -1 -1 1.80 217.25 181.54 301.05 374.00 1.76 0.66 0.49 -3.50 1.77 7.20 1.35 0.394
pedestrian -1 -1 -1.83 774.31 166.40 786.53 202.79 1.68 0.41 1.64 10.30 1.56 43.50 -1.60 0.093
cyclist -1 -1 2.17 181.60 177.32 327.44 367.34 1.41 0.50 1.32 -2.40 1.56 5.20 1.74 0.999
