pedestrian -1 -1 -0.31 841.99 155.40 877.08 270.55 1.76 0.66 0.49 4.50 1.46 12.60 0.03 0.999
pedestrian -1 -1 1.68 508.27 157.46 540.59 237.82 1.75 0.62 1.83 -2.40 1.21 22.20 1.57 0.997
pedestrian -1 -1 2.25 194.87 151.88 307.21 373.00 1.77 0.62 0.88 -2.50 1.46 5.40 1.82 0.996
pedestrian -1 -1 -1.25 606.18 163.11 620.19 210.90 1.75 0.62 1.83 0.60 1.56 34.60 -1.23 0.982
pedestrian -1 -1 -0.98 571.88 152.45 597.55 251.83 1.87 0.84 1.11 -0.50 1.77 21.90 -1.00 0.980
pedestrian -1 -1 1.23 409.04 156.02 444.58 257.27 1.76 0.66 0.49 -3.30 1.15 13.60 0.99 0.946
pedestrian -1 -1 1.51 732.04 149.49 761.80 230.17 1.87 0.84 1.11 5.50 0.84 26.90 1.71 0.889
pedestrian -1 -1 0.63 815.85 154.86 826.20 198.73 1.76 0.66 0.49 9.30 0.84 30.20 0.93 0.758
pedestrian -1 -1 -1.30 591.91 159.04 610.82 215.01 1.76 0.66 0.49 0.00 1.15 25.70 -1.30 0.583
pedestrian -1 -1 -0.24 659.36 156.92 669.23 202.40 1.76 0.66 0.49 3.30 0.84 37.60 -0.15 0.451
pedestrian -1 -1 -1.08 558.24 156.49 570.74 218.80 1.76 0.66 0.49 -1.10 1.15 22.60 -1.12 0.107
cyclist -1 -1 1.27 714.36 142.99 780.51 277.81 1.75 0.62 1.83 2.00 1.21 10.60 1.45 0.976
cyclist -1 -1 1.64 125.10 167.68 354.97 355.22 1.87 0.84 1.11 -1.70 1.77 3.90 1.23 0.203
cyclist -1 -1 -0.70 657.21 151.77 696.64 214.76 1.87 0.84 1.11 1.90 1.15 18.90 -0.60 0.078
