car -1 -1 -1.77 681.83 180.86 779.43 249.51 1.54 1.62 3.91 2.70 1.72 17.50 -1.62 1.000
car -1 -1 -2.45 308.56 165.36 478.36 233.66 1.54 1.62 3.91 -5.50 1.39 18.10 -2.74 0.999
car -1 -1 -1.73 653.40 172.73 708.42 218.04 1.54 1.62 3.91 2.70 1.72 27.30 -1.63 0.997
car -1 -1 -2.08 0.00 169.88 268.19 334.14 1.46 1.49 2.95 -5.00 1.39 7.40 -2.68 0.994
car -1 -1 -1.19 816.02 196.48 1241.00 374.00 1.46 1.49 2.95 3.60 1.72 6.60 -0.69 0.977
car -1 -1 0.52 217.63 175.23 418.81 249.12 1.54 1.62 3.91 -6.70 1.72 17.50 0.15 0.965
car -1 -1 -2.81 382.23 173.93 503.79 217.10 1.54 1.62 3.91 -6.10 1.72 27.10 -3.03 0.946
car -1 -1 -1.20 639.07 171.98 678.69 203.50 1.46 1.49 2.95 2.40 1.39 34.00 -1.13 0.901
car -1 -1 -1.78 476.13 169.79 544.41 203.89 1.46 1.49 2.95 -4.60 1.39 33.40 -1.92 0.335
car -1 -1 -1.03 508.81 169.03 562.61 195.85 1.46 1.49 2.95 -4.40 1.39 44.00 -1.13 0.254
