car -1 -1 -1.86 736.81 181.21 894.32 283.85 1.54 1.62 3.91 3.30 1.72 12.70 -1.61 0.999
car -1 -1 1.78 154.31 196.44 381.77 301.02 1.54 1.62 3.91 -6.10 2.06 12.70 1.33 0.998
car -1 -1 1.80 337.63 188.48 439.45 253.65 1.46 1.49 2.95 -5.80 2.06 19.20 1.51 0.997
car -1 -1 1.76 433.85 185.39 494.21 227.74 1.46 1.49 2.95 -5.80 2.06 27.80 1.55 0.996
car -1 -1 -1.28 668.36 182.64 723.33 215.90 1.54 1.62 3.91 3.70 2.06 31.50 -1.16 0.995
car -1 -1 1.59 496.03 178.52 531.30 205.68 1.46 1.49 2.95 -5.80 2.06 44.00 1.46 0.994
car -1 -1 -1.51 798.92 180.90 1226.09 370.85 1.54 1.62 3.91 3.70 1.72 7.70 -1.06 0.991
car -1 -1 1.26 688.45 180.36 756.11 230.89 1.54 1.62 3.91 3.90 2.06 26.50 1.40 0.989
car -1 -1 -1.41 651.37 178.88 699.89 209.10 1.46 1.49 2.95 3.00 1.72 34.20 -1.32 0.912
car -1 -1 1.40 9.95 191.66 111.21 242.80 1.46 1.49 2.95 -16.80 2.06 21.60 0.73 0.403
