car -1 -1 -0.78 2.82 109.44 304.50 366.67 2.48 1.81 4.73 -5.60 1.72 8.70 -1.35 0.584
car -1 -1 -1.91 263.91 185.48 487.71 270.84 1.54 1.62 3.91 -4.70 1.72 14.50 -2.22 0.303
pedestrian -1 -1 1.32 524.59 143.27 571.72 258.30 1.77 0.62 0.88 -0.80 1.15 10.10 1.24 1.000
pedestrian -1 -1 0.63 863.84 158.89 992.49 366.39 1.76 0.66 0.49 2.40 1.46 5.50 1.04 1.000
pedestrian -1 -1 0.90 1004.15 143.97 1114.66 369.00 1.76 0.66 0.49 4.30 1.46 6.80 1.46 0.999
pedestrian -1 -1 0.53 742.42 142.05 826.92 333.75 1.76 0.66 0.49 1.90 1.46 7.40 0.78 0.999
pedestrian -1 -1 1.08 584.21 138.36 683.25 369.00 1.76 0.66 0.49 0.20 1.46 5.10 1.12 0.999
pedestrian -1 -1 0.73 827.91 151.38 912.84 350.92 1.76 0.66 0.49 2.30 1.46 6.20 1.09 0.998
pedestrian -1 -1 1.08 712.60 149.61 769.02 349.01 1.76 0.66 0.49 1.30 1.77 7.20 1.26 0.997
pedestrian -1 -1 1.69 285.08 139.98 353.75 340.48 1.76 0.66 0.49 -3.40 1.77 8.50 1.31 0.992
pedestrian -1 -1 1.42 642.16 140.01 724.84 359.08 1.76 0.66 0.49 0.60 1.77 5.90 1.52 0.991
pedestrian -1 -1 1.41 244.46 138.05 314.15 327.23 1.76 0.66 0.49 -3.20 1.46 6.90 0.97 0.842
pedestrian -1 -1 1.24 674.53 142.02 1106.12 355.68 1.75 0.62 1.83 1.00 1.21 2.80 1.58 0.260
pedestrian -1 -1 0.97 255.67 134.67 287.60 256.78 1.76 0.66 0.49 -8.10 1.46 17.00 0.52 0.056
cyclist -1 -1 -0.82 349.69 155.89 382.23 186.88 1.87 0.84 1.11 -11.90 0.84 35.70 -1.15 0.863
cyclist -1 -1 0.65 222.64 135.61 323.28 281.63 1.75 0.62 1.83 -4.60 1.21 10.00 0.21 0.051
