car -1 -1 -1.81 741.74 178.84 921.92 299.20 1.54 1.62 3.91 3.30 1.72 12.10 -1.54 0.999
car -1 -1 1.62 492.42 179.79 529.68 207.49 1.54 1.62 3.91 -6.10 2.06 44.90 1.48 0.999
car -1 -1 1.29 692.18 181.98 766.04 231.90 1.54 1.62 3.91 3.50 1.72 22.10 1.45 0.998
car -1 -1 1.80 94.05 198.66 364.74 313.20 1.54 1.62 3.91 -6.10 2.06 11.90 1.33 0.998
car -1 -1 1.80 424.21 185.41 490.75 228.92 1.46 1.49 2.95 -5.40 2.06 26.40 1.60 0.998
car -1 -1 -1.27 671.67 178.95 733.39 220.63 1.54 1.62 3.91 3.50 1.72 28.30 -1.15 0.997
car -1 -1 1.80 316.94 190.48 426.83 256.28 1.46 1.49 2.95 -5.80 2.06 17.60 1.48 0.995
car -1 -1 -1.60 826.01 177.66 1235.66 372.06 1.54 1.62 3.91 4.10 1.72 7.50 -1.10 0.988
car -1 -1 -1.33 650.14 176.27 701.62 206.95 1.54 1.62 3.91 3.10 1.72 35.90 -1.24 0.987
car -1 -1 1.22 0.00 188.70 64.48 238.87 1.46 1.49 2.95 -19.40 2.06 23.40 0.52 0.334
car -1 -1 0.48 707.89 180.62 870.95 236.80 1.54 1.62 3.91 4.90 1.72 19.50 0.73 0.143
