car -1 -1 1.45 594.42 166.90 628.01 198.43 2.48 1.81 4.73 1.00 1.39 52.30 1.47 0.858
pedestrian -1 -1 -0.85 876.76 156.69 918.21 280.40 1.76 0.66 0.49 4.70 1.46 11.40 -0.46 0.982
pedestrian -1 -1 0.95 102.33 165.94 167.13 310.88 1.76 0.66 0.49 -7.10 1.46 11.00 0.37 0.212
pedestrian -1 -1 -0.36 783.92 185.10 807.88 269.91 1.41 0.50 1.32 5.40 1.91 19.40 -0.09 0.196
pedestrian -1 -1 0.51 999.77 168.18 1024.41 220.29 1.41 0.50 1.32 17.80 1.21 31.20 1.03 0.191
pedestrian -1 -1 1.78 857.51 151.40 872.75 207.17 1.76 0.66 0.49 12.90 0.84 35.00 2.14 0.119
pedestrian -1 -1 0.76 26.00 159.58 155.37 373.00 1.87 0.84 1.11 -6.10 1.77 8.50 0.14 0.114
pedestrian -1 -1 2.09 331.79 160.98 409.96 359.04 1.75 0.62 1.83 -3.60 1.56 11.60 1.79 0.112
cyclist -1 -1 1.97 304.02 164.25 424.98 361.76 1.87 0.84 1.11 -2.70 1.77 7.70 1.63 0.999
cyclist -1 -1 1.00 0.00 178.64 229.34 373.00 1.87 0.84 1.11 -3.50 2.08 5.10 0.40 0.297
