car -1 -1 1.86 89.07 197.49 415.57 371.79 1.54 1.62 3.91 -3.50 1.72 7.90 1.44 1.000
car -1 -1 -1.83 785.00 171.51 1156.25 374.00 1.54 1.62 3.91 3.10 1.72 7.10 -1.42 1.000
car -1 -1 1.81 324.42 186.49 480.77 286.81 1.54 1.62 3.91 -3.30 1.72 12.70 1.56 0.999
car -1 -1 1.75 419.91 176.36 499.88 244.18 1.46 1.49 2.95 -3.80 1.72 18.00 1.54 0.997
car -1 -1 -1.73 702.87 173.53 853.43 283.76 1.54 1.62 3.91 2.70 1.72 12.10 -1.51 0.994
car -1 -1 -1.73 669.22 169.93 728.69 218.91 2.48 1.81 4.73 3.80 2.06 32.10 -1.61 0.991
car -1 -1 1.49 454.76 176.93 529.63 227.06 1.46 1.49 2.95 -3.80 1.72 24.00 1.34 0.991
car -1 -1 -1.85 687.92 168.88 768.07 238.77 1.46 1.49 2.95 2.80 1.39 17.20 -1.69 0.957
car -1 -1 -1.46 631.19 170.10 670.38 198.07 1.54 1.62 3.91 2.10 1.39 35.90 -1.40 0.654
pedestrian -1 -1 -0.84 536.96 162.52 545.76 190.92 1.68 0.41 1.64 -4.10 1.21 43.90 -0.93 0.419
