car -1 -1 -1.78 628.36 176.64 682.77 218.34 1.54 1.62 3.91 1.70 1.72 28.10 -1.72 0.999
car -1 -1 -2.03 0.00 162.59 306.20 316.74 1.54 1.62 3.91 -5.30 1.39 8.90 -2.57 0.996
car -1 -1 -1.11 958.79 178.51 1236.14 350.62 1.54 1.62 3.91 5.90 1.72 9.30 -0.54 0.989
car -1 -1 -2.26 327.68 178.19 485.73 221.74 1.54 1.62 3.91 -6.50 1.72 22.90 -2.54 0.984
car -1 -1 -1.75 612.00 172.28 649.34 202.03 1.46 1.49 2.95 1.00 1.39 32.40 -1.72 0.977
car -1 -1 0.20 769.88 180.51 1033.03 273.60 1.54 1.62 3.91 4.90 1.72 12.70 0.57 0.866
car -1 -1 1.21 844.64 182.01 1140.74 306.52 1.54 1.62 3.91 5.50 1.72 11.10 1.67 0.437
car -1 -1 -2.25 451.15 174.36 515.50 203.39 1.54 1.62 3.91 -6.90 1.72 40.30 -2.42 0.299
car -1 -1 0.59 146.37 159.07 330.12 279.25 2.48 1.81 4.73 -8.80 2.06 18.10 0.14 0.288
cyclist -1 -1 0.96 475.51 177.11 507.18 237.29 1.77 0.62 0.88 -4.10 2.08 25.00 0.80 0.999
