car -1 -1 -1.80 712.42 166.18 917.22 311.68 1.54 1.62 3.91 2.90 1.72 11.10 -1.54 0.998
car -1 -1 -1.50 632.34 171.61 665.59 201.04 1.46 1.49 2.95 2.00 1.39 35.80 -1.45 0.997
car -1 -1 -1.72 644.27 174.54 685.94 207.71 1.46 1.49 2.95 2.20 1.39 30.20 -1.65 0.997
car -1 -1 -1.68 670.49 177.40 741.61 229.61 1.54 1.62 3.91 2.90 1.72 21.90 -1.55 0.997
car -1 -1 -2.57 108.17 182.77 364.41 276.61 1.54 1.62 3.91 -6.50 1.72 13.10 -3.03 0.989
car -1 -1 -1.86 398.08 169.64 509.99 212.81 1.54 1.62 3.91 -5.70 1.39 24.70 -2.09 0.969
car -1 -1 -2.31 219.57 170.23 403.38 262.59 1.54 1.62 3.91 -5.50 1.39 13.30 -2.70 0.953
car -1 -1 -1.71 687.81 177.23 774.25 250.25 1.54 1.62 3.91 2.70 1.72 17.10 -1.56 0.928
car -1 -1 -0.83 0.87 185.09 319.60 339.84 1.54 1.62 3.91 -5.90 1.72 9.30 -1.40 0.865
car -1 -1 -1.35 302.40 165.44 448.40 247.88 1.54 1.62 3.91 -5.30 1.39 16.50 -1.66 0.849
car -1 -1 -2.29 352.46 175.22 472.71 226.50 1.54 1.62 3.91 -5.90 1.72 22.50 -2.54 0.190
