car -1 -1 1.46 541.90 180.93 596.84 222.70 1.54 1.62 3.91 -1.10 1.39 25.50 1.42 0.993
pedestrian -1 -1 1.29 786.16 172.51 838.41 343.00 1.76 0.66 0.49 2.50 1.77 8.80 1.56 1.000
pedestrian -1 -1 2.62 298.06 166.19 368.94 325.85 1.77 0.62 0.88 -3.40 1.77 8.90 2.26 1.000
pedestrian -1 -1 -1.03 693.27 180.98 736.91 283.32 1.77 0.62 0.88 1.80 1.77 11.70 -0.88 1.000
pedestrian -1 -1 1.19 978.36 164.67 1047.53 335.83 1.76 0.66 0.49 4.60 1.77 8.30 1.70 1.000
pedestrian -1 -1 -1.17 717.96 178.94 765.81 290.46 1.76 0.66 0.49 2.00 1.77 10.30 -0.97 0.999
pedestrian -1 -1 -1.99 629.52 173.42 662.51 248.35 1.87 0.84 1.11 1.50 2.08 25.50 -1.93 0.999
pedestrian -1 -1 0.92 1053.76 167.75 1137.00 330.79 1.76 0.66 0.49 5.30 1.77 7.80 1.52 0.998
pedestrian -1 -1 1.96 667.93 177.89 684.39 235.01 1.76 0.66 0.49 2.50 1.46 24.00 2.07 0.968
pedestrian -1 -1 1.30 184.10 171.20 239.88 321.28 1.77 0.62 0.88 -6.20 1.77 11.70 0.81 0.543
cyclist -1 -1 0.83 156.19 181.89 269.86 321.90 1.87 0.84 1.11 -5.30 2.08 9.90 0.34 0.992
