car -1 -1 -1.71 811.20 180.53 1091.05 339.08 1.54 1.62 3.91 4.10 1.72 9.70 -1.31 1.000
car -1 -1 1.85 0.00 191.85 334.93 370.95 1.46 1.49 2.95 -4.20 1.72 7.20 1.32 1.000
car -1 -1 -1.68 734.75 181.14 893.03 269.45 1.46 1.49 2.95 3.80 1.72 14.20 -1.42 0.999
car -1 -1 1.65 499.18 177.98 545.99 211.08 1.54 1.62 3.91 -4.10 1.72 34.50 1.53 0.999
car -1 -1 1.81 270.63 188.99 430.33 280.54 1.46 1.49 2.95 -4.60 1.72 13.20 1.47 0.998
car -1 -1 -1.65 710.69 179.16 796.35 235.62 1.54 1.62 3.91 4.30 1.72 22.10 -1.46 0.998
car -1 -1 1.64 372.47 185.65 477.85 244.87 1.46 1.49 2.95 -5.60 2.06 22.20 1.40 0.998
car -1 -1 -1.73 684.06 177.18 767.78 217.22 1.46 1.49 2.95 4.40 1.72 27.40 -1.57 0.969
car -1 -1 1.53 520.96 176.58 560.78 204.41 1.46 1.49 2.95 -4.00 1.72 41.80 1.43 0.208
car -1 -1 1.84 74.40 195.70 280.39 286.01 1.54 1.62 3.91 -8.90 2.06 15.10 1.31 0.073
car -1 -1 -1.73 682.28 173.49 727.08 209.44 1.54 1.62 3.91 4.50 1.72 35.90 -1.60 0.070
pedestrian -1 -1 -0.43 656.80 169.13 664.86 191.92 1.76 0.66 0.49 3.10 1.46 44.40 -0.36 0.803
pedestrian -1 -1 -1.06 676.36 166.74 686.77 192.94 1.77 0.62 0.88 4.50 1.46 43.40 -0.96 0.648
