car -1 -1 1.91 274.94 199.49 446.88 314.76 1.54 1.62 3.91 -4.10 2.06 12.30 1.59 0.999
car -1 -1 -1.72 698.36 186.52 798.90 258.20 1.46 1.49 2.95 2.80 1.72 15.40 -1.54 0.999
car -1 -1 -1.82 730.59 189.64 928.82 313.01 1.54 1.62 3.91 3.30 1.72 11.10 -1.53 0.999
car -1 -1 1.71 390.05 194.08 498.03 269.92 1.46 1.49 2.95 -3.60 2.06 16.40 1.50 0.999
car -1 -1 -0.92 643.69 183.22 686.44 215.69 1.46 1.49 2.95 2.80 2.06 36.40 -0.84 0.986
car -1 -1 1.96 0.00 219.58 374.23 374.00 1.46 1.49 2.95 -3.60 1.72 6.80 1.48 0.925
car -1 -1 -0.25 813.02 207.09 1241.00 374.00 1.46 1.49 2.95 3.20 2.06 6.00 0.24 0.107
pedestrian -1 -1 -1.17 711.54 179.65 725.93 221.34 1.41 0.50 1.32 5.20 1.91 34.40 -1.02 0.237
pedestrian -1 -1 0.84 504.99 177.01 515.75 205.16 1.76 0.66 0.49 -5.40 2.08 39.70 0.70 0.157
cyclist -1 -1 1.13 502.28 178.64 520.91 203.89 1.41 0.50 1.32 -6.00 1.91 45.40 1.00 0.904
