car -1 -1 -1.68 629.37 177.20 681.27 217.28 1.54 1.62 3.91 1.70 1.72 28.10 -1.61 0.999
car -1 -1 -2.25 0.00 167.19 315.20 301.74 1.54 1.62 3.91 -6.50 1.72 10.50 -2.80 0.997
car -1 -1 -1.48 1011.13 179.04 1241.00 374.00 1.46 1.49 2.95 6.00 1.72 7.40 -0.79 0.994
car -1 -1 -2.23 364.16 176.70 485.32 218.97 1.54 1.62 3.91 -6.50 1.72 26.30 -2.47 0.992
car -1 -1 -1.76 612.76 171.72 650.73 199.73 1.46 1.49 2.95 1.00 1.39 33.20 -1.73 0.974
car -1 -1 1.98 814.52 183.81 1163.27 298.23 1.54 1.62 3.91 5.30 1.72 10.70 2.44 0.953
car -1 -1 -0.59 757.21 180.23 1000.50 269.09 1.54 1.62 3.91 4.50 1.72 12.70 -0.25 0.755
car -1 -1 0.71 168.82 157.37 354.05 269.33 2.48 1.81 4.73 -8.20 2.06 17.90 0.29 0.405
car -1 -1 0.44 767.42 172.91 915.92 234.61 1.46 1.49 2.95 5.60 1.39 18.20 0.74 0.051
pedestrian -1 -1 -1.52 723.93 167.08 735.87 201.71 1.68 0.41 1.64 7.50 1.56 44.50 -1.35 0.984
cyclist -1 -1 0.92 483.56 177.29 514.69 229.36 1.41 0.50 1.32 -4.40 1.91 27.80 0.76 0.998
