car -1 -1 -1.68 640.46 176.08 715.21 230.38 1.54 1.62 3.91 2.10 1.72 22.90 -1.59 0.998
car -1 -1 -1.67 616.27 170.02 654.73 205.83 1.46 1.49 2.95 1.00 1.39 31.20 -1.64 0.992
car -1 -1 -2.25 421.92 176.02 498.83 207.34 1.54 1.62 3.91 -8.10 1.72 38.90 -2.45 0.983
car -1 -1 -1.71 173.18 180.96 409.30 253.99 1.54 1.62 3.91 -6.50 1.72 15.10 -2.11 0.958
car -1 -1 -1.27 908.26 156.10 1233.31 361.89 2.48 1.81 4.73 6.50 2.06 9.40 -0.67 0.911
car -1 -1 -2.15 329.60 180.62 438.76 228.24 1.46 1.49 2.95 -6.60 1.72 21.80 -2.44 0.818
car -1 -1 -1.80 371.09 177.17 481.47 214.47 1.54 1.62 3.91 -7.70 1.72 30.10 -2.05 0.330
car -1 -1 -1.05 468.78 169.47 536.13 195.48 1.54 1.62 3.91 -7.90 1.39 51.70 -1.21 0.137
pedestrian -1 -1 1.71 327.16 179.69 382.01 310.10 1.87 0.84 1.11 -6.10 2.08 17.30 1.37 0.440
cyclist -1 -1 1.57 310.96 174.94 394.59 325.32 1.68 0.41 1.64 -3.50 1.91 9.70 1.22 1.000
