car -1 -1 1.84 0.00 183.12 314.45 365.59 1.54 1.62 3.91 -4.70 1.72 7.90 1.30 0.997
car -1 -1 1.98 0.45 201.11 103.23 290.80 1.46 1.49 2.95 -12.60 2.06 15.20 1.29 0.212
pedestrian -1 -1 1.15 644.50 153.81 681.23 237.84 1.75 0.62 1.83 1.40 1.21 16.40 1.23 1.000
pedestrian -1 -1 -1.34 338.43 170.34 360.45 223.40 1.76 0.66 0.49 -8.80 1.46 25.30 -1.68 1.000
pedestrian -1 -1 -1.69 22.78 179.35 93.91 307.82 1.76 0.66 0.49 -7.60 1.77 10.10 -2.33 0.998
pedestrian -1 -1 1.19 468.90 168.38 483.80 212.87 1.76 0.66 0.49 -7.00 1.77 40.10 1.02 0.868
pedestrian -1 -1 2.07 225.46 153.13 324.24 341.90 1.87 0.84 1.11 -4.50 1.46 10.10 1.65 0.861
pedestrian -1 -1 0.37 6.90 173.24 44.55 343.38 1.76 0.66 0.49 -7.60 1.77 9.30 -0.31 0.210
pedestrian -1 -1 0.33 0.00 170.43 24.85 246.65 1.76 0.66 0.49 -18.80 1.46 22.70 -0.36 0.086
cyclist -1 -1 1.93 198.16 153.22 338.53 362.12 1.77 0.62 0.88 -2.70 1.46 5.40 1.46 0.977
cyclist -1 -1 -0.16 551.35 191.43 599.39 253.10 1.41 0.50 1.32 -0.80 1.91 22.80 -0.20 0.185
cyclist -1 -1 -0.58 612.74 177.23 646.83 288.61 1.76 0.66 0.49 0.50 1.77 11.80 -0.54 0.147
