car -1 -1 1.50 521.84 176.30 548.43 198.91 1.54 1.62 3.91 -5.10 1.39 54.70 1.41 0.417
car -1 -1 -0.36 470.61 179.40 515.64 209.68 1.54 1.62 3.91 -5.10 1.39 34.70 -0.51 0.103
car -1 -1 1.10 1081.68 229.88 1233.49 352.64 1.46 1.49 2.95 8.40 2.06 10.00 1.80 0.051
pedestrian -1 -1 -0.34 555.61 167.68 578.75 233.61 1.77 0.62 0.88 -1.00 1.46 21.90 -0.38 1.000
pedestrian -1 -1 1.28 468.43 173.69 492.58 239.90 1.87 0.84 1.11 -3.70 1.77 22.50 1.12 0.999
pedestrian -1 -1 -0.08 597.72 164.12 618.66 233.73 1.77 0.62 0.88 0.20 1.46 19.70 -0.07 0.999
pedestrian -1 -1 -2.21 719.58 152.76 780.01 333.26 1.76 0.66 0.49 1.70 1.77 8.60 -2.01 0.999
pedestrian -1 -1 1.75 491.14 171.97 513.95 237.32 1.87 0.84 1.11 -3.10 1.77 23.70 1.62 0.999
pedestrian -1 -1 0.40 938.16 121.72 1003.12 286.84 1.76 0.66 0.49 4.20 0.84 8.30 0.87 0.997
pedestrian -1 -1 1.25 251.53 193.64 336.89 373.00 1.41 0.50 1.32 -3.60 1.91 8.40 0.84 0.989
pedestrian -1 -1 -0.22 1006.65 131.85 1074.30 264.57 1.77 0.62 0.88 7.80 1.46 12.90 0.33 0.960
pedestrian -1 -1 -0.65 586.40 164.08 596.68 222.32 1.68 0.41 1.64 -0.30 1.21 24.90 -0.67 0.959
pedestrian -1 -1 -1.15 819.50 157.72 835.82 210.41 1.77 0.62 0.88 10.00 1.15 31.70 -0.85 0.959
pedestrian -1 -1 0.87 161.05 216.69 228.90 351.24 1.76 0.66 0.49 -5.40 2.08 9.50 0.35 0.830
pedestrian -1 -1 0.44 312.56 202.56 365.09 358.34 1.76 0.66 0.49 -3.70 2.08 9.80 0.08 0.693
pedestrian -1 -1 -1.88 665.84 165.84 679.68 211.78 1.76 0.66 0.49 2.70 1.15 27.20 -1.78 0.614
pedestrian -1 -1 0.88 610.73 166.77 625.30 229.80 1.76 0.66 0.49 0.50 1.46 21.40 0.90 0.522
pedestrian -1 -1 0.93 2.17 177.74 119.19 359.69 1.76 0.66 0.49 -3.20 1.77 3.90 0.25 0.479
pedestrian -1 -1 -0.38 591.86 165.10 605.60 226.41 1.68 0.41 1.64 -0.10 1.21 24.90 -0.39 0.384
pedestrian -1 -1 1.07 35.08 196.54 272.62 363.74 1.87 0.84 1.11 -2.30 1.77 3.70 0.52 0.212
pedestrian -1 -1 1.18 486.29 171.38 498.54 239.43 1.76 0.66 0.49 -3.50 1.46 23.00 1.03 0.151
pedestrian -1 -1 -0.67 86.08 203.69 144.30 362.16 1.76 0.66 0.49 -5.50 2.08 8.00 -1.27 0.140
pedestrian -1 -1 1.23 619.97 166.94 631.30 233.25 1.68 0.41 1.64 0.90 1.56 26.30 1.26 0.095
pedestrian -1 -1 -0.06 582.70 170.10 588.96 215.06 1.68 0.41 1.64 -0.70 1.56 33.70 -0.08 0.066
cyclist -1 -1 1.04 206.73 205.76 372.55 357.46 1.77 0.62 0.88 -2.30 1.46 5.40 0.64 0.183
cyclist -1 -1 1.15 890.02 147.84 918.29 230.05 1.76 0.66 0.49 7.70 1.15 18.40 1.55 0.058
