car -1 -1 -1.66 666.69 183.38 745.92 241.38 1.46 1.49 2.95 2.40 1.72 18.20 -1.52 0.998
car -1 -1 1.86 466.17 181.86 512.57 219.33 1.46 1.49 2.95 -5.40 2.06 33.00 1.69 0.998
car -1 -1 -1.56 652.31 181.48 710.71 227.74 1.46 1.49 2.95 2.20 1.72 23.60 -1.47 0.992
car -1 -1 -0.52 916.24 168.46 1087.06 231.13 1.54 1.62 3.91 10.10 1.39 19.10 -0.03 0.984
car -1 -1 1.44 0.00 211.85 218.27 374.00 1.46 1.49 2.95 -5.80 2.06 7.20 0.77 0.886
car -1 -1 0.39 826.22 176.90 974.48 219.81 1.54 1.62 3.91 9.10 1.72 23.70 0.76 0.535
car -1 -1 1.71 490.24 183.40 530.34 210.64 1.46 1.49 2.95 -5.20 2.06 39.00 1.58 0.458
car -1 -1 -0.23 268.89 185.86 334.93 216.02 1.46 1.49 2.95 -14.40 2.06 33.80 -0.64 0.247
pedestrian -1 -1 -1.59 919.27 164.06 933.39 201.62 1.76 0.66 0.49 14.90 1.46 33.80 -1.18 0.979
pedestrian -1 -1 -0.33 1046.82 166.30 1077.18 204.16 1.41 0.50 1.32 19.60 1.21 31.20 0.23 0.442
pedestrian -1 -1 -0.96 1041.07 165.18 1054.98 199.02 1.76 0.66 0.49 21.50 1.46 35.40 -0.42 0.204
