car -1 -1 1.47 529.30 171.46 557.98 196.21 2.48 1.81 4.73 -4.20 1.39 54.90 1.40 0.595
pedestrian -1 -1 0.47 605.03 167.35 632.68 229.09 1.87 0.84 1.11 0.70 1.46 23.90 0.50 1.000
pedestrian -1 -1 1.33 474.41 170.10 500.78 242.82 1.77 0.62 0.88 -3.50 1.46 22.00 1.18 0.999
pedestrian -1 -1 -0.71 562.28 166.21 585.81 234.73 1.76 0.66 0.49 -0.80 1.46 22.70 -0.75 0.999
pedestrian -1 -1 1.51 502.27 161.44 521.71 241.60 1.76 0.66 0.49 -2.50 1.77 19.80 1.39 0.998
pedestrian -1 -1 -2.37 769.65 142.96 836.76 349.49 1.77 0.62 0.88 1.80 1.46 6.70 -2.10 0.994
pedestrian -1 -1 -0.70 593.22 162.39 603.88 218.52 1.68 0.41 1.64 -0.10 1.21 24.70 -0.71 0.988
pedestrian -1 -1 -0.93 963.41 120.59 1024.25 277.79 1.76 0.66 0.49 4.10 0.84 7.80 -0.45 0.983
pedestrian -1 -1 0.18 270.10 203.09 350.63 373.00 1.76 0.66 0.49 -3.50 2.08 8.60 -0.20 0.962
pedestrian -1 -1 1.13 85.40 217.00 183.86 373.00 1.77 0.62 0.88 -5.50 2.08 8.40 0.55 0.936
pedestrian -1 -1 -1.94 672.80 163.40 693.31 209.10 1.87 0.84 1.11 3.90 0.84 34.50 -1.83 0.903
pedestrian -1 -1 0.97 633.44 165.71 647.69 229.29 1.76 0.66 0.49 1.30 1.46 23.00 1.03 0.794
pedestrian -1 -1 1.11 190.76 206.92 296.63 373.00 1.68 0.41 1.64 -3.30 1.56 6.70 0.65 0.642
pedestrian -1 -1 1.03 624.46 165.18 638.87 230.11 1.76 0.66 0.49 0.90 1.46 21.40 1.07 0.617
pedestrian -1 -1 -0.69 1100.63 122.60 1153.52 280.96 1.76 0.66 0.49 8.90 1.46 12.20 -0.06 0.484
pedestrian -1 -1 0.38 924.05 158.63 941.75 207.41 1.77 0.62 0.88 19.30 1.15 41.80 0.81 0.282
pedestrian -1 -1 -0.33 662.86 162.79 674.94 216.03 1.76 0.66 0.49 2.70 1.15 29.00 -0.24 0.196
pedestrian -1 -1 1.11 889.38 178.44 904.58 230.82 1.76 0.66 0.49 13.80 2.08 33.50 1.50 0.147
pedestrian -1 -1 -0.55 402.70 198.46 431.58 275.61 1.76 0.66 0.49 -3.80 2.08 15.10 -0.80 0.066
cyclist -1 -1 1.06 164.97 203.45 396.43 373.00 1.87 0.84 1.11 -2.30 2.08 5.10 0.64 0.218
