car -1 -1 0.15 16.27 239.18 346.72 358.16 1.46 1.49 2.95 -4.60 2.06 7.80 -0.39 0.067
pedestrian -1 -1 -2.24 725.65 174.35 787.95 278.79 1.87 0.84 1.11 3.10 1.77 14.90 -2.03 1.000
pedestrian -1 -1 1.62 420.48 175.62 444.80 236.00 1.76 0.66 0.49 -4.90 1.77 20.60 1.38 1.000
pedestrian -1 -1 2.70 1168.84 165.68 1233.12 343.56 1.76 0.66 0.49 6.50 1.46 7.60 3.41 0.998
pedestrian -1 -1 -0.25 524.26 180.65 535.62 219.09 1.76 0.66 0.49 -2.90 1.46 28.80 -0.35 0.986
pedestrian -1 -1 1.49 340.42 167.27 357.92 206.70 1.87 0.84 1.11 -15.10 1.15 43.30 1.15 0.167
pedestrian -1 -1 -1.30 487.19 177.32 504.36 219.16 1.87 0.84 1.11 -5.90 2.08 40.50 -1.44 0.156
pedestrian -1 -1 0.02 380.03 196.56 404.79 262.54 1.41 0.50 1.32 -5.60 1.91 19.00 -0.27 0.122
cyclist -1 -1 -1.10 472.94 180.90 512.93 219.35 1.41 0.50 1.32 -4.60 1.56 31.20 -1.24 0.121
cyclist -1 -1 -0.21 520.53 179.86 539.30 217.67 1.87 0.84 1.11 -4.30 2.08 40.50 -0.31 0.082
cyclist -1 -1 1.39 1141.93 199.68 1237.00 336.79 1.41 0.50 1.32 7.40 1.91 8.60 2.10 0.061
