car -1 -1 1.77 463.14 156.48 553.47 245.09 2.48 1.81 4.73 -2.80 1.72 20.90 1.63 0.998
car -1 -1 1.60 372.09 155.74 477.01 230.45 2.48 1.81 4.73 -6.00 1.72 24.50 1.36 0.984
car -1 -1 1.35 441.11 161.21 504.77 220.73 2.48 1.81 4.73 -5.80 1.72 34.30 1.18 0.292
pedestrian -1 -1 2.19 1030.59 158.14 1103.41 322.47 1.76 0.66 0.49 4.90 1.46 7.60 2.77 1.000
pedestrian -1 -1 -1.05 606.90 156.87 643.08 263.23 1.68 0.41 1.64 0.30 1.21 10.30 -1.02 1.000
pedestrian -1 -1 1.05 783.88 145.50 818.59 259.23 1.76 0.66 0.49 3.70 1.46 13.40 1.32 1.000
pedestrian -1 -1 -0.44 649.33 165.58 680.69 260.65 1.76 0.66 0.49 1.10 1.46 13.60 -0.36 1.000
pedestrian -1 -1 -1.22 267.82 166.59 304.23 252.43 1.76 0.66 0.49 -6.10 1.46 14.00 -1.63 1.000
pedestrian -1 -1 -2.31 870.19 156.37 958.08 334.52 1.76 0.66 0.49 3.20 1.46 7.30 -1.90 1.000
pedestrian -1 -1 -1.06 665.05 158.94 708.95 260.52 1.76 0.66 0.49 1.40 1.46 11.30 -0.94 1.000
pedestrian -1 -1 2.23 97.53 160.99 185.79 373.00 1.76 0.66 0.49 -3.10 1.77 5.00 1.68 0.998
pedestrian -1 -1 2.73 719.01 175.58 738.79 234.32 1.77 0.62 0.88 4.80 1.46 26.90 2.91 0.936
pedestrian -1 -1 2.24 1159.66 129.90 1224.73 327.55 1.76 0.66 0.49 4.60 1.15 5.30 2.95 0.837
pedestrian -1 -1 2.41 46.45 159.59 125.20 373.00 1.76 0.66 0.49 -4.70 1.46 6.60 1.79 0.409
cyclist -1 -1 2.48 1.89 160.27 165.70 351.01 1.75 0.62 1.83 -4.60 1.21 5.80 1.81 0.892
