car -1 -1 -1.67 715.66 188.73 900.53 315.86 1.46 1.49 2.95 2.60 1.72 9.80 -1.41 1.000
car -1 -1 1.77 288.56 196.57 430.25 299.30 1.46 1.49 2.95 -4.40 2.06 12.80 1.44 0.999
car -1 -1 0.50 602.60 183.76 649.57 222.99 1.54 1.62 3.91 0.70 2.06 31.50 0.52 0.997
car -1 -1 -1.53 641.99 176.70 763.63 265.23 1.54 1.62 3.91 1.70 1.72 15.50 -1.42 0.997
car -1 -1 1.97 0.00 212.74 360.65 373.70 1.54 1.62 3.91 -4.50 2.06 8.10 1.46 0.995
car -1 -1 1.79 419.27 177.15 488.68 233.57 1.54 1.62 3.91 -4.70 1.72 22.90 1.58 0.991
car -1 -1 1.78 481.57 181.52 516.07 207.70 1.54 1.62 3.91 -6.30 2.06 42.10 1.63 0.989
car -1 -1 -1.85 809.58 200.47 1241.00 374.00 1.46 1.49 2.95 3.40 2.06 6.40 -1.37 0.986
car -1 -1 -1.67 623.14 179.95 697.70 239.77 1.54 1.62 3.91 1.30 1.72 19.30 -1.60 0.979
car -1 -1 -1.45 580.65 181.03 610.30 204.28 1.54 1.62 3.91 -0.90 2.06 44.90 -1.47 0.245
