car -1 -1 -1.01 656.02 169.84 696.70 205.63 1.46 1.49 2.95 2.80 1.39 31.20 -0.92 1.000
car -1 -1 -1.99 741.36 182.51 966.40 333.69 1.54 1.62 3.91 2.70 1.72 9.10 -1.70 1.000
car -1 -1 -0.03 143.84 184.40 433.00 270.55 1.54 1.62 3.91 -5.50 1.72 13.10 -0.43 0.999
car -1 -1 -0.13 684.70 180.34 768.90 233.24 1.54 1.62 3.91 3.10 1.72 20.50 0.02 0.999
car -1 -1 -1.84 470.37 169.14 551.65 203.58 1.46 1.49 2.95 -4.40 1.39 32.20 -1.98 0.996
car -1 -1 -0.51 0.00 202.67 218.91 357.87 1.46 1.49 2.95 -6.00 1.72 8.40 -1.13 0.990
car -1 -1 -1.14 273.12 171.05 433.83 250.29 1.46 1.49 2.95 -5.20 1.39 14.40 -1.49 0.959
car -1 -1 -2.00 441.94 177.18 531.38 220.04 1.46 1.49 2.95 -4.20 1.72 25.40 -2.16 0.841
car -1 -1 -1.41 355.62 169.42 435.72 230.00 1.46 1.49 2.95 -5.80 1.39 20.20 -1.69 0.270
car -1 -1 -2.10 384.27 175.35 504.03 224.64 1.54 1.62 3.91 -5.30 1.72 23.50 -2.32 0.260
