car -1 -1 1.94 119.02 206.35 330.39 316.65 1.46 1.49 2.95 -6.00 2.06 11.60 1.47 0.999
car -1 -1 1.85 296.25 195.19 417.93 265.37 1.46 1.49 2.95 -6.00 2.06 17.40 1.52 0.998
car -1 -1 1.69 0.00 215.46 177.40 374.00 1.46 1.49 2.95 -7.40 2.06 9.20 1.01 0.997
car -1 -1 -1.37 673.59 173.36 735.07 224.21 1.54 1.62 3.91 3.30 1.72 25.70 -1.24 0.995
car -1 -1 1.88 450.88 185.71 498.51 221.37 1.46 1.49 2.95 -5.60 2.06 31.20 1.70 0.993
car -1 -1 1.93 395.96 189.67 480.11 238.36 1.46 1.49 2.95 -5.60 2.06 23.80 1.70 0.992
car -1 -1 -1.60 685.41 174.95 784.95 231.66 1.46 1.49 2.95 3.80 1.72 21.40 -1.42 0.965
car -1 -1 -1.06 656.73 177.32 703.46 209.14 1.46 1.49 2.95 3.20 1.72 32.20 -0.96 0.951
car -1 -1 2.54 953.89 131.71 1241.00 225.54 2.48 1.81 4.73 12.50 1.39 19.20 3.11 0.849
car -1 -1 0.09 640.53 176.22 671.22 201.89 1.46 1.49 2.95 3.00 1.72 45.20 0.16 0.483
car -1 -1 2.93 817.26 156.44 952.45 209.46 2.48 1.81 4.73 11.30 1.72 31.40 3.27 0.166
car -1 -1 3.03 878.34 151.60 993.27 211.97 2.48 1.81 4.73 13.60 1.72 30.70 3.44 0.059
car -1 -1 2.59 943.47 139.10 1072.04 212.53 2.48 1.81 4.73 14.80 1.39 27.50 3.09 0.053
cyclist -1 -1 0.28 538.35 172.81 550.98 200.62 1.77 0.62 0.88 -3.90 1.77 42.80 0.19 0.057
