car -1 -1 -2.91 33.79 182.69 381.60 281.88 1.54 1.62 3.91 -6.30 1.72 11.30 -3.42 0.998
car -1 -1 2.06 897.56 184.73 1241.00 317.45 1.54 1.62 3.91 5.90 1.72 9.30 2.62 0.998
car -1 -1 -1.64 638.69 179.24 673.99 203.95 1.54 1.62 3.91 2.50 1.72 38.90 -1.57 0.997
car -1 -1 -0.49 802.59 184.38 977.51 251.64 1.46 1.49 2.95 6.20 1.72 16.40 -0.13 0.997
car -1 -1 -0.25 709.27 178.75 812.12 218.24 1.54 1.62 3.91 5.90 1.72 28.10 -0.04 0.997
car -1 -1 -2.56 349.71 168.96 483.92 233.60 1.46 1.49 2.95 -4.40 1.39 16.60 -2.82 0.969
car -1 -1 -1.92 447.81 174.78 536.06 209.53 1.54 1.62 3.91 -5.30 1.72 32.70 -2.08 0.955
car -1 -1 -1.90 233.45 174.91 455.39 251.67 1.54 1.62 3.91 -6.50 1.72 17.10 -2.26 0.805
car -1 -1 1.56 5.51 212.53 139.05 351.55 1.46 1.49 2.95 -8.20 2.06 10.00 0.87 0.451
car -1 -1 -0.77 783.10 180.60 892.10 236.50 1.46 1.49 2.95 5.60 1.39 18.40 -0.47 0.173
car -1 -1 -2.57 424.45 173.14 497.28 217.89 1.54 1.62 3.91 -5.70 1.72 27.90 -2.77 0.082
pedestrian -1 -1 -0.91 1058.83 130.78 1098.01 241.74 1.76 0.66 0.49 9.80 1.46 15.10 -0.34 0.092
