car -1 -1 2.07 0.00 205.34 406.06 368.55 1.54 1.62 3.91 -4.10 1.72 6.90 1.54 0.984
car -1 -1 1.47 573.96 175.54 595.69 198.96 1.46 1.49 2.95 -1.20 1.39 54.00 1.44 0.440
car -1 -1 1.65 85.33 206.53 233.49 256.81 1.46 1.49 2.95 -12.00 2.06 19.40 1.09 0.084
pedestrian -1 -1 0.22 849.28 154.40 893.26 280.26 1.76 0.66 0.49 3.90 1.46 10.60 0.57 1.000
pedestrian -1 -1 1.04 605.52 174.24 620.37 222.70 1.76 0.66 0.49 0.50 1.46 27.20 1.06 0.999
pedestrian -1 -1 -2.28 818.97 172.81 855.09 250.80 1.68 0.41 1.64 6.30 1.56 19.30 -1.96 0.867
pedestrian -1 -1 -0.89 482.36 178.19 496.81 229.77 1.76 0.66 0.49 -4.10 1.77 26.80 -1.04 0.853
pedestrian -1 -1 -0.09 626.65 172.10 639.30 224.43 1.76 0.66 0.49 1.30 1.77 28.80 -0.04 0.661
pedestrian -1 -1 -1.84 79.68 194.12 129.12 282.15 1.76 0.66 0.49 -10.60 2.08 15.30 -2.45 0.109
pedestrian -1 -1 -1.89 744.36 169.45 757.02 200.64 1.41 0.50 1.32 9.40 1.21 44.80 -1.68 0.060
