car -1 -1 -1.79 752.15 195.25 969.06 338.01 1.54 1.62 3.91 2.90 1.72 9.50 -1.50 1.000
car -1 -1 -1.67 658.20 174.64 696.60 206.22 1.54 1.62 3.91 3.70 1.72 40.50 -1.58 0.999
car -1 -1 -1.74 697.29 181.85 789.00 244.85 1.46 1.49 2.95 3.40 1.72 18.80 -1.56 0.999
car -1 -1 1.57 547.64 177.09 587.88 212.74 1.54 1.62 3.91 -1.90 1.72 34.50 1.51 0.998
car -1 -1 1.09 18.14 170.00 377.67 286.59 1.54 1.62 3.91 -5.30 1.39 9.70 0.59 0.989
car -1 -1 0.61 259.34 176.54 477.03 249.96 1.54 1.62 3.91 -5.30 1.72 16.90 0.30 0.975
car -1 -1 0.10 389.28 174.06 502.47 221.88 1.54 1.62 3.91 -5.90 1.72 26.90 -0.12 0.974
car -1 -1 -1.82 480.15 176.62 540.72 203.09 1.46 1.49 2.95 -5.80 1.72 39.80 -1.97 0.379
car -1 -1 1.56 205.55 171.37 370.33 269.71 1.46 1.49 2.95 -5.40 1.39 12.60 1.15 0.181
car -1 -1 1.56 6.71 154.48 182.15 302.42 2.48 1.81 4.73 -10.80 2.06 13.70 0.89 0.066
