car -1 -1 1.66 192.47 155.47 479.95 350.90 1.54 1.62 3.91 -2.70 1.39 8.10 1.33 0.999
car -1 -1 0.27 400.64 159.45 478.41 240.99 2.48 1.81 4.73 -5.00 1.72 23.50 0.06 0.807
car -1 -1 0.67 441.11 158.70 498.99 213.67 2.48 1.81 4.73 -6.40 1.39 35.50 0.49 0.314
pedestrian -1 -1 -2.13 642.25 167.42 695.75 291.27 1.77 0.62 0.88 1.30 1.46 13.40 -2.03 1.000
pedestrian -1 -1 -1.20 584.36 162.68 637.60 311.23 1.76 0.66 0.49 0.10 1.46 7.60 -1.19 0.999
pedestrian -1 -1 1.52 1074.34 137.36 1214.34 326.56 1.87 0.84 1.11 6.50 1.46 8.50 2.17 0.997
pedestrian -1 -1 2.42 717.51 175.93 739.68 234.36 1.76 0.66 0.49 3.90 1.46 21.80 2.60 0.978
pedestrian -1 -1 2.78 694.46 176.98 707.98 223.44 1.76 0.66 0.49 4.30 1.46 30.80 2.92 0.882
pedestrian -1 -1 -0.71 559.75 155.86 587.88 228.98 1.87 0.84 1.11 -0.90 1.15 24.30 -0.75 0.576
pedestrian -1 -1 0.49 456.93 163.59 487.26 243.52 1.76 0.66 0.49 -3.30 1.46 18.60 0.31 0.343
pedestrian -1 -1 1.41 1176.85 133.29 1228.72 313.23 1.77 0.62 0.88 9.00 1.46 10.30 2.13 0.303
cyclist -1 -1 0.06 438.61 166.64 497.13 255.89 1.87 0.84 1.11 -3.30 1.77 17.30 -0.12 0.121
