car -1 -1 1.74 379.82 183.33 485.03 249.27 1.54 1.62 3.91 -4.30 1.72 18.10 1.50 1.000
car -1 -1 -2.05 823.87 176.87 1127.69 356.14 1.54 1.62 3.91 3.90 1.72 8.90 -1.63 1.000
car -1 -1 -0.90 756.24 182.53 910.81 274.54 1.54 1.62 3.91 3.70 1.72 12.70 -0.62 0.999
car -1 -1 -1.84 724.03 177.07 813.11 239.40 1.46 1.49 2.95 4.00 1.72 18.60 -1.63 0.999
car -1 -1 1.66 447.09 181.03 516.65 229.28 1.46 1.49 2.95 -4.00 1.72 23.80 1.49 0.998
car -1 -1 -1.57 696.85 177.39 771.60 225.67 1.54 1.62 3.91 4.50 1.72 25.70 -1.40 0.994
car -1 -1 1.41 487.16 183.24 536.50 218.45 1.46 1.49 2.95 -3.80 1.72 28.60 1.28 0.969
car -1 -1 1.52 541.06 176.75 576.35 202.50 1.46 1.49 2.95 -2.80 1.72 41.00 1.45 0.936
car -1 -1 -1.42 687.44 178.98 736.14 215.06 1.46 1.49 2.95 4.60 1.72 31.80 -1.28 0.932
car -1 -1 0.30 1002.82 174.30 1091.49 214.84 1.46 1.49 2.95 16.40 1.72 27.60 0.83 0.624
cyclist -1 -1 -0.74 868.99 174.50 904.72 213.00 1.41 0.50 1.32 11.60 1.56 30.60 -0.38 0.682
