car -1 -1 -1.82 670.87 175.23 763.44 248.15 1.54 1.62 3.91 2.50 1.72 17.10 -1.68 0.999
car -1 -1 -1.89 763.12 193.20 1058.97 373.79 1.54 1.62 3.91 3.30 2.06 8.70 -1.52 0.999
car -1 -1 -2.84 2.85 168.28 369.16 297.16 1.46 1.49 2.95 -4.60 1.39 7.80 -3.37 0.998
car -1 -1 -2.43 260.01 182.73 445.12 253.48 1.54 1.62 3.91 -6.50 1.72 17.50 -2.78 0.996
car -1 -1 -1.46 641.25 179.12 684.16 217.10 1.46 1.49 2.95 2.00 1.72 27.20 -1.38 0.976
car -1 -1 0.56 633.24 180.09 661.60 205.48 1.54 1.62 3.91 2.30 2.06 47.90 0.61 0.967
car -1 -1 -1.66 656.27 180.76 713.30 230.28 1.46 1.49 2.95 2.60 1.72 24.40 -1.56 0.959
car -1 -1 -0.37 439.78 175.35 528.13 212.94 1.54 1.62 3.91 -4.90 1.72 30.10 -0.53 0.899
car -1 -1 -0.69 481.75 176.10 548.55 203.45 1.46 1.49 2.95 -5.20 1.72 40.00 -0.82 0.836
car -1 -1 -1.98 342.95 182.83 458.37 234.75 1.46 1.49 2.95 -5.60 1.72 20.20 -2.25 0.642
car -1 -1 -1.97 397.53 181.53 497.09 224.19 1.46 1.49 2.95 -5.40 1.72 24.00 -2.19 0.254
