car -1 -1 1.72 442.84 185.46 518.71 234.57 1.54 1.62 3.91 -4.30 2.06 24.10 1.54 0.999
car -1 -1 -1.51 727.28 181.80 813.64 244.28 1.46 1.49 2.95 4.20 1.72 19.40 -1.30 0.999
car -1 -1 -2.02 837.03 190.79 1212.46 371.90 1.46 1.49 2.95 3.80 1.72 7.20 -1.54 0.998
car -1 -1 -1.94 756.41 178.87 909.98 277.32 1.54 1.62 3.91 4.10 1.72 13.30 -1.64 0.998
car -1 -1 -1.69 704.53 179.54 778.45 227.10 1.54 1.62 3.91 4.30 1.72 24.10 -1.51 0.998
car -1 -1 1.47 489.79 184.90 540.56 220.24 1.54 1.62 3.91 -4.10 2.06 31.90 1.34 0.995
car -1 -1 -1.50 691.80 180.40 738.60 215.88 1.46 1.49 2.95 4.40 1.72 29.40 -1.35 0.993
car -1 -1 1.47 515.73 183.69 557.21 213.01 1.46 1.49 2.95 -3.80 2.06 37.40 1.37 0.949
car -1 -1 -1.70 682.07 175.98 721.53 203.83 1.54 1.62 3.91 5.30 1.72 42.70 -1.58 0.812
car -1 -1 2.01 556.50 179.24 594.36 201.11 1.46 1.49 2.95 -2.60 2.06 51.60 1.96 0.464
car -1 -1 -1.66 938.27 170.86 995.31 203.73 1.46 1.49 2.95 16.00 1.39 32.80 -1.21 0.138
