car -1 -1 -1.84 718.96 181.58 926.59 318.23 1.54 1.62 3.91 2.90 1.72 10.70 -1.58 1.000
car -1 -1 -1.74 577.07 181.62 632.38 222.61 1.46 1.49 2.95 -0.20 1.72 23.20 -1.75 0.995
car -1 -1 0.43 207.45 202.95 372.41 297.81 1.46 1.49 2.95 -5.80 2.06 13.40 0.02 0.988
car -1 -1 1.06 298.15 189.55 403.98 262.08 1.46 1.49 2.95 -6.80 2.06 19.00 0.72 0.988
car -1 -1 -1.51 554.92 183.50 589.15 211.30 1.54 1.62 3.91 -2.30 2.06 40.90 -1.57 0.927
car -1 -1 -1.54 411.73 182.66 456.41 213.46 1.46 1.49 2.95 -9.40 2.06 39.40 -1.77 0.423
car -1 -1 -1.23 639.54 191.80 780.63 249.21 1.54 1.62 3.91 2.70 2.06 19.30 -1.09 0.229
car -1 -1 -1.39 536.21 181.88 565.44 204.60 1.46 1.49 2.95 -3.80 2.06 47.00 -1.47 0.137
pedestrian -1 -1 1.81 341.59 181.37 383.94 296.43 1.87 0.84 1.11 -6.10 2.08 18.10 1.49 0.939
cyclist -1 -1 1.29 398.74 180.75 448.52 282.03 1.68 0.41 1.64 -4.10 2.27 15.90 1.03 0.998
cyclist -1 -1 1.64 324.07 185.13 394.97 298.02 1.87 0.84 1.11 -4.50 2.08 12.10 1.29 0.910
