car -1 -1 1.85 0.00 192.57 343.81 367.51 1.54 1.62 3.91 -4.50 1.72 8.30 1.35 0.999
car -1 -1 -1.92 735.81 182.23 879.41 278.47 1.54 1.62 3.91 3.90 1.72 14.50 -1.66 0.999
car -1 -1 -1.88 777.95 182.60 1082.94 346.88 1.54 1.62 3.91 3.90 1.72 9.30 -1.48 0.999
car -1 -1 -1.64 692.51 178.43 752.82 224.18 1.46 1.49 2.95 3.60 1.72 24.00 -1.49 0.999
car -1 -1 1.61 471.92 179.66 527.48 220.23 1.54 1.62 3.91 -3.90 1.72 26.70 1.47 0.998
car -1 -1 1.73 270.74 189.78 427.77 280.78 1.54 1.62 3.91 -5.70 2.06 15.90 1.38 0.998
car -1 -1 -1.67 714.09 179.05 804.79 245.58 1.54 1.62 3.91 3.50 1.72 18.50 -1.49 0.997
car -1 -1 1.62 497.63 181.36 546.40 210.38 1.46 1.49 2.95 -5.20 2.06 43.00 1.50 0.981
car -1 -1 -1.82 973.22 179.57 1057.45 216.90 1.46 1.49 2.95 16.20 1.72 29.60 -1.31 0.708
car -1 -1 -1.63 1045.07 178.19 1196.58 232.60 1.54 1.62 3.91 14.70 1.72 21.10 -1.02 0.426
