car -1 -1 -1.24 295.39 179.11 472.88 295.18 1.54 1.62 3.91 -3.50 1.72 11.90 -1.52 0.999
car -1 -1 -0.34 287.01 176.20 389.70 249.30 2.48 1.81 4.73 -9.00 2.06 24.50 -0.69 0.592
pedestrian -1 -1 -2.02 210.61 172.85 235.84 246.70 1.76 0.66 0.49 -10.30 1.77 19.20 -2.51 1.000
pedestrian -1 -1 -1.65 168.85 169.72 210.51 248.65 1.76 0.66 0.49 -10.20 1.77 17.50 -2.18 0.999
pedestrian -1 -1 0.84 405.47 157.81 426.16 226.58 1.76 0.66 0.49 -6.10 1.15 22.60 0.58 0.998
pedestrian -1 -1 -0.75 571.00 156.89 610.60 229.94 1.87 0.84 1.11 -0.50 1.77 24.50 -0.77 0.994
pedestrian -1 -1 -1.55 196.76 173.31 215.66 242.67 1.76 0.66 0.49 -15.10 1.77 26.80 -2.06 0.352
pedestrian -1 -1 1.04 836.69 152.78 851.40 194.26 1.76 0.66 0.49 11.30 0.84 33.60 1.36 0.254
pedestrian -1 -1 0.44 1190.49 133.01 1219.64 214.52 1.87 0.84 1.11 19.30 1.46 22.30 1.16 0.088
cyclist -1 -1 -0.61 876.15 149.40 900.74 199.63 1.76 0.66 0.49 9.60 0.84 23.70 -0.23 0.999
cyclist -1 -1 0.47 824.67 153.79 864.67 194.40 1.87 0.84 1.11 11.50 0.84 33.10 0.80 0.869
cyclist -1 -1 0.08 286.21 165.04 350.26 241.41 1.75 0.62 1.83 -7.80 1.56 18.60 -0.31 0.167
cyclist -1 -1 -1.76 165.64 174.85 232.03 246.65 1.41 0.50 1.32 -8.40 1.56 14.80 -2.27 0.118
cyclist -1 -1 0.80 1148.83 152.65 1197.97 207.23 1.68 0.41 1.64 23.50 1.21 29.30 1.48 0.070
