car -1 -1 -2.42 871.21 177.70 1123.32 272.48 1.54 1.62 3.91 7.70 1.72 14.50 -1.93 1.000
car -1 -1 -1.88 652.24 185.00 722.02 227.85 1.46 1.49 2.95 3.20 2.06 28.40 -1.77 0.998
car -1 -1 -1.73 631.09 183.00 681.66 214.06 1.46 1.49 2.95 2.40 2.06 36.20 -1.67 0.997
car -1 -1 -2.35 1.17 163.37 311.16 350.09 1.46 1.49 2.95 -4.20 1.39 7.20 -2.87 0.986
car -1 -1 -2.75 374.67 187.72 491.18 228.60 1.54 1.62 3.91 -6.90 2.06 27.30 -3.00 0.970
car -1 -1 -2.54 273.88 191.38 452.91 246.19 1.54 1.62 3.91 -6.50 2.06 19.30 -2.87 0.953
car -1 -1 -2.75 117.21 180.34 350.21 282.82 1.54 1.62 3.91 -6.10 1.72 12.30 -3.21 0.884
car -1 -1 -2.44 222.95 194.03 384.68 265.43 1.46 1.49 2.95 -7.20 2.06 16.80 -2.85 0.867
car -1 -1 -1.88 447.07 182.84 526.22 217.94 1.46 1.49 2.95 -5.80 2.06 33.20 -2.06 0.223
car -1 -1 -1.11 500.30 181.26 549.50 205.63 1.46 1.49 2.95 -5.40 2.06 44.00 -1.23 0.223
pedestrian -1 -1 1.71 465.29 160.14 480.27 211.15 1.68 0.41 1.64 -5.50 1.21 29.10 1.53 0.447
pedestrian -1 -1 -1.12 893.85 188.08 913.83 224.90 1.41 0.50 1.32 12.40 2.27 30.60 -0.74 0.109
