car -1 -1 -1.88 757.94 184.82 978.18 330.69 1.54 1.62 3.91 3.10 1.72 9.90 -1.58 1.000
car -1 -1 -2.42 165.38 168.65 377.65 259.33 1.46 1.49 2.95 -4.80 1.39 10.80 -2.83 0.991
car -1 -1 2.42 708.50 169.76 836.50 221.13 1.46 1.49 2.95 4.60 1.39 21.40 2.63 0.982
car -1 -1 0.98 31.12 166.94 312.07 331.01 1.54 1.62 3.91 -5.50 1.39 8.70 0.41 0.981
car -1 -1 -2.16 413.84 171.45 524.68 204.86 1.54 1.62 3.91 -5.70 1.39 29.90 -2.35 0.948
car -1 -1 0.36 635.56 150.34 682.26 207.08 2.48 1.81 4.73 2.40 1.72 37.30 0.42 0.876
car -1 -1 -0.27 397.11 174.72 463.07 211.37 1.54 1.62 3.91 -7.70 1.72 31.90 -0.51 0.471
car -1 -1 -1.27 295.36 171.61 465.80 254.74 1.46 1.49 2.95 -4.60 1.72 14.80 -1.58 0.285
car -1 -1 -0.28 771.10 172.09 856.30 228.13 1.46 1.49 2.95 5.00 1.39 18.20 -0.02 0.199
car -1 -1 0.55 620.43 158.95 652.40 193.41 2.48 1.81 4.73 1.60 1.72 46.70 0.59 0.074
pedestrian -1 -1 -1.40 173.43 160.35 218.44 304.62 1.76 0.66 0.49 -7.10 1.77 12.40 -1.92 0.368
