car -1 -1 -1.77 397.58 189.81 524.41 264.85 1.46 1.49 2.95 -3.40 2.06 17.20 -1.97 1.000
car -1 -1 1.16 892.93 170.51 1032.36 239.14 1.46 1.49 2.95 8.80 1.39 18.00 1.61 0.999
car -1 -1 -1.69 282.16 186.90 347.81 226.44 1.46 1.49 2.95 -12.20 2.06 29.80 -2.08 0.994
car -1 -1 2.16 70.90 184.42 142.90 219.59 1.46 1.49 2.95 -23.20 2.06 33.40 1.56 0.979
car -1 -1 1.12 795.29 168.43 883.36 229.35 1.46 1.49 2.95 5.80 1.39 18.60 1.42 0.920
car -1 -1 -2.24 538.53 183.75 830.49 325.82 1.54 1.62 3.91 0.90 2.06 10.30 -2.15 0.913
car -1 -1 1.77 452.27 173.66 553.17 220.16 1.54 1.62 3.91 -3.70 1.72 26.90 1.63 0.405
car -1 -1 1.37 950.21 162.08 1174.71 226.29 1.54 1.62 3.91 10.50 1.39 16.50 1.93 0.154
car -1 -1 0.25 434.28 177.12 494.99 226.05 1.46 1.49 2.95 -4.60 1.72 23.20 0.05 0.149
cyclist -1 -1 -1.42 900.42 165.20 952.49 229.38 1.87 0.84 1.11 9.70 1.77 22.30 -1.01 0.196
