car -1 -1 -1.55 0.00 121.21 320.03 353.02 2.48 1.81 4.73 -5.20 1.72 8.90 -2.08 0.500
pedestrian -1 -1 1.46 1025.91 142.97 1159.96 365.64 1.76 0.66 0.49 3.80 1.46 5.50 2.06 1.000
pedestrian -1 -1 1.58 825.43 144.18 888.99 294.55 1.77 0.62 0.88 3.20 1.46 9.10 1.92 1.000
pedestrian -1 -1 1.53 517.58 149.23 537.17 218.27 1.76 0.66 0.49 -2.10 0.84 19.00 1.42 1.000
pedestrian -1 -1 0.81 488.52 143.05 513.29 217.13 1.76 0.66 0.49 -2.70 0.84 17.80 0.65 0.999
pedestrian -1 -1 1.69 646.54 139.98 669.88 199.80 1.87 0.84 1.11 2.10 0.84 26.50 1.77 0.975
pedestrian -1 -1 -2.27 283.84 138.94 313.86 240.72 1.76 0.66 0.49 -6.30 0.84 14.60 -2.67 0.969
pedestrian -1 -1 -0.78 438.52 137.08 466.19 221.15 1.76 0.66 0.49 -3.90 0.84 18.40 -0.99 0.920
pedestrian -1 -1 -0.99 259.61 133.02 290.40 244.86 1.76 0.66 0.49 -7.30 0.84 15.80 -1.43 0.475
pedestrian -1 -1 -0.63 621.02 146.27 633.73 188.67 1.76 0.66 0.49 0.70 0.84 23.40 -0.60 0.460
pedestrian -1 -1 0.08 320.79 151.81 347.36 193.88 1.87 0.84 1.11 -12.90 0.84 33.70 -0.29 0.103
pedestrian -1 -1 -0.15 356.20 144.49 376.94 194.96 1.87 0.84 1.11 -10.50 0.84 30.70 -0.48 0.077
cyclist -1 -1 -0.26 342.64 146.72 388.59 190.73 1.87 0.84 1.11 -7.30 0.84 21.70 -0.59 0.503
cyclist -1 -1 -0.62 413.40 134.48 482.65 259.15 1.75 0.62 1.83 -2.00 1.21 9.80 -0.83 0.372
cyclist -1 -1 -1.01 615.63 149.11 638.79 194.06 1.87 0.84 1.11 1.10 0.84 29.70 -0.97 0.136
cyclist -1 -1 0.60 512.77 156.19 541.86 218.56 1.75 0.62 1.83 -2.40 1.56 23.20 0.49 0.077
cyclist -1 -1 0.61 641.53 146.68 675.13 199.39 1.87 0.84 1.11 1.30 0.84 19.70 0.67 0.076
cyclist -1 -1 0.68 400.54 142.34 443.33 200.14 1.87 0.84 1.11 -5.10 0.84 20.30 0.43 0.071
cyclist -1 -1 -1.85 251.10 143.62 335.46 231.65 1.87 0.84 1.11 -5.30 1.15 12.30 -2.25 0.064
