car -1 -1 -2.43 844.61 175.50 1061.34 259.83 1.54 1.62 3.91 7.50 1.72 15.50 -1.98 0.999
car -1 -1 -1.73 650.00 181.59 709.02 224.21 1.54 1.62 3.91 2.50 1.72 26.50 -1.64 0.999
car -1 -1 -1.59 627.51 180.85 678.47 210.99 1.46 1.49 2.95 2.40 2.06 40.20 -1.53 0.998
car -1 -1 -2.53 386.25 186.39 496.75 224.87 1.54 1.62 3.91 -7.10 2.06 29.70 -2.76 0.975
car -1 -1 -2.48 1.56 171.27 355.53 328.85 1.54 1.62 3.91 -4.50 1.39 7.50 -3.02 0.957
car -1 -1 -2.67 313.80 189.01 469.08 240.70 1.54 1.62 3.91 -6.30 2.06 21.70 -2.95 0.899
car -1 -1 -2.74 176.53 176.61 374.45 280.44 1.46 1.49 2.95 -5.00 1.39 11.20 -3.16 0.889
car -1 -1 -2.75 240.33 193.04 401.59 258.34 1.46 1.49 2.95 -6.80 2.06 17.20 -3.12 0.680
car -1 -1 -2.33 437.63 182.74 526.92 215.36 1.54 1.62 3.91 -5.90 2.06 33.30 -2.50 0.527
car -1 -1 -1.24 504.45 178.79 549.61 202.30 1.46 1.49 2.95 -5.60 2.06 50.00 -1.35 0.125
pedestrian -1 -1 1.72 467.61 158.36 478.62 205.53 1.76 0.66 0.49 -7.10 1.15 37.80 1.53 0.159
