car -1 -1 -1.68 673.45 180.35 758.33 246.52 1.46 1.49 2.95 2.40 1.72 17.00 -1.54 0.999
car -1 -1 -1.91 751.93 192.06 981.63 329.85 1.54 1.62 3.91 3.10 1.72 9.90 -1.60 0.999
car -1 -1 0.08 343.97 180.85 486.09 231.72 1.54 1.62 3.91 -5.10 1.72 19.50 -0.18 0.996
car -1 -1 0.67 634.64 171.60 670.08 198.41 1.46 1.49 2.95 2.20 1.39 38.00 0.73 0.992
car -1 -1 0.59 654.26 180.64 703.70 215.75 1.46 1.49 2.95 2.60 1.72 29.20 0.67 0.982
car -1 -1 -1.53 245.01 184.13 399.56 261.20 1.54 1.62 3.91 -6.50 1.72 16.70 -1.90 0.976
car -1 -1 -2.03 471.17 170.61 546.77 206.40 1.46 1.49 2.95 -4.60 1.39 32.20 -2.17 0.973
car -1 -1 -2.33 121.94 190.41 348.22 284.25 1.46 1.49 2.95 -5.80 1.72 11.80 -2.79 0.957
car -1 -1 -1.19 391.74 173.16 494.13 214.48 1.54 1.62 3.91 -7.10 1.72 30.90 -1.41 0.907
car -1 -1 -1.98 21.43 191.62 244.71 347.94 1.46 1.49 2.95 -5.80 1.72 8.40 -2.58 0.096
car -1 -1 -1.71 504.00 171.63 557.30 194.80 1.46 1.49 2.95 -4.40 1.39 42.40 -1.81 0.076
car -1 -1 -1.43 454.30 172.52 506.38 208.15 1.46 1.49 2.95 -5.40 1.39 30.20 -1.61 0.065
