car -1 -1 -1.63 662.59 172.65 743.74 234.65 1.46 1.49 2.95 2.20 1.39 18.20 -1.51 0.999
car -1 -1 -1.04 0.00 188.56 446.77 372.66 1.54 1.62 3.91 -2.70 1.72 5.50 -1.49 0.999
car -1 -1 -1.38 522.20 171.91 565.14 208.31 1.54 1.62 3.91 -3.30 1.72 35.70 -1.47 0.997
car -1 -1 -1.55 631.47 171.03 668.80 204.14 1.46 1.49 2.95 1.60 1.39 29.60 -1.49 0.976
car -1 -1 -1.74 640.36 171.22 694.65 210.82 1.54 1.62 3.91 2.30 1.39 28.30 -1.66 0.812
car -1 -1 1.58 258.36 185.03 451.11 271.17 1.46 1.49 2.95 -4.60 1.72 13.80 1.26 0.668
car -1 -1 1.27 306.70 182.65 395.97 212.65 1.54 1.62 3.91 -13.70 2.06 37.30 0.92 0.614
car -1 -1 1.09 9.99 205.51 203.74 346.56 1.54 1.62 3.91 -8.30 2.06 10.70 0.43 0.103
pedestrian -1 -1 -1.37 257.67 168.68 293.81 264.61 1.76 0.66 0.49 -6.80 1.77 14.70 -1.80 0.998
pedestrian -1 -1 -1.12 317.40 165.84 340.96 227.72 1.76 0.66 0.49 -8.30 1.46 21.40 -1.49 0.748
pedestrian -1 -1 0.93 126.97 162.67 148.73 210.50 1.76 0.66 0.49 -19.30 1.46 29.40 0.35 0.078
