car -1 -1 1.84 0.00 214.88 262.15 371.25 1.46 1.49 2.95 -5.60 2.06 8.20 1.24 0.999
car -1 -1 -1.97 743.21 191.28 1011.61 351.84 1.54 1.62 3.91 2.50 1.72 8.10 -1.67 0.996
car -1 -1 1.23 799.90 172.97 948.62 221.90 1.54 1.62 3.91 8.10 1.39 22.10 1.58 0.990
car -1 -1 -1.63 593.54 183.70 640.97 224.27 1.46 1.49 2.95 0.20 1.72 24.80 -1.62 0.987
car -1 -1 -1.66 606.95 189.19 670.28 235.31 1.54 1.62 3.91 0.90 2.06 23.50 -1.62 0.980
car -1 -1 1.78 419.31 188.40 463.29 221.84 1.46 1.49 2.95 -7.60 2.06 33.00 1.55 0.973
car -1 -1 1.34 746.55 177.87 859.79 211.56 1.54 1.62 3.91 8.50 1.72 32.10 1.60 0.966
car -1 -1 1.97 814.04 179.03 874.89 216.86 1.46 1.49 2.95 9.40 1.72 29.20 2.28 0.430
car -1 -1 -0.54 220.69 191.40 290.89 219.71 1.46 1.49 2.95 -16.40 2.06 33.60 -0.99 0.260
pedestrian -1 -1 -1.31 827.69 163.51 840.38 202.57 1.76 0.66 0.49 10.30 1.46 33.00 -1.01 0.569
