car -1 -1 0.37 476.82 176.98 527.45 202.83 1.46 1.49 2.95 -6.40 1.72 42.60 0.22 0.999
car -1 -1 -1.74 746.83 181.76 939.65 297.72 1.54 1.62 3.91 3.50 1.72 11.90 -1.45 0.999
car -1 -1 1.78 64.19 190.22 317.59 325.72 1.54 1.62 3.91 -5.70 1.72 10.50 1.28 0.999
car -1 -1 1.70 247.77 184.07 403.36 267.86 1.46 1.49 2.95 -5.20 1.72 13.80 1.34 0.999
car -1 -1 -1.90 811.84 183.90 1241.00 374.00 1.54 1.62 3.91 4.10 1.72 7.50 -1.40 0.977
car -1 -1 1.89 302.28 181.32 389.51 216.65 1.54 1.62 3.91 -13.10 2.06 36.50 1.55 0.174
car -1 -1 -0.04 577.59 174.11 632.75 197.11 1.54 1.62 3.91 -0.30 1.72 52.10 -0.05 0.122
car -1 -1 0.79 1022.78 164.36 1099.98 209.60 2.48 1.81 4.73 27.40 2.06 44.30 1.35 0.071
pedestrian -1 -1 -0.80 669.83 164.91 682.96 205.84 1.76 0.66 0.49 2.90 1.46 31.60 -0.71 0.999
pedestrian -1 -1 -1.02 723.97 167.89 736.08 197.13 1.68 0.41 1.64 6.70 1.21 40.50 -0.86 0.141
cyclist -1 -1 -0.72 722.95 172.15 738.62 201.08 1.41 0.50 1.32 8.20 1.56 48.80 -0.56 0.097
