car -1 -1 -1.70 749.57 173.87 1026.43 363.36 1.54 1.62 3.91 2.70 1.72 8.10 -1.38 1.000
car -1 -1 1.86 182.56 200.25 435.29 358.80 1.54 1.62 3.91 -3.70 2.06 9.50 1.49 1.000
car -1 -1 -1.63 690.13 179.18 820.25 277.35 1.54 1.62 3.91 2.70 1.72 13.70 -1.43 0.999
car -1 -1 1.80 359.27 192.36 486.17 281.44 1.46 1.49 2.95 -3.20 1.72 12.80 1.56 0.999
car -1 -1 1.47 461.27 186.51 529.39 232.44 1.54 1.62 3.91 -4.10 2.06 26.50 1.32 0.998
car -1 -1 1.68 427.05 185.42 506.81 248.70 1.46 1.49 2.95 -3.60 1.72 18.00 1.48 0.996
car -1 -1 -1.58 663.96 179.61 718.11 225.18 1.54 1.62 3.91 3.30 2.06 30.30 -1.48 0.973
car -1 -1 -1.77 676.98 178.37 756.53 243.66 1.54 1.62 3.91 2.50 1.72 18.50 -1.63 0.959
car -1 -1 0.11 627.98 177.35 663.34 205.23 1.46 1.49 2.95 1.80 1.72 37.40 0.16 0.052
pedestrian -1 -1 -0.85 538.82 169.34 548.67 198.87 1.77 0.62 0.88 -4.40 1.77 48.90 -0.94 0.436
