car -1 -1 1.87 131.89 195.77 384.37 319.68 1.54 1.62 3.91 -5.50 2.06 11.70 1.43 0.999
car -1 -1 -1.89 756.44 183.25 963.45 303.25 1.54 1.62 3.91 3.90 1.72 11.30 -1.55 0.999
car -1 -1 1.63 483.44 180.70 533.66 216.68 1.54 1.62 3.91 -4.50 2.06 32.50 1.49 0.999
car -1 -1 1.69 324.64 189.96 449.51 265.49 1.54 1.62 3.91 -5.50 2.06 17.90 1.40 0.999
car -1 -1 -1.65 705.65 179.16 787.21 233.12 1.54 1.62 3.91 4.10 1.72 21.90 -1.46 0.998
car -1 -1 -1.76 723.30 179.67 832.24 258.89 1.54 1.62 3.91 3.70 1.72 16.90 -1.55 0.997
car -1 -1 -1.52 688.68 177.75 748.49 221.41 1.54 1.62 3.91 4.30 1.72 28.70 -1.37 0.986
car -1 -1 1.49 507.39 178.52 549.52 207.47 1.46 1.49 2.95 -3.80 1.72 35.40 1.39 0.957
car -1 -1 -1.75 892.52 178.48 1223.02 374.00 1.54 1.62 3.91 4.70 1.72 8.10 -1.22 0.596
car -1 -1 1.68 1140.80 175.72 1221.62 214.41 1.46 1.49 2.95 25.40 1.72 32.00 2.35 0.184
