car -1 -1 -1.72 587.33 183.86 624.11 217.46 1.54 1.62 3.91 -0.10 2.06 35.30 -1.72 0.999
car -1 -1 1.99 131.20 192.39 347.89 324.72 1.46 1.49 2.95 -5.00 1.72 10.20 1.53 0.998
car -1 -1 -1.42 401.90 189.80 454.80 230.27 1.46 1.49 2.95 -6.80 2.06 27.00 -1.66 0.998
car -1 -1 -1.84 609.78 181.68 682.91 233.41 1.54 1.62 3.91 1.10 1.72 22.10 -1.79 0.997
car -1 -1 -1.38 427.67 182.82 472.45 217.16 1.46 1.49 2.95 -7.80 2.06 34.40 -1.60 0.988
car -1 -1 -1.42 567.87 181.70 597.52 205.68 1.46 1.49 2.95 -1.60 2.06 42.00 -1.46 0.953
car -1 -1 -1.80 705.93 183.29 915.94 319.12 1.46 1.49 2.95 2.00 1.39 8.20 -1.56 0.864
car -1 -1 -1.02 451.03 183.70 483.43 209.35 1.46 1.49 2.95 -8.00 2.06 40.20 -1.22 0.225
pedestrian -1 -1 1.76 0.00 184.25 153.94 374.00 1.68 0.41 1.64 -5.30 1.91 6.30 1.07 0.424
pedestrian -1 -1 0.48 0.37 164.51 52.28 333.50 1.76 0.66 0.49 -10.60 2.08 12.90 -0.21 0.055
