car -1 -1 -1.52 685.82 171.33 818.89 271.29 1.54 1.62 3.91 2.70 1.72 14.70 -1.34 1.000
car -1 -1 -2.46 429.09 174.26 520.56 210.25 1.54 1.62 3.91 -5.90 1.72 32.70 -2.64 0.998
car -1 -1 -1.74 639.11 179.73 677.23 209.76 1.54 1.62 3.91 2.30 1.72 35.30 -1.67 0.995
car -1 -1 -2.17 67.51 180.93 388.47 293.72 1.54 1.62 3.91 -5.50 1.72 10.70 -2.64 0.992
car -1 -1 -2.31 279.57 175.91 456.89 242.87 1.54 1.62 3.91 -6.70 1.72 19.50 -2.64 0.986
car -1 -1 -0.93 656.69 180.73 718.84 226.95 1.54 1.62 3.91 2.70 2.06 26.30 -0.83 0.985
car -1 -1 -1.61 629.73 177.73 657.51 202.53 1.46 1.49 2.95 2.00 1.72 40.60 -1.56 0.925
car -1 -1 -2.50 223.42 181.14 401.74 266.75 1.46 1.49 2.95 -5.00 1.72 13.00 -2.87 0.772
car -1 -1 -2.11 367.34 169.19 471.83 233.33 1.46 1.49 2.95 -4.20 1.39 17.00 -2.35 0.764
car -1 -1 -1.58 677.52 179.70 761.90 248.29 1.54 1.62 3.91 2.90 1.72 19.30 -1.43 0.573
car -1 -1 -2.03 0.00 187.44 247.38 317.63 1.54 1.62 3.91 -6.90 1.72 9.30 -2.66 0.081
