car -1 -1 -1.85 684.42 188.94 760.04 244.46 1.54 1.62 3.91 3.50 2.06 22.90 -1.70 1.000
car -1 -1 -1.62 794.39 178.97 1144.05 373.28 1.54 1.62 3.91 3.30 1.72 7.90 -1.22 0.998
car -1 -1 -2.41 16.02 188.64 352.78 291.57 1.54 1.62 3.91 -7.10 1.72 11.30 -2.97 0.997
car -1 -1 -1.56 339.47 179.97 478.24 239.48 1.54 1.62 3.91 -5.70 1.72 21.30 -1.82 0.992
car -1 -1 -1.82 222.63 183.15 410.26 266.02 1.46 1.49 2.95 -5.80 1.72 14.20 -2.21 0.983
car -1 -1 -0.53 411.99 175.57 488.16 229.81 1.46 1.49 2.95 -5.00 1.72 22.80 -0.75 0.964
car -1 -1 -2.26 729.43 184.06 843.12 221.38 1.54 1.62 3.91 6.50 2.06 27.50 -2.03 0.941
car -1 -1 0.70 490.78 180.48 547.30 205.90 1.46 1.49 2.95 -4.80 2.06 39.60 0.58 0.344
car -1 -1 -0.34 348.43 176.60 418.34 215.58 1.54 1.62 3.91 -9.50 1.72 31.30 -0.64 0.150
car -1 -1 -1.09 422.42 177.52 531.69 210.37 1.54 1.62 3.91 -5.90 1.72 33.90 -1.26 0.086
car -1 -1 -0.64 797.21 185.57 921.87 223.38 1.54 1.62 3.91 9.50 2.06 28.10 -0.31 0.066
