car -1 -1 2.01 0.00 156.68 427.36 368.98 1.54 1.62 3.91 -3.50 1.39 6.90 1.54 0.991
car -1 -1 1.63 383.42 155.47 469.61 233.42 2.48 1.81 4.73 -6.00 1.72 26.50 1.41 0.985
car -1 -1 1.36 441.27 158.43 505.26 212.28 2.48 1.81 4.73 -5.80 1.39 33.90 1.19 0.602
car -1 -1 -0.05 281.69 165.43 415.62 281.77 2.48 1.81 4.73 -5.80 2.06 17.30 -0.37 0.062
pedestrian -1 -1 -0.49 899.41 134.21 972.07 288.80 1.77 0.62 0.88 3.80 1.46 8.50 -0.07 1.000
pedestrian -1 -1 -0.51 570.26 155.75 593.08 220.14 1.77 0.62 0.88 -0.60 1.15 23.50 -0.54 0.997
pedestrian -1 -1 -2.47 478.05 154.14 517.21 315.32 1.76 0.66 0.49 -1.10 1.46 8.00 -2.61 0.996
pedestrian -1 -1 1.55 1154.28 138.80 1223.05 313.10 1.87 0.84 1.11 6.50 1.46 7.50 2.26 0.990
pedestrian -1 -1 1.30 513.23 154.70 553.15 303.53 1.76 0.66 0.49 -1.00 1.46 10.10 1.20 0.951
pedestrian -1 -1 2.51 722.65 174.12 736.53 233.02 1.76 0.66 0.49 4.70 1.46 26.00 2.69 0.904
pedestrian -1 -1 2.43 691.96 176.87 709.44 229.96 1.76 0.66 0.49 3.50 1.77 25.20 2.57 0.867
pedestrian -1 -1 -1.58 597.30 161.95 616.50 218.24 1.77 0.62 0.88 0.30 1.15 29.80 -1.57 0.072
pedestrian -1 -1 -0.14 960.08 173.46 975.16 227.77 1.76 0.66 0.49 18.90 2.08 37.00 0.33 0.062
