car -1 -1 -1.22 361.22 177.66 495.21 267.33 1.54 1.62 3.91 -3.50 1.39 14.70 -1.46 0.998
pedestrian -1 -1 -1.26 250.48 165.00 276.83 239.09 1.76 0.66 0.49 -9.70 1.46 20.20 -1.71 0.999
pedestrian -1 -1 1.09 214.80 173.31 236.89 231.68 1.76 0.66 0.49 -11.10 1.77 20.60 0.59 0.998
pedestrian -1 -1 -0.09 406.67 161.07 427.04 223.17 1.68 0.41 1.64 -6.70 1.21 25.50 -0.35 0.996
pedestrian -1 -1 -0.19 551.18 160.09 584.40 222.55 1.68 0.41 1.64 -1.30 1.21 23.70 -0.24 0.983
pedestrian -1 -1 -1.17 273.14 172.79 296.00 235.16 1.77 0.62 0.88 -14.50 1.77 32.20 -1.59 0.794
pedestrian -1 -1 -0.82 962.60 133.74 992.16 197.99 1.76 0.66 0.49 11.60 0.84 21.90 -0.33 0.414
pedestrian -1 -1 -0.14 297.70 167.43 332.67 228.96 1.87 0.84 1.11 -12.30 1.46 29.30 -0.53 0.061
cyclist -1 -1 -1.60 846.97 155.70 875.80 196.19 1.87 0.84 1.11 12.10 0.84 32.90 -1.25 0.996
cyclist -1 -1 -0.42 757.04 153.70 794.57 196.05 1.68 0.41 1.64 8.50 0.85 34.30 -0.18 0.952
cyclist -1 -1 -0.37 273.56 167.48 352.73 233.14 1.75 0.62 1.83 -7.20 1.56 17.80 -0.76 0.951
cyclist -1 -1 -0.76 933.77 145.06 1014.21 197.44 1.68 0.41 1.64 11.50 0.85 21.90 -0.28 0.389
cyclist -1 -1 -0.57 1019.48 152.69 1062.00 201.93 1.68 0.41 1.64 19.10 0.85 30.90 -0.01 0.298
cyclist -1 -1 -1.92 252.45 173.64 305.14 237.44 1.77 0.62 0.88 -8.70 1.77 18.80 -2.36 0.257
