car -1 -1 -1.81 591.88 192.02 746.70 285.45 1.46 1.49 2.95 1.00 2.06 14.60 -1.74 0.998
car -1 -1 -1.66 488.39 183.49 547.79 223.52 1.46 1.49 2.95 -3.00 1.72 24.80 -1.78 0.995
car -1 -1 1.78 305.88 184.21 356.93 215.34 1.46 1.49 2.95 -12.80 2.06 34.00 1.42 0.990
car -1 -1 0.97 33.10 198.66 214.98 323.53 1.46 1.49 2.95 -7.80 2.06 12.20 0.40 0.989
car -1 -1 -1.53 477.38 179.92 522.02 215.19 1.46 1.49 2.95 -5.20 2.06 34.40 -1.68 0.965
car -1 -1 -1.44 757.27 151.55 1240.30 373.07 2.48 1.81 4.73 3.50 2.06 7.40 -1.00 0.936
car -1 -1 1.17 675.19 171.97 772.30 208.97 1.54 1.62 3.91 4.90 1.39 31.10 1.32 0.714
car -1 -1 0.10 90.44 191.40 187.75 246.40 1.46 1.49 2.95 -14.40 2.06 22.60 -0.46 0.411
car -1 -1 -1.34 463.65 178.22 490.56 199.79 1.46 1.49 2.95 -10.00 2.06 54.00 -1.53 0.118
car -1 -1 1.71 622.81 174.95 710.00 207.35 1.54 1.62 3.91 2.50 1.72 34.10 1.78 0.089
