car -1 -1 1.48 239.14 178.01 437.68 288.31 1.54 1.62 3.91 -4.10 1.39 11.70 1.15 0.966
car -1 -1 0.53 207.54 185.88 366.07 245.13 1.54 1.62 3.91 -9.10 1.72 20.90 0.12 0.129
pedestrian -1 -1 -1.24 162.07 166.42 261.63 373.00 1.76 0.66 0.49 -3.50 1.46 6.40 -1.74 1.000
pedestrian -1 -1 -1.86 261.56 162.17 364.59 339.76 1.87 0.84 1.11 -3.70 1.77 8.70 -2.26 0.999
pedestrian -1 -1 -1.48 0.00 154.55 98.20 373.00 1.76 0.66 0.49 -4.60 1.46 5.70 -2.16 0.996
pedestrian -1 -1 0.66 68.54 157.92 181.80 356.41 1.76 0.66 0.49 -4.10 1.46 6.20 0.08 0.976
pedestrian -1 -1 1.14 524.35 171.76 537.11 212.99 1.76 0.66 0.49 -3.30 1.77 33.80 1.04 0.968
pedestrian -1 -1 -0.58 667.36 156.85 685.53 229.10 1.76 0.66 0.49 2.50 1.46 24.20 -0.48 0.968
pedestrian -1 -1 -0.71 265.01 158.40 305.81 255.33 1.76 0.66 0.49 -6.70 1.15 15.00 -1.13 0.939
pedestrian -1 -1 -1.47 406.67 175.57 429.26 217.07 1.87 0.84 1.11 -9.50 1.77 37.30 -1.72 0.687
pedestrian -1 -1 1.25 470.36 165.99 494.22 229.59 1.87 0.84 1.11 -4.90 1.15 29.70 1.09 0.590
pedestrian -1 -1 1.68 109.68 178.39 163.34 248.97 1.41 0.50 1.32 -12.80 1.56 20.00 1.11 0.398
pedestrian -1 -1 -0.13 223.61 160.24 284.99 329.78 1.76 0.66 0.49 -4.90 1.46 10.00 -0.58 0.365
pedestrian -1 -1 0.57 232.64 170.25 266.83 234.52 1.87 0.84 1.11 -13.10 1.46 26.50 0.11 0.138
pedestrian -1 -1 -1.52 63.19 169.18 103.12 239.55 1.76 0.66 0.49 -15.40 1.46 21.50 -2.14 0.126
cyclist -1 -1 0.64 462.13 161.81 497.52 240.14 1.75 0.62 1.83 -3.80 1.56 23.40 0.48 0.947
cyclist -1 -1 0.00 610.31 189.98 636.36 261.01 1.68 0.41 1.64 0.50 1.91 17.10 0.03 0.193
cyclist -1 -1 -0.57 655.37 161.64 687.11 250.41 1.76 0.66 0.49 1.10 1.46 12.40 -0.48 0.159
