car -1 -1 -1.65 676.63 183.33 759.86 244.09 1.54 1.62 3.91 2.70 1.72 19.10 -1.51 1.000
car -1 -1 -1.76 779.79 188.28 1092.20 371.28 1.54 1.62 3.91 2.70 1.72 7.50 -1.42 0.999
car -1 -1 -1.66 338.90 168.40 484.73 230.65 1.46 1.49 2.95 -4.80 1.39 17.60 -1.92 0.998
car -1 -1 -1.75 653.89 176.88 704.82 219.72 1.46 1.49 2.95 2.60 1.72 28.60 -1.66 0.996
car -1 -1 -1.78 41.72 166.62 343.74 308.09 1.46 1.49 2.95 -5.20 1.39 9.00 -2.30 0.974
car -1 -1 0.21 250.71 178.05 444.68 242.28 1.54 1.62 3.91 -6.90 1.72 19.50 -0.13 0.956
car -1 -1 -1.41 635.89 174.47 677.87 206.73 1.46 1.49 2.95 2.00 1.39 30.40 -1.35 0.946
car -1 -1 -2.77 396.24 173.71 511.30 216.09 1.54 1.62 3.91 -5.70 1.72 26.90 -2.98 0.874
car -1 -1 -1.00 0.00 197.22 247.10 354.59 1.46 1.49 2.95 -6.40 2.06 9.60 -1.58 0.707
car -1 -1 -1.53 481.97 171.13 558.75 201.22 1.54 1.62 3.91 -4.10 1.39 34.70 -1.65 0.346
car -1 -1 -2.01 466.28 178.10 512.58 212.16 1.46 1.49 2.95 -5.00 1.72 31.40 -2.17 0.242
car -1 -1 -1.72 144.32 175.91 381.18 264.27 1.46 1.49 2.95 -5.00 1.39 11.00 -2.14 0.075
