car -1 -1 -1.60 745.70 184.37 911.23 297.19 1.54 1.62 3.91 3.50 1.72 11.90 -1.31 0.999
car -1 -1 -1.60 712.69 179.41 821.53 256.04 1.54 1.62 3.91 3.50 1.72 16.70 -1.39 0.998
car -1 -1 -2.47 192.18 182.50 420.66 256.70 1.54 1.62 3.91 -5.70 1.72 14.10 -2.85 0.998
car -1 -1 -1.51 677.26 182.09 728.58 217.34 1.54 1.62 3.91 3.90 1.72 30.10 -1.38 0.996
car -1 -1 0.65 9.81 187.20 318.62 335.06 1.54 1.62 3.91 -5.90 1.72 8.70 0.05 0.990
car -1 -1 -1.58 438.61 175.98 542.14 218.02 1.54 1.62 3.91 -5.10 1.72 30.10 -1.75 0.955
car -1 -1 -2.79 297.67 180.50 481.65 236.67 1.54 1.62 3.91 -5.70 1.72 18.30 -3.09 0.939
car -1 -1 -1.54 699.85 172.35 768.37 219.20 1.54 1.62 3.91 4.70 1.72 27.10 -1.37 0.881
car -1 -1 -1.41 487.95 178.55 565.60 208.16 1.54 1.62 3.91 -4.90 2.06 43.10 -1.53 0.735
car -1 -1 -2.31 388.03 177.55 513.49 228.65 1.46 1.49 2.95 -4.80 1.72 22.00 -2.52 0.489
