car -1 -1 1.82 0.00 191.78 284.95 344.08 1.46 1.49 2.95 -5.60 1.72 8.40 1.24 1.000
car -1 -1 1.71 216.96 183.93 387.82 276.22 1.46 1.49 2.95 -5.20 1.72 12.60 1.31 0.999
car -1 -1 0.74 472.81 177.58 526.83 204.07 1.46 1.49 2.95 -6.00 1.72 38.20 0.59 0.998
car -1 -1 -1.86 756.48 181.31 969.49 310.49 1.54 1.62 3.91 3.30 1.72 10.10 -1.55 0.998
car -1 -1 1.46 237.42 179.40 309.76 217.53 1.46 1.49 2.95 -12.80 1.72 27.80 1.03 0.554
car -1 -1 -1.78 856.54 185.83 1241.00 362.92 1.46 1.49 2.95 3.40 1.39 6.20 -1.28 0.245
car -1 -1 0.50 576.71 174.15 628.09 195.96 1.46 1.49 2.95 -0.60 1.72 53.40 0.49 0.107
pedestrian -1 -1 -1.15 669.84 168.10 683.14 206.30 1.41 0.50 1.32 2.80 1.56 30.40 -1.06 0.990
pedestrian -1 -1 -0.82 470.59 178.06 482.33 202.54 1.41 0.50 1.32 -6.40 1.56 35.00 -1.00 0.708
pedestrian -1 -1 -1.26 723.11 170.04 734.52 200.38 1.76 0.66 0.49 6.50 1.46 39.20 -1.09 0.078
cyclist -1 -1 -0.91 718.00 173.54 737.34 199.82 1.41 0.50 1.32 7.60 1.56 45.80 -0.75 0.995
