car -1 -1 -1.49 430.51 182.83 479.62 218.15 1.46 1.49 2.95 -6.40 1.72 31.80 -1.68 0.256
pedestrian -1 -1 -0.92 812.38 156.92 846.93 263.75 1.76 0.66 0.49 4.70 1.77 14.80 -0.61 0.990
pedestrian -1 -1 -0.33 932.11 143.76 968.94 268.17 1.76 0.66 0.49 6.30 1.46 13.20 0.12 0.685
pedestrian -1 -1 -0.77 699.97 156.55 721.11 257.64 1.76 0.66 0.49 2.40 1.46 16.50 -0.62 0.502
pedestrian -1 -1 -0.44 478.88 168.96 499.50 208.17 1.87 0.84 1.11 -6.30 1.46 40.10 -0.59 0.263
pedestrian -1 -1 2.14 307.99 152.66 374.14 289.03 1.87 0.84 1.11 -5.50 1.15 15.30 1.80 0.191
pedestrian -1 -1 -1.06 955.52 199.04 991.22 280.74 1.41 0.50 1.32 9.60 2.27 18.80 -0.58 0.181
pedestrian -1 -1 -0.96 741.82 166.22 761.77 232.48 1.76 0.66 0.49 3.90 1.46 18.80 -0.75 0.120
cyclist -1 -1 2.23 297.54 153.44 383.90 314.56 1.87 0.84 1.11 -3.90 1.77 10.50 1.88 0.998
cyclist -1 -1 1.70 408.77 156.92 491.35 274.43 1.68 0.41 1.64 -3.50 1.56 16.50 1.49 0.962
