car -1 -1 -2.28 792.54 178.82 958.40 245.41 1.54 1.62 3.91 6.90 1.72 19.30 -1.94 1.000
car -1 -1 -1.63 637.74 179.45 689.19 218.62 1.54 1.62 3.91 1.90 1.72 27.30 -1.56 0.999
car -1 -1 -1.53 614.72 180.27 660.66 208.50 1.46 1.49 2.95 1.80 2.06 43.60 -1.48 0.997
car -1 -1 -2.81 398.27 182.93 494.73 219.38 1.54 1.62 3.91 -7.30 2.06 32.10 -3.03 0.980
car -1 -1 -1.50 323.74 182.23 477.89 228.75 1.54 1.62 3.91 -7.50 2.06 25.70 -1.79 0.706
car -1 -1 -2.64 0.00 191.93 319.73 313.54 1.54 1.62 3.91 -7.30 2.06 11.70 -3.20 0.619
car -1 -1 -2.20 223.11 172.76 400.89 257.12 1.46 1.49 2.95 -5.00 1.39 12.60 -2.58 0.291
car -1 -1 -2.10 130.81 190.49 366.76 277.09 1.54 1.62 3.91 -7.30 2.06 15.10 -2.55 0.113
car -1 -1 -2.17 442.19 180.26 521.86 208.71 1.54 1.62 3.91 -6.90 2.06 40.30 -2.34 0.087
pedestrian -1 -1 -1.17 1183.02 189.24 1220.30 262.78 1.76 0.66 0.49 14.50 2.08 17.80 -0.49 0.758
