car -1 -1 -0.50 0.00 196.38 319.55 356.46 1.54 1.62 3.91 -4.50 1.72 8.10 -1.01 0.245
car -1 -1 -1.11 637.22 149.20 702.51 237.38 2.48 1.81 4.73 2.00 1.72 23.10 -1.02 0.231
pedestrian -1 -1 1.28 570.31 138.31 592.01 218.74 1.76 0.66 0.49 -0.50 0.84 14.80 1.25 1.000
pedestrian -1 -1 0.98 535.29 139.90 566.55 220.01 1.76 0.66 0.49 -1.20 0.84 14.70 0.90 1.000
pedestrian -1 -1 0.81 638.99 134.60 710.88 299.16 1.75 0.62 1.83 0.80 1.21 8.80 0.90 1.000
pedestrian -1 -1 1.10 473.35 143.58 498.39 216.71 1.68 0.41 1.64 -3.30 0.85 19.50 0.93 1.000
pedestrian -1 -1 1.45 419.89 141.41 440.69 206.59 1.76 0.66 0.49 -5.10 0.84 21.00 1.21 1.000
pedestrian -1 -1 1.15 702.04 136.09 768.76 292.90 1.77 0.62 0.88 1.70 1.46 9.00 1.33 0.999
pedestrian -1 -1 1.75 494.84 144.61 521.07 215.37 1.75 0.62 1.83 -3.00 1.21 22.00 1.61 0.999
pedestrian -1 -1 1.15 447.35 138.42 464.94 206.26 1.76 0.66 0.49 -3.90 0.84 18.60 0.94 0.995
pedestrian -1 -1 -1.20 278.80 132.51 309.65 247.49 1.76 0.66 0.49 -5.30 1.15 12.20 -1.61 0.851
pedestrian -1 -1 -1.41 355.38 150.00 373.58 195.15 1.76 0.66 0.49 -8.10 0.84 24.00 -1.74 0.267
pedestrian -1 -1 1.69 526.37 139.99 539.75 209.16 1.76 0.66 0.49 -2.50 1.15 24.20 1.59 0.215
pedestrian -1 -1 0.46 556.06 143.12 572.47 213.20 1.76 0.66 0.49 -1.10 0.84 20.20 0.41 0.082
pedestrian -1 -1 -0.43 245.74 120.24 298.97 285.66 1.76 0.66 0.49 -3.50 1.15 7.40 -0.87 0.060
cyclist -1 -1 -1.55 343.33 151.12 385.87 193.15 1.87 0.84 1.11 -8.30 0.84 24.90 -1.87 0.962
cyclist -1 -1 0.80 435.70 139.68 475.28 220.93 1.76 0.66 0.49 -3.10 1.15 14.40 0.59 0.235
cyclist -1 -1 1.34 403.78 144.77 446.59 208.83 1.87 0.84 1.11 -5.50 0.84 20.70 1.08 0.085
