car -1 -1 1.72 550.03 175.53 585.83 206.08 1.54 1.62 3.91 -2.10 1.72 38.30 1.66 0.999
car -1 -1 -1.78 769.10 178.45 947.40 315.95 1.54 1.62 3.91 3.50 1.72 10.70 -1.47 0.999
car -1 -1 1.82 197.23 193.32 453.77 363.46 1.54 1.62 3.91 -3.50 2.06 9.70 1.47 0.999
car -1 -1 1.59 466.38 165.59 552.97 245.49 2.48 1.81 4.73 -3.40 2.06 24.30 1.45 0.994
car -1 -1 1.34 690.34 181.48 761.97 232.48 1.54 1.62 3.91 4.10 2.06 26.30 1.50 0.994
car -1 -1 1.01 722.75 181.39 806.18 253.07 1.46 1.49 2.95 3.60 1.72 17.60 1.21 0.926
car -1 -1 -1.85 658.42 176.65 698.24 205.21 1.54 1.62 3.91 3.70 1.72 39.50 -1.75 0.910
car -1 -1 -1.51 673.50 180.69 716.97 211.83 1.46 1.49 2.95 3.40 1.72 29.20 -1.39 0.220
car -1 -1 -1.66 732.29 177.71 876.24 267.06 1.54 1.62 3.91 4.10 1.72 15.70 -1.40 0.151
pedestrian -1 -1 2.01 767.16 200.33 803.38 285.34 1.41 0.50 1.32 3.40 1.91 14.00 2.25 0.133
