car -1 -1 -2.24 758.97 86.08 1065.70 365.69 2.48 1.81 4.73 3.20 1.72 8.90 -1.89 0.653
pedestrian -1 -1 -0.19 508.56 171.91 528.16 235.86 1.76 0.66 0.49 -2.50 1.77 21.40 -0.30 1.000
pedestrian -1 -1 -2.07 358.16 162.12 389.77 253.85 1.76 0.66 0.49 -5.30 1.46 17.00 -2.37 1.000
pedestrian -1 -1 0.39 1175.73 197.35 1237.00 373.00 1.76 0.66 0.49 5.90 1.77 6.80 1.11 0.999
pedestrian -1 -1 1.72 637.34 164.47 662.62 227.47 1.87 0.84 1.11 1.70 1.77 25.50 1.79 0.997
pedestrian -1 -1 1.70 195.27 162.89 265.87 338.58 1.76 0.66 0.49 -4.70 1.77 9.00 1.22 0.934
pedestrian -1 -1 2.06 566.03 171.45 583.53 224.98 1.75 0.62 1.83 -1.00 1.56 27.60 2.03 0.797
pedestrian -1 -1 -1.05 627.54 163.89 635.55 204.97 1.68 0.41 1.64 1.70 1.21 40.30 -1.01 0.219
pedestrian -1 -1 -0.29 18.07 124.05 90.59 373.00 1.77 0.62 0.88 -4.80 1.46 6.10 -0.96 0.127
pedestrian -1 -1 -1.32 82.82 181.20 104.38 244.50 1.76 0.66 0.49 -19.50 1.77 27.60 -1.93 0.097
pedestrian -1 -1 -1.00 621.86 164.14 628.80 204.40 1.68 0.41 1.64 1.10 1.21 32.70 -0.97 0.095
cyclist -1 -1 1.97 552.96 170.87 592.31 224.63 1.87 0.84 1.11 -1.10 1.46 24.90 1.93 0.930
cyclist -1 -1 0.19 497.42 176.47 539.22 233.67 1.68 0.41 1.64 -2.70 1.56 23.70 0.08 0.093
cyclist -1 -1 1.72 181.98 168.75 279.93 315.48 1.77 0.62 0.88 -4.70 1.46 9.20 1.25 0.056
cyclist -1 -1 -0.14 0.00 133.74 117.37 368.87 1.77 0.62 0.88 -4.80 1.46 6.10 -0.80 0.055
