car -1 -1 -1.20 820.26 222.55 1237.00 366.24 1.46 1.49 2.95 4.40 2.06 7.60 -0.67 0.082
car -1 -1 -1.06 824.69 0.20 1232.12 368.55 2.48 1.81 4.73 3.60 1.39 6.70 -0.56 0.071
pedestrian -1 -1 1.30 474.13 172.03 493.72 247.16 1.76 0.66 0.49 -2.70 1.46 16.20 1.13 0.999
pedestrian -1 -1 1.84 577.06 173.54 608.95 253.48 1.87 0.84 1.11 -0.10 1.77 21.10 1.84 0.998
pedestrian -1 -1 -2.03 243.73 157.63 295.47 287.76 1.76 0.66 0.49 -5.80 1.46 12.70 -2.45 0.998
pedestrian -1 -1 -0.87 616.07 161.03 626.98 218.17 1.68 0.41 1.64 0.70 1.21 25.70 -0.84 0.976
pedestrian -1 -1 -0.05 655.38 164.78 667.62 204.56 1.76 0.66 0.49 3.10 1.46 36.40 0.04 0.937
pedestrian -1 -1 1.89 541.32 171.44 563.57 235.33 1.41 0.50 1.32 -1.40 1.56 21.80 1.82 0.876
pedestrian -1 -1 -0.14 639.39 167.25 649.40 204.46 1.76 0.66 0.49 2.60 1.46 42.70 -0.08 0.072
pedestrian -1 -1 0.08 633.81 162.39 643.80 206.69 1.76 0.66 0.49 1.50 1.15 29.00 0.14 0.063
cyclist -1 -1 1.52 531.49 169.69 572.01 235.91 1.87 0.84 1.11 -1.90 1.77 24.70 1.44 0.987
cyclist -1 -1 1.66 458.96 176.06 505.00 233.34 1.75 0.62 1.83 -4.20 1.56 27.60 1.51 0.133
