car -1 -1 -1.42 443.30 179.81 504.07 221.81 1.54 1.62 3.91 -5.30 1.39 29.30 -1.60 0.999
car -1 -1 -1.19 322.65 182.86 449.87 259.27 1.54 1.62 3.91 -4.90 1.39 16.10 -1.48 0.999
car -1 -1 -1.10 283.03 182.55 381.43 231.95 1.46 1.49 2.95 -8.60 1.39 22.40 -1.46 0.991
car -1 -1 -1.59 575.61 175.22 609.85 209.42 2.48 1.81 4.73 -1.00 1.72 49.70 -1.61 0.990
car -1 -1 -1.23 17.55 169.08 283.05 370.54 1.46 1.49 2.95 -4.20 1.39 6.60 -1.80 0.968
car -1 -1 -0.92 171.21 173.64 305.42 225.83 2.48 1.81 4.73 -15.50 1.72 30.80 -1.39 0.662
car -1 -1 -1.31 471.70 178.63 509.15 212.28 2.48 1.81 4.73 -8.20 2.06 51.50 -1.47 0.632
car -1 -1 -0.48 371.08 178.79 427.53 225.37 2.48 1.81 4.73 -11.00 2.06 37.90 -0.77 0.206
car -1 -1 -0.40 56.02 171.29 261.92 272.09 2.48 1.81 4.73 -12.90 2.06 21.00 -0.95 0.140
pedestrian -1 -1 -1.01 235.46 195.35 259.11 240.72 1.41 0.50 1.32 -12.60 1.91 25.20 -1.48 0.107
