car -1 -1 -1.61 574.20 184.67 614.67 219.82 1.54 1.62 3.91 -0.70 2.06 32.70 -1.64 1.000
car -1 -1 2.02 191.19 199.01 366.82 299.22 1.54 1.62 3.91 -6.30 2.06 14.10 1.60 0.999
car -1 -1 -1.39 402.48 189.94 452.94 228.72 1.46 1.49 2.95 -7.20 2.06 28.40 -1.64 0.981
car -1 -1 -1.76 598.05 184.95 664.35 235.02 1.54 1.62 3.91 0.50 2.06 24.30 -1.74 0.980
car -1 -1 -1.36 421.58 183.86 463.44 219.53 1.46 1.49 2.95 -7.40 2.06 32.60 -1.59 0.837
car -1 -1 1.19 5.78 209.62 278.16 371.39 1.46 1.49 2.95 -5.20 2.06 7.80 0.60 0.726
car -1 -1 -1.49 556.82 183.59 589.31 207.63 1.46 1.49 2.95 -2.00 2.06 40.20 -1.54 0.562
car -1 -1 -0.43 853.77 205.63 1227.19 369.80 1.54 1.62 3.91 4.10 2.06 7.90 0.05 0.450
car -1 -1 -1.80 678.72 188.72 849.99 289.43 1.46 1.49 2.95 2.20 1.72 12.20 -1.62 0.147
pedestrian -1 -1 1.80 223.69 182.78 304.67 374.00 1.76 0.66 0.49 -3.80 2.08 8.10 1.36 0.436
cyclist -1 -1 2.11 178.86 183.55 323.16 374.00 1.87 0.84 1.11 -3.50 1.77 7.50 1.68 0.998
cyclist -1 -1 0.38 1090.77 218.43 1219.30 351.76 1.41 0.50 1.32 4.80 1.56 6.00 1.06 0.054
