car -1 -1 1.89 178.39 189.90 401.51 316.47 1.54 1.62 3.91 -4.50 1.72 10.90 1.50 1.000
car -1 -1 -1.78 769.36 180.10 941.09 291.69 1.54 1.62 3.91 4.30 1.72 13.30 -1.46 0.999
car -1 -1 -1.96 876.29 177.41 1237.69 372.43 1.54 1.62 3.91 4.30 1.72 7.50 -1.43 0.999
car -1 -1 1.65 514.71 178.78 556.42 209.19 1.54 1.62 3.91 -3.50 1.72 34.70 1.55 0.999
car -1 -1 1.95 346.47 187.82 470.01 263.20 1.46 1.49 2.95 -4.40 1.72 15.60 1.67 0.998
car -1 -1 -1.70 698.99 179.01 773.82 227.38 1.54 1.62 3.91 3.90 1.72 22.90 -1.54 0.997
car -1 -1 -1.64 718.06 179.09 849.31 250.25 1.46 1.49 2.95 4.00 1.72 16.80 -1.41 0.997
car -1 -1 1.60 417.68 185.48 498.54 236.68 1.54 1.62 3.91 -4.90 2.06 24.70 1.40 0.996
car -1 -1 -1.68 684.57 176.50 741.97 212.51 1.54 1.62 3.91 4.10 1.72 29.90 -1.54 0.951
car -1 -1 -2.22 1039.42 174.41 1154.64 205.79 1.54 1.62 3.91 22.30 1.72 33.30 -1.63 0.145
car -1 -1 1.48 532.48 177.41 566.22 201.68 1.46 1.49 2.95 -3.40 1.72 43.00 1.40 0.061
pedestrian -1 -1 -1.16 669.07 162.86 681.06 190.77 1.76 0.66 0.49 3.90 1.15 42.80 -1.06 0.969
cyclist -1 -1 2.56 972.03 195.18 1026.75 236.28 1.41 0.50 1.32 11.60 1.91 21.60 3.05 0.079
