car -1 -1 1.77 104.18 205.15 447.86 374.00 1.54 1.62 3.91 -2.90 2.06 7.10 1.38 1.000
car -1 -1 1.66 459.75 175.74 553.12 261.71 1.54 1.62 3.91 -2.10 1.72 15.50 1.52 0.999
car -1 -1 -1.95 791.42 189.92 1008.10 348.29 1.46 1.49 2.95 2.80 1.72 8.20 -1.62 0.999
car -1 -1 1.62 551.52 188.07 589.16 218.38 1.46 1.49 2.95 -1.60 2.06 31.20 1.57 0.996
car -1 -1 0.91 734.46 196.14 832.47 275.92 1.46 1.49 2.95 3.80 2.06 16.40 1.14 0.995
car -1 -1 1.28 697.57 194.76 777.30 247.54 1.54 1.62 3.91 3.50 2.06 20.90 1.44 0.990
car -1 -1 -1.58 664.14 188.10 703.68 217.62 1.46 1.49 2.95 3.40 2.06 34.60 -1.48 0.910
car -1 -1 -1.32 679.36 191.24 728.48 224.57 1.54 1.62 3.91 3.90 2.06 30.10 -1.19 0.215
car -1 -1 -1.17 742.97 193.73 936.37 285.34 1.54 1.62 3.91 4.70 2.06 14.90 -0.86 0.117
car -1 -1 1.61 499.76 188.29 557.73 241.15 1.54 1.62 3.91 -2.30 2.06 23.50 1.51 0.060
pedestrian -1 -1 3.08 789.39 208.67 831.45 310.61 1.41 0.50 1.32 3.40 1.91 12.40 3.35 0.870
