car -1 -1 1.47 500.88 170.20 546.94 211.31 2.48 1.81 4.73 -4.80 1.72 43.90 1.36 0.989
pedestrian -1 -1 -1.35 198.25 164.50 260.71 344.93 1.76 0.66 0.49 -4.80 1.77 9.10 -1.84 0.998
pedestrian -1 -1 -0.94 641.53 152.13 695.78 334.43 1.76 0.66 0.49 0.70 1.77 8.20 -0.86 0.996
pedestrian -1 -1 -0.30 787.33 163.31 833.75 253.62 1.87 0.84 1.11 5.30 1.46 18.50 -0.03 0.995
pedestrian -1 -1 0.48 40.15 176.82 181.40 373.00 1.76 0.66 0.49 -3.90 1.77 5.80 -0.12 0.991
pedestrian -1 -1 0.18 752.64 161.00 772.19 233.03 1.76 0.66 0.49 5.10 1.15 22.80 0.40 0.983
pedestrian -1 -1 -1.64 691.97 166.09 745.56 335.97 1.68 0.41 1.64 1.50 1.56 9.30 -1.48 0.978
pedestrian -1 -1 1.16 422.06 173.48 432.91 214.26 1.68 0.41 1.64 -10.50 1.56 43.70 0.92 0.304
pedestrian -1 -1 0.60 0.00 174.09 88.82 363.59 1.76 0.66 0.49 -6.20 1.46 7.70 -0.08 0.241
pedestrian -1 -1 1.86 355.28 161.49 413.75 292.49 1.87 0.84 1.11 -4.90 1.46 16.10 1.57 0.132
pedestrian -1 -1 -0.95 689.42 179.62 711.58 275.32 1.76 0.66 0.49 2.50 1.77 18.40 -0.82 0.081
cyclist -1 -1 1.31 339.46 155.34 422.92 329.46 1.87 0.84 1.11 -2.70 1.46 8.50 1.00 1.000
cyclist -1 -1 0.64 828.98 222.36 984.84 352.71 1.41 0.50 1.32 2.40 1.91 5.80 1.03 0.252
