car -1 -1 -2.10 246.63 171.40 448.48 240.11 1.46 1.49 2.95 -5.40 1.39 14.20 -2.46 0.993
car -1 -1 -0.54 751.06 183.27 881.38 231.94 1.46 1.49 2.95 5.40 1.72 19.20 -0.26 0.991
car -1 -1 -0.14 694.91 178.51 772.43 211.46 1.54 1.62 3.91 6.70 2.06 40.90 0.02 0.976
car -1 -1 -1.60 636.29 177.52 664.73 200.89 1.46 1.49 2.95 2.20 1.72 40.80 -1.54 0.963
car -1 -1 -2.57 414.58 169.68 508.85 218.05 1.46 1.49 2.95 -4.40 1.39 22.40 -2.77 0.947
car -1 -1 -1.65 825.88 189.12 1237.04 374.00 1.54 1.62 3.91 3.90 1.72 6.90 -1.14 0.911
car -1 -1 -1.99 470.57 169.76 543.18 206.50 1.46 1.49 2.95 -4.40 1.39 31.00 -2.13 0.822
car -1 -1 2.02 799.70 183.98 1003.21 258.80 1.54 1.62 3.91 5.90 1.72 15.30 2.38 0.729
car -1 -1 -2.42 345.43 173.98 492.89 229.10 1.54 1.62 3.91 -5.30 1.72 20.70 -2.67 0.645
car -1 -1 -1.40 26.12 125.63 374.94 331.51 2.48 1.81 4.73 -5.50 2.06 9.00 -1.94 0.372
car -1 -1 -0.56 181.41 162.07 365.24 281.96 1.46 1.49 2.95 -4.80 1.39 10.80 -0.98 0.060
