car -1 -1 -1.95 756.82 179.76 972.95 318.54 1.54 1.62 3.91 3.30 1.72 10.70 -1.65 0.999
car -1 -1 1.75 413.70 186.91 486.64 230.70 1.46 1.49 2.95 -4.80 1.72 22.00 1.53 0.999
car -1 -1 1.61 489.55 179.78 524.90 208.41 1.46 1.49 2.95 -5.00 1.72 35.20 1.46 0.999
car -1 -1 1.79 291.75 190.74 419.62 263.97 1.46 1.49 2.95 -6.00 2.06 17.00 1.45 0.999
car -1 -1 1.83 38.88 199.22 339.02 330.03 1.54 1.62 3.91 -5.90 2.06 10.70 1.32 0.999
car -1 -1 1.19 695.97 182.01 771.35 240.38 1.54 1.62 3.91 3.50 1.72 20.10 1.37 0.997
car -1 -1 -1.48 652.77 179.05 703.57 210.33 1.54 1.62 3.91 2.90 1.72 31.10 -1.39 0.990
car -1 -1 -1.27 673.12 180.18 733.22 220.70 1.54 1.62 3.91 3.30 1.72 24.90 -1.13 0.984
car -1 -1 -0.95 859.79 197.88 1229.04 371.14 1.54 1.62 3.91 4.30 1.72 7.50 -0.43 0.601
car -1 -1 0.09 725.44 180.29 903.49 245.20 1.54 1.62 3.91 4.90 1.72 17.30 0.37 0.098
pedestrian -1 -1 -2.00 731.46 167.74 744.82 214.86 1.76 0.66 0.49 6.30 1.77 35.40 -1.82 0.868
