car -1 -1 -1.71 685.20 180.16 761.32 242.71 1.54 1.62 3.91 3.10 1.72 19.70 -1.56 0.999
car -1 -1 -1.71 313.29 176.55 478.81 232.22 1.54 1.62 3.91 -6.10 1.72 20.70 -1.99 0.986
car -1 -1 0.23 740.69 172.15 872.47 223.27 1.46 1.49 2.95 5.20 1.39 20.20 0.48 0.964
car -1 -1 -1.90 4.11 139.61 211.31 357.34 2.48 1.81 4.73 -8.40 2.06 10.70 -2.56 0.919
car -1 -1 -2.53 399.17 171.71 504.37 215.59 1.46 1.49 2.95 -5.20 1.39 23.80 -2.74 0.892
car -1 -1 -2.31 87.88 182.29 298.03 288.46 1.46 1.49 2.95 -6.80 1.72 12.00 -2.83 0.871
car -1 -1 -1.63 635.05 174.93 661.47 198.82 1.46 1.49 2.95 2.60 1.72 48.00 -1.58 0.844
car -1 -1 -1.61 497.95 174.37 546.22 202.65 1.46 1.49 2.95 -5.00 1.72 42.20 -1.73 0.702
car -1 -1 -1.59 186.68 178.02 442.60 258.24 1.54 1.62 3.91 -5.70 1.72 14.30 -1.97 0.396
car -1 -1 -0.66 419.86 168.74 464.41 201.20 2.48 1.81 4.73 -11.60 2.06 50.90 -0.89 0.372
car -1 -1 -1.64 857.65 172.46 1233.41 374.00 1.46 1.49 2.95 3.00 1.39 5.80 -1.16 0.357
car -1 -1 0.29 518.37 174.16 556.98 194.57 1.46 1.49 2.95 -5.20 1.72 55.00 0.20 0.076
car -1 -1 -2.03 457.41 175.37 537.31 207.86 1.54 1.62 3.91 -5.10 1.72 33.70 -2.18 0.055
