car -1 -1 1.80 320.67 188.14 458.92 269.07 1.54 1.62 3.91 -4.30 1.72 14.70 1.51 1.000
car -1 -1 -1.78 788.17 186.04 1003.72 314.54 1.54 1.62 3.91 3.90 1.72 10.50 -1.42 1.000
car -1 -1 -1.89 738.77 183.74 853.04 257.39 1.46 1.49 2.95 3.80 1.72 15.40 -1.65 0.999
car -1 -1 -1.66 703.76 180.17 793.11 235.32 1.54 1.62 3.91 3.90 1.72 20.70 -1.47 0.999
car -1 -1 1.61 532.37 177.18 567.42 205.50 1.46 1.49 2.95 -3.00 1.72 37.00 1.53 0.999
car -1 -1 1.74 411.37 184.17 498.25 240.87 1.54 1.62 3.91 -4.30 1.72 20.70 1.54 0.999
car -1 -1 1.51 461.31 184.71 521.20 225.49 1.54 1.62 3.91 -4.90 2.06 30.50 1.35 0.993
car -1 -1 -1.59 688.14 179.72 743.43 220.41 1.46 1.49 2.95 4.20 1.72 28.40 -1.45 0.975
car -1 -1 -1.65 905.35 180.76 1240.45 374.00 1.54 1.62 3.91 5.30 1.72 7.30 -1.02 0.801
car -1 -1 -1.65 681.16 178.30 718.63 208.52 1.46 1.49 2.95 4.80 2.06 39.80 -1.53 0.394
