car -1 -1 1.38 559.90 178.39 600.43 212.19 1.46 1.49 2.95 -0.80 1.39 30.20 1.35 0.998
pedestrian -1 -1 1.39 779.81 168.46 808.17 250.34 1.76 0.66 0.49 4.70 1.46 17.40 1.66 1.000
pedestrian -1 -1 -0.15 688.66 173.74 730.39 284.77 1.77 0.62 0.88 1.80 1.77 11.90 -0.00 1.000
pedestrian -1 -1 1.91 436.74 170.44 466.85 255.20 1.76 0.66 0.49 -3.50 1.77 16.80 1.71 1.000
pedestrian -1 -1 -0.55 722.50 171.74 751.67 277.37 1.76 0.66 0.49 2.30 1.77 12.60 -0.37 0.999
pedestrian -1 -1 -1.80 637.78 168.87 668.71 236.61 1.87 0.84 1.11 1.70 1.77 22.10 -1.72 0.999
pedestrian -1 -1 -1.76 755.25 170.05 780.78 259.19 1.76 0.66 0.49 3.10 1.46 13.60 -1.54 0.998
pedestrian -1 -1 2.18 821.57 165.84 842.52 243.36 1.76 0.66 0.49 5.90 1.46 18.40 2.49 0.875
pedestrian -1 -1 1.81 396.93 176.35 418.86 252.84 1.76 0.66 0.49 -6.10 1.46 22.60 1.54 0.854
pedestrian -1 -1 -0.83 0.00 180.82 81.03 373.00 1.77 0.62 0.88 -6.50 1.77 7.80 -1.52 0.789
pedestrian -1 -1 1.07 677.72 178.89 689.91 218.57 1.41 0.50 1.32 3.60 1.56 31.00 1.19 0.698
pedestrian -1 -1 2.67 836.09 174.19 848.87 216.36 1.41 0.50 1.32 13.20 1.56 39.00 3.00 0.075
pedestrian -1 -1 1.15 684.77 177.92 696.54 223.30 1.68 0.41 1.64 3.30 1.56 26.30 1.27 0.067
pedestrian -1 -1 -1.21 748.33 175.89 764.53 201.37 1.41 0.50 1.32 11.20 1.21 51.80 -1.00 0.051
cyclist -1 -1 1.95 813.60 166.84 843.26 241.28 1.76 0.66 0.49 5.70 1.46 18.40 2.25 0.498
cyclist -1 -1 1.94 0.00 220.03 163.94 367.71 1.41 0.50 1.32 -5.60 2.27 8.00 1.33 0.081
