car -1 -1 -1.98 315.46 194.37 437.03 261.84 1.54 1.62 3.91 -5.50 2.06 17.50 -2.28 1.000
car -1 -1 1.36 778.07 176.99 883.23 237.41 1.54 1.62 3.91 6.30 1.72 20.10 1.66 0.999
car -1 -1 1.77 700.35 178.38 766.74 226.31 1.54 1.62 3.91 3.90 1.72 23.30 1.94 0.980
car -1 -1 -1.93 439.16 170.68 710.64 310.07 1.46 1.49 2.95 -0.40 1.39 9.40 -1.97 0.968
car -1 -1 -1.60 176.16 190.67 253.75 226.06 1.46 1.49 2.95 -16.20 2.06 29.60 -2.10 0.934
car -1 -1 1.67 333.47 183.68 411.42 216.04 1.46 1.49 2.95 -11.00 2.06 33.00 1.34 0.885
car -1 -1 1.93 380.31 181.43 465.96 228.88 1.54 1.62 3.91 -5.70 1.72 22.90 1.69 0.736
car -1 -1 -1.93 593.44 170.98 705.48 302.27 1.54 1.62 3.91 0.50 1.72 12.50 -1.89 0.515
cyclist -1 -1 -1.71 782.63 183.23 815.04 237.98 1.41 0.50 1.32 5.00 1.91 19.00 -1.46 0.797
cyclist -1 -1 0.03 956.80 167.64 974.75 196.28 1.76 0.66 0.49 19.90 1.46 40.20 0.49 0.052
