car -1 -1 -0.06 225.06 180.84 436.14 264.52 1.54 1.62 3.91 -5.70 1.72 15.10 -0.42 0.999
car -1 -1 -2.09 711.35 177.11 791.45 211.30 1.54 1.62 3.91 6.10 1.72 32.90 -1.91 0.998
car -1 -1 -2.06 768.68 178.45 1122.26 372.35 1.54 1.62 3.91 2.70 1.39 7.10 -1.70 0.992
car -1 -1 -1.97 367.32 173.13 494.15 226.44 1.54 1.62 3.91 -5.70 1.72 23.10 -2.21 0.981
car -1 -1 -1.02 625.26 176.41 659.87 202.14 1.46 1.49 2.95 2.00 1.72 40.80 -0.97 0.914
car -1 -1 -1.51 7.44 165.67 253.58 362.39 1.46 1.49 2.95 -4.40 1.39 6.40 -2.12 0.626
car -1 -1 -1.70 437.07 166.74 518.98 205.14 2.48 1.81 4.73 -8.30 2.06 46.80 -1.88 0.619
car -1 -1 -1.86 69.90 179.08 336.43 286.12 1.54 1.62 3.91 -6.30 1.72 11.70 -2.35 0.439
car -1 -1 -1.15 304.13 179.21 462.73 237.05 1.54 1.62 3.91 -5.70 1.72 18.70 -1.44 0.093
car -1 -1 1.44 8.35 179.20 224.68 250.45 1.54 1.62 3.91 -11.30 1.72 16.90 0.85 0.079
pedestrian -1 -1 -1.05 245.31 180.95 271.85 273.78 1.76 0.66 0.49 -8.50 2.08 17.40 -1.51 0.109
