car -1 -1 -1.34 449.83 173.90 527.04 226.12 1.54 1.62 3.91 -4.10 1.39 24.50 -1.50 0.996
car -1 -1 -0.90 475.15 172.44 511.61 202.91 2.48 1.81 4.73 -8.00 1.72 51.10 -1.06 0.199
pedestrian -1 -1 -1.32 522.02 158.86 545.94 206.60 1.87 0.84 1.11 -3.30 1.15 33.30 -1.42 0.996
pedestrian -1 -1 -1.16 394.71 163.94 413.85 213.49 1.77 0.62 0.88 -9.90 1.15 35.00 -1.43 0.995
pedestrian -1 -1 0.66 822.88 147.20 845.75 197.16 1.76 0.66 0.49 7.10 0.84 22.00 0.97 0.906
pedestrian -1 -1 -0.43 424.06 160.70 440.89 208.57 1.87 0.84 1.11 -10.10 1.15 41.70 -0.67 0.348
pedestrian -1 -1 -0.44 277.83 174.72 291.13 216.13 1.76 0.66 0.49 -17.40 1.77 38.50 -0.87 0.082
cyclist -1 -1 -1.76 305.18 169.33 356.70 220.66 1.87 0.84 1.11 -9.50 1.46 24.90 -2.12 0.991
cyclist -1 -1 0.53 810.84 150.87 857.87 199.58 1.75 0.62 1.83 10.40 0.85 32.00 0.84 0.929
cyclist -1 -1 0.19 748.95 157.20 792.95 199.79 1.75 0.62 1.83 7.60 0.85 33.40 0.41 0.404
