car -1 -1 -1.21 112.30 183.66 431.31 364.59 1.54 1.62 3.91 -3.10 1.72 7.30 -1.61 1.000
car -1 -1 0.36 197.65 196.51 285.05 243.14 1.46 1.49 2.95 -12.80 2.06 25.20 -0.11 0.307
pedestrian -1 -1 -1.39 0.00 172.37 39.53 280.34 1.77 0.62 0.88 -10.60 1.77 12.50 -2.09 1.000
pedestrian -1 -1 -2.38 58.97 183.88 98.91 266.73 1.76 0.66 0.49 -12.00 2.08 16.10 -3.02 1.000
pedestrian -1 -1 0.38 391.52 156.13 444.72 249.38 1.87 0.84 1.11 -5.30 1.46 20.30 0.13 0.982
pedestrian -1 -1 2.05 141.16 181.95 163.52 256.24 1.76 0.66 0.49 -13.60 1.77 21.30 1.48 0.971
pedestrian -1 -1 0.72 338.38 165.05 363.24 250.87 1.76 0.66 0.49 -5.90 1.46 16.60 0.38 0.961
pedestrian -1 -1 0.32 116.90 177.90 154.58 259.68 1.77 0.62 0.88 -9.50 1.77 14.20 -0.27 0.626
pedestrian -1 -1 0.67 182.93 157.13 207.67 245.99 1.76 0.66 0.49 -10.50 1.46 18.00 0.14 0.548
pedestrian -1 -1 0.45 626.39 156.24 666.53 248.09 1.68 0.41 1.64 1.30 2.27 23.70 0.51 0.165
cyclist -1 -1 -1.56 923.26 149.66 948.28 206.76 1.76 0.66 0.49 11.10 0.84 23.80 -1.13 0.996
cyclist -1 -1 1.24 958.92 148.25 1000.49 194.49 1.76 0.66 0.49 10.40 0.84 19.50 1.73 0.887
