car -1 -1 1.92 34.82 197.29 349.52 327.31 1.54 1.62 3.91 -5.90 2.06 10.50 1.41 1.000
car -1 -1 1.69 405.59 176.32 480.35 226.28 1.54 1.62 3.91 -5.50 1.72 23.70 1.47 0.999
car -1 -1 -1.20 686.88 173.92 770.80 233.94 1.54 1.62 3.91 3.10 1.39 19.50 -1.04 0.995
car -1 -1 1.61 453.45 177.12 500.82 213.15 1.46 1.49 2.95 -6.00 1.72 33.40 1.44 0.994
car -1 -1 -1.91 746.60 178.97 979.18 297.99 1.54 1.62 3.91 3.30 1.72 10.50 -1.60 0.987
car -1 -1 -1.36 668.96 172.33 740.14 216.57 1.54 1.62 3.91 2.90 1.39 22.90 -1.23 0.954
car -1 -1 0.52 892.45 179.09 1241.00 371.74 1.46 1.49 2.95 4.40 1.72 7.60 1.05 0.375
car -1 -1 -0.92 771.42 182.34 936.65 238.86 1.54 1.62 3.91 6.50 1.72 20.30 -0.61 0.178
car -1 -1 1.32 238.00 182.49 301.33 211.06 1.54 1.62 3.91 -18.90 2.06 40.30 0.88 0.067
pedestrian -1 -1 -0.45 720.55 152.04 732.38 200.15 1.76 0.66 0.49 4.70 1.15 28.80 -0.29 0.290
cyclist -1 -1 0.84 783.77 168.74 802.48 210.18 1.76 0.66 0.49 7.30 1.46 28.80 1.08 0.107
