car -1 -1 -1.67 670.37 178.88 747.75 230.81 1.54 1.62 3.91 2.70 1.72 20.90 -1.54 0.999
car -1 -1 -2.02 745.77 180.97 967.00 326.39 1.54 1.62 3.91 2.90 1.72 9.30 -1.72 0.998
car -1 -1 -2.53 130.45 167.40 385.68 274.91 1.46 1.49 2.95 -5.20 1.39 10.20 -3.00 0.991
car -1 -1 -2.86 359.56 166.70 501.94 218.19 1.54 1.62 3.91 -5.10 1.39 22.30 -3.08 0.986
car -1 -1 -1.69 649.93 171.91 696.21 208.62 1.54 1.62 3.91 2.50 1.39 30.70 -1.61 0.980
car -1 -1 -0.13 272.05 170.32 469.00 230.50 1.54 1.62 3.91 -5.90 1.39 16.90 -0.46 0.910
car -1 -1 -1.79 639.05 169.86 670.43 198.59 1.46 1.49 2.95 2.40 1.39 38.60 -1.73 0.842
car -1 -1 -1.65 6.00 149.74 208.40 346.41 2.48 1.81 4.73 -9.40 2.06 12.30 -2.30 0.755
car -1 -1 -2.93 423.68 169.36 516.11 206.70 1.46 1.49 2.95 -5.60 1.39 29.60 -3.12 0.747
car -1 -1 0.39 30.22 151.12 196.17 223.96 2.48 1.81 4.73 -18.90 1.72 27.60 -0.21 0.168
car -1 -1 -1.82 498.19 168.12 560.71 194.91 1.54 1.62 3.91 -4.30 1.39 41.90 -1.92 0.104
car -1 -1 -2.00 473.86 175.25 518.33 208.57 1.46 1.49 2.95 -4.80 1.72 32.00 -2.15 0.054
