car -1 -1 -1.62 690.54 178.24 810.21 260.88 1.54 1.62 3.91 2.70 1.72 15.10 -1.44 1.000
car -1 -1 -2.26 412.62 166.53 526.63 205.96 1.54 1.62 3.91 -4.90 1.39 25.50 -2.45 0.990
car -1 -1 -1.63 105.76 167.53 327.95 271.87 1.46 1.49 2.95 -5.60 1.39 10.80 -2.11 0.983
car -1 -1 -0.84 675.35 168.72 737.02 195.00 1.46 1.49 2.95 4.80 1.39 36.40 -0.71 0.969
car -1 -1 -2.22 291.57 160.65 486.26 227.27 1.54 1.62 3.91 -5.50 1.39 18.50 -2.51 0.839
car -1 -1 -0.79 7.61 160.55 254.00 361.71 1.46 1.49 2.95 -5.00 1.39 6.80 -1.43 0.833
car -1 -1 -0.25 752.75 176.00 923.35 230.46 1.54 1.62 3.91 6.30 1.72 20.90 0.04 0.766
car -1 -1 -0.57 699.26 168.89 776.72 207.62 1.46 1.49 2.95 5.20 1.39 29.80 -0.40 0.514
car -1 -1 -0.64 170.89 158.72 457.07 249.67 1.54 1.62 3.91 -4.30 1.39 11.30 -1.00 0.303
pedestrian -1 -1 -1.14 883.46 203.35 937.23 341.58 1.41 0.50 1.32 4.00 2.27 10.00 -0.76 0.065
cyclist -1 -1 -0.80 913.44 208.75 1022.97 349.76 1.76 0.66 0.49 4.10 2.08 8.20 -0.33 0.582
