car -1 -1 2.05 121.37 190.54 344.90 298.52 1.46 1.49 2.95 -5.60 1.72 11.00 1.58 0.999
car -1 -1 1.49 475.16 182.45 536.31 225.28 1.54 1.62 3.91 -4.10 2.06 29.30 1.36 0.999
car -1 -1 2.45 702.89 167.50 801.34 199.68 1.54 1.62 3.91 6.30 1.39 32.30 2.64 0.999
car -1 -1 -0.96 510.79 181.60 551.72 211.56 1.46 1.49 2.95 -3.40 1.72 31.40 -1.07 0.999
car -1 -1 1.45 368.03 190.95 439.21 232.19 1.46 1.49 2.95 -6.60 2.06 23.20 1.17 0.993
car -1 -1 1.33 462.09 186.05 504.98 215.61 1.46 1.49 2.95 -6.40 2.06 36.80 1.16 0.992
car -1 -1 -1.05 627.85 179.75 657.91 202.81 1.46 1.49 2.95 1.80 1.72 38.60 -1.00 0.967
car -1 -1 1.56 0.00 187.87 152.32 374.00 1.46 1.49 2.95 -7.00 2.06 8.80 0.88 0.712
pedestrian -1 -1 0.88 1105.74 151.91 1124.23 213.79 1.76 0.66 0.49 20.30 1.46 29.20 1.48 0.065
pedestrian -1 -1 -0.65 676.15 153.10 708.47 217.88 1.87 0.84 1.11 3.30 1.46 29.90 -0.54 0.059
