car -1 -1 -1.83 665.69 178.51 733.99 226.05 1.54 1.62 3.91 3.10 1.72 24.70 -1.71 0.999
car -1 -1 -1.74 725.41 182.73 889.27 298.72 1.54 1.62 3.91 2.90 1.72 11.10 -1.48 0.999
car -1 -1 -0.16 814.27 207.55 1197.87 374.00 1.54 1.62 3.91 3.10 1.72 6.90 0.26 0.994
car -1 -1 -2.99 377.80 169.44 505.32 220.49 1.54 1.62 3.91 -5.50 1.39 21.90 -3.24 0.992
car -1 -1 1.01 13.77 149.04 269.31 364.36 2.48 1.81 4.73 -7.00 2.06 9.50 0.38 0.991
car -1 -1 -2.14 228.97 169.67 404.77 264.70 1.54 1.62 3.91 -5.30 1.39 13.70 -2.51 0.982
car -1 -1 -1.73 647.43 172.27 691.41 209.71 1.46 1.49 2.95 2.00 1.39 25.40 -1.65 0.949
car -1 -1 -0.55 118.26 163.45 366.25 284.93 1.54 1.62 3.91 -5.50 1.39 11.30 -1.01 0.903
car -1 -1 -2.08 466.91 172.86 524.13 210.48 1.54 1.62 3.91 -4.50 1.72 28.70 -2.24 0.608
car -1 -1 -1.51 638.78 171.44 668.88 199.61 1.46 1.49 2.95 2.20 1.39 36.80 -1.45 0.284
car -1 -1 -1.37 267.24 170.74 475.88 229.26 1.54 1.62 3.91 -6.50 1.39 18.50 -1.70 0.150
pedestrian -1 -1 -1.95 1033.90 180.71 1055.28 215.38 1.41 0.50 1.32 18.40 1.91 30.60 -1.41 0.177
