car -1 -1 -1.69 634.55 179.21 676.68 210.73 1.54 1.62 3.91 1.90 1.72 33.10 -1.63 0.998
car -1 -1 -2.28 180.46 162.79 400.12 263.92 1.54 1.62 3.91 -5.70 1.39 13.10 -2.69 0.994
car -1 -1 2.10 758.95 178.90 988.49 252.02 1.54 1.62 3.91 5.50 1.72 15.70 2.44 0.990
car -1 -1 -0.45 833.39 184.55 1103.10 283.84 1.54 1.62 3.91 5.70 1.72 12.30 -0.02 0.990
car -1 -1 -2.00 386.97 178.35 510.56 214.06 1.54 1.62 3.91 -6.30 1.72 27.90 -2.22 0.985
car -1 -1 -1.10 937.71 186.18 1217.54 333.64 1.54 1.62 3.91 6.50 1.72 9.90 -0.52 0.978
car -1 -1 -2.01 0.80 180.90 270.72 345.16 1.54 1.62 3.91 -5.70 1.72 8.50 -2.60 0.947
car -1 -1 -1.59 621.20 176.12 649.94 199.35 1.54 1.62 3.91 1.70 1.72 44.30 -1.55 0.553
car -1 -1 2.12 736.97 174.81 865.14 239.99 1.54 1.62 3.91 4.30 1.39 17.30 2.36 0.280
car -1 -1 -1.41 455.12 177.16 534.93 206.23 1.54 1.62 3.91 -5.90 1.72 37.50 -1.56 0.164
pedestrian -1 -1 -0.22 776.19 183.59 797.37 233.77 1.41 0.50 1.32 5.80 1.91 24.00 0.01 0.134
cyclist -1 -1 1.31 517.24 176.69 537.48 217.22 1.41 0.50 1.32 -3.20 1.56 28.20 1.20 0.999
