pedestrian -1 -1 1.85 382.88 186.83 437.18 334.07 1.76 0.66 0.49 -2.40 1.77 8.90 1.59 1.000
pedestrian -1 -1 0.83 331.04 177.99 367.12 308.13 1.76 0.66 0.49 -3.70 1.77 10.80 0.50 1.000
pedestrian -1 -1 -0.92 583.44 169.63 601.11 239.36 1.76 0.66 0.49 -0.30 1.46 17.80 -0.94 0.997
pedestrian -1 -1 1.40 475.84 183.45 509.44 270.45 1.76 0.66 0.49 -2.10 1.77 14.80 1.26 0.995
pedestrian -1 -1 -0.79 889.83 167.05 927.92 268.96 1.76 0.66 0.49 6.70 2.08 15.80 -0.39 0.985
pedestrian -1 -1 0.62 624.00 173.29 636.26 212.01 1.75 0.62 1.83 1.40 1.56 35.00 0.66 0.285
pedestrian -1 -1 0.89 603.78 171.25 615.98 216.01 1.75 0.62 1.83 0.40 1.56 33.00 0.90 0.274
pedestrian -1 -1 0.80 564.83 169.55 578.19 222.44 1.75 0.62 1.83 -1.20 1.56 27.80 0.75 0.069
cyclist -1 -1 1.02 454.54 180.23 520.45 274.01 1.41 0.50 1.32 -2.20 1.56 14.60 0.87 0.961
cyclist -1 -1 -0.13 675.48 166.57 729.78 239.48 1.75 0.62 1.83 2.60 1.56 19.80 -0.00 0.392
cyclist -1 -1 -1.31 881.83 171.35 942.41 273.67 1.75 0.62 1.83 5.80 1.56 13.80 -0.91 0.293
cyclist -1 -1 1.22 310.86 185.01 387.33 297.15 1.41 0.50 1.32 -4.20 1.56 11.60 0.88 0.091
