car -1 -1 -1.85 736.37 182.61 923.90 319.22 1.54 1.62 3.91 2.70 1.72 10.50 -1.60 0.999
car -1 -1 -1.90 679.78 179.06 771.70 254.13 1.54 1.62 3.91 2.50 1.72 16.50 -1.75 0.999
car -1 -1 1.70 38.07 180.70 388.28 374.00 1.54 1.62 3.91 -3.90 1.72 7.30 1.21 0.999
car -1 -1 1.62 436.92 180.06 510.53 232.24 1.54 1.62 3.91 -3.90 1.72 21.10 1.43 0.998
car -1 -1 -1.74 628.29 175.95 684.90 218.72 1.54 1.62 3.91 1.70 1.72 28.10 -1.68 0.995
car -1 -1 -1.70 646.38 177.69 723.17 232.16 1.54 1.62 3.91 2.10 1.72 22.10 -1.61 0.989
car -1 -1 1.69 495.82 180.00 530.56 207.25 1.46 1.49 2.95 -5.80 2.06 44.00 1.56 0.947
car -1 -1 0.12 821.49 203.29 1241.00 373.96 1.54 1.62 3.91 4.30 2.06 8.10 0.61 0.907
car -1 -1 1.68 470.74 181.01 518.61 217.43 1.46 1.49 2.95 -5.00 1.72 31.00 1.52 0.875
car -1 -1 -1.57 619.43 175.80 655.51 208.51 1.54 1.62 3.91 1.30 1.72 36.90 -1.53 0.827
