car -1 -1 -1.92 816.70 189.46 1082.31 374.00 1.46 1.49 2.95 3.40 1.72 8.00 -1.52 0.999
car -1 -1 1.60 454.08 173.74 553.94 267.33 1.54 1.62 3.91 -2.30 1.72 15.30 1.45 0.998
car -1 -1 1.63 551.83 186.98 595.42 217.68 1.54 1.62 3.91 -1.50 2.06 31.90 1.58 0.994
car -1 -1 1.76 0.00 203.47 433.68 374.00 1.54 1.62 3.91 -4.50 2.06 8.10 1.25 0.993
car -1 -1 0.87 707.48 195.32 782.45 247.92 1.46 1.49 2.95 3.60 2.06 20.40 1.05 0.993
car -1 -1 1.32 748.61 195.21 861.15 281.79 1.54 1.62 3.91 3.70 2.06 15.10 1.56 0.990
car -1 -1 -1.36 670.49 188.14 712.43 217.41 1.46 1.49 2.95 3.40 2.06 31.60 -1.25 0.700
car -1 -1 -1.45 687.61 192.34 733.18 226.72 1.46 1.49 2.95 3.80 2.06 27.60 -1.31 0.563
car -1 -1 1.66 491.14 187.16 561.03 246.78 1.54 1.62 3.91 -2.50 2.06 22.90 1.55 0.242
car -1 -1 -1.63 763.89 188.83 984.63 304.61 1.46 1.49 2.95 3.80 1.72 10.60 -1.29 0.065
pedestrian -1 -1 1.99 819.74 206.25 868.13 327.07 1.76 0.66 0.49 3.00 2.08 9.30 2.30 0.915
