car -1 -1 -0.16 6.13 213.35 244.38 324.66 1.46 1.49 2.95 -6.20 1.72 9.60 -0.73 0.069
pedestrian -1 -1 -1.87 265.15 166.63 308.74 314.68 1.76 0.66 0.49 -4.80 1.77 10.90 -2.28 0.999
pedestrian -1 -1 -1.55 723.61 162.04 741.85 218.07 1.76 0.66 0.49 4.50 1.15 24.60 -1.36 0.998
pedestrian -1 -1 -2.23 676.38 164.11 712.70 294.91 1.76 0.66 0.49 1.30 1.77 10.40 -2.11 0.990
pedestrian -1 -1 -1.52 618.63 158.86 654.73 293.29 1.75 0.62 1.83 0.80 1.56 15.00 -1.47 0.949
pedestrian -1 -1 -0.00 704.66 158.69 725.77 217.40 1.76 0.66 0.49 3.30 1.15 21.20 0.15 0.724
pedestrian -1 -1 -0.39 447.13 166.04 462.11 220.34 1.76 0.66 0.49 -4.50 1.46 22.00 -0.59 0.722
pedestrian -1 -1 2.66 55.84 168.89 91.39 285.16 1.76 0.66 0.49 -11.60 1.46 15.70 2.02 0.631
pedestrian -1 -1 2.11 349.72 167.71 407.74 270.10 1.75 0.62 1.83 -6.00 1.56 20.20 1.82 0.348
cyclist -1 -1 1.39 343.85 152.34 419.74 319.00 1.77 0.62 0.88 -2.90 1.77 10.00 1.11 0.997
cyclist -1 -1 0.90 461.44 166.51 517.33 254.90 1.75 0.62 1.83 -2.60 1.56 16.80 0.75 0.991
cyclist -1 -1 -1.23 641.18 151.06 757.28 285.39 1.75 0.62 1.83 1.80 1.56 10.20 -1.06 0.772
cyclist -1 -1 -1.39 698.20 160.83 755.28 224.24 1.87 0.84 1.11 3.30 1.46 18.30 -1.21 0.420
cyclist -1 -1 1.77 20.72 161.56 133.04 332.53 1.75 0.62 1.83 -6.20 1.56 7.80 1.10 0.061
cyclist -1 -1 0.01 439.77 172.45 463.81 222.06 1.68 0.41 1.64 -4.70 1.56 22.30 -0.20 0.058
