car -1 -1 1.71 396.84 185.03 481.29 237.28 1.46 1.49 2.95 -4.80 1.72 20.40 1.48 0.999
car -1 -1 1.91 0.00 188.96 275.56 374.00 1.46 1.49 2.95 -5.00 1.72 7.20 1.30 0.999
car -1 -1 -1.70 638.67 176.36 668.43 200.55 1.54 1.62 3.91 2.70 1.72 45.70 -1.64 0.996
car -1 -1 -0.39 888.62 187.02 1231.08 370.19 1.54 1.62 3.91 5.10 1.72 8.30 0.16 0.359
car -1 -1 1.67 504.42 180.19 538.39 205.86 1.54 1.62 3.91 -5.70 2.06 47.30 1.55 0.209
car -1 -1 -0.03 984.57 181.51 1126.78 239.93 1.46 1.49 2.95 11.00 1.72 18.00 0.52 0.192
pedestrian -1 -1 1.62 476.76 173.26 492.36 232.29 1.41 0.50 1.32 -4.80 1.56 28.40 1.45 0.153
pedestrian -1 -1 1.60 435.84 174.50 456.27 257.93 1.76 0.66 0.49 -5.80 1.77 25.30 1.38 0.061
pedestrian -1 -1 -0.99 706.27 159.47 717.90 208.42 1.75 0.62 1.83 4.80 1.56 34.40 -0.85 0.053
cyclist -1 -1 1.53 428.52 172.20 464.83 262.44 1.76 0.66 0.49 -3.40 2.08 14.90 1.31 0.999
cyclist -1 -1 1.15 465.32 169.69 497.34 258.44 1.75 0.62 1.83 -2.80 1.91 16.40 0.98 0.999
