car -1 -1 -0.73 0.00 117.93 309.08 361.27 2.48 1.81 4.73 -5.40 1.72 8.70 -1.28 0.274
car -1 -1 -1.54 344.73 185.98 463.88 244.50 1.46 1.49 2.95 -5.60 1.72 19.60 -1.82 0.178
pedestrian -1 -1 0.09 672.26 149.45 716.27 291.06 1.76 0.66 0.49 1.20 1.46 9.70 0.21 1.000
pedestrian -1 -1 0.39 603.48 159.63 656.50 291.07 1.76 0.66 0.49 0.30 1.46 9.20 0.42 1.000
pedestrian -1 -1 1.70 550.78 140.08 578.25 231.02 1.76 0.66 0.49 -0.70 0.84 13.20 1.64 1.000
pedestrian -1 -1 1.19 496.12 136.82 539.64 231.94 1.77 0.62 0.88 -1.60 1.15 13.10 1.07 0.997
pedestrian -1 -1 1.34 533.10 137.56 559.30 227.98 1.76 0.66 0.49 -1.30 1.15 15.80 1.26 0.991
pedestrian -1 -1 1.44 451.46 145.06 469.78 200.30 1.76 0.66 0.49 -3.90 0.84 19.20 1.24 0.989
pedestrian -1 -1 1.86 477.06 139.97 517.02 212.45 1.87 0.84 1.11 -2.90 0.84 17.30 1.69 0.714
pedestrian -1 -1 -2.25 282.09 133.15 314.41 245.27 1.76 0.66 0.49 -5.70 1.15 13.20 -2.66 0.675
pedestrian -1 -1 -1.75 662.52 140.10 684.51 236.43 1.68 0.41 1.64 2.10 1.21 22.10 -1.66 0.419
pedestrian -1 -1 -0.07 231.79 119.27 283.45 291.39 1.76 0.66 0.49 -4.30 1.46 8.80 -0.53 0.142
pedestrian -1 -1 0.72 470.08 145.51 486.46 200.62 1.87 0.84 1.11 -6.30 1.15 35.50 0.54 0.106
pedestrian -1 -1 1.40 380.50 145.32 397.27 189.57 1.76 0.66 0.49 -6.30 0.84 20.80 1.10 0.056
pedestrian -1 -1 1.41 400.41 141.54 418.92 196.76 1.76 0.66 0.49 -5.10 0.84 18.40 1.14 0.053
cyclist -1 -1 0.41 407.50 146.65 441.92 205.08 1.87 0.84 1.11 -5.50 0.84 21.90 0.17 0.842
cyclist -1 -1 1.52 592.78 147.54 609.85 195.71 1.76 0.66 0.49 -0.10 0.84 21.00 1.52 0.149
cyclist -1 -1 1.43 338.08 147.32 416.40 192.59 1.75 0.62 1.83 -6.00 0.85 18.60 1.12 0.109
cyclist -1 -1 1.26 431.96 145.57 482.40 242.55 1.68 0.41 1.64 -2.30 1.21 11.30 1.06 0.070
