car -1 -1 -1.03 716.53 182.52 862.06 279.17 1.54 1.62 3.91 3.10 1.72 13.50 -0.81 1.000
car -1 -1 -1.70 652.77 172.97 701.63 211.44 1.54 1.62 3.91 2.50 1.39 27.90 -1.62 0.999
car -1 -1 1.60 525.81 174.19 572.93 217.54 1.54 1.62 3.91 -2.30 1.72 28.10 1.52 0.999
car -1 -1 0.60 9.28 179.26 374.52 306.01 1.46 1.49 2.95 -4.60 1.39 8.40 0.10 0.995
car -1 -1 -2.22 315.08 176.66 459.23 233.45 1.46 1.49 2.95 -5.40 1.39 17.80 -2.52 0.961
car -1 -1 0.62 170.56 179.42 419.96 272.52 1.54 1.62 3.91 -5.50 1.72 12.90 0.22 0.939
car -1 -1 -1.62 1.23 182.51 160.06 345.47 1.46 1.49 2.95 -7.60 2.06 9.40 -2.30 0.633
car -1 -1 -1.69 440.45 175.58 522.15 206.68 1.46 1.49 2.95 -6.20 1.72 33.00 -1.88 0.374
car -1 -1 -0.93 485.02 171.96 537.75 205.17 1.46 1.49 2.95 -4.20 1.39 31.40 -1.06 0.072
pedestrian -1 -1 -2.22 218.03 155.56 230.77 196.76 1.76 0.66 0.49 -16.40 1.15 30.70 -2.72 0.062
