car -1 -1 1.35 547.84 178.24 587.74 212.14 1.46 1.49 2.95 -1.40 1.39 31.20 1.30 0.998
car -1 -1 0.79 651.93 177.16 765.52 231.64 1.46 1.49 2.95 3.20 1.39 21.20 0.94 0.328
pedestrian -1 -1 -0.23 660.51 169.86 695.10 270.80 1.76 0.66 0.49 1.50 1.46 13.80 -0.12 1.000
pedestrian -1 -1 2.00 438.63 172.75 464.69 248.62 1.76 0.66 0.49 -3.70 1.77 17.80 1.79 1.000
pedestrian -1 -1 -0.82 702.17 173.32 730.48 268.70 1.76 0.66 0.49 2.10 1.77 14.00 -0.68 1.000
pedestrian -1 -1 -1.86 733.27 167.68 758.03 246.54 1.76 0.66 0.49 3.50 1.46 17.40 -1.66 0.999
pedestrian -1 -1 2.55 777.60 164.51 802.10 239.13 1.68 0.41 1.64 5.10 1.56 19.70 2.80 0.999
pedestrian -1 -1 -1.57 627.20 167.74 647.86 233.50 1.76 0.66 0.49 1.10 1.77 22.00 -1.52 0.997
pedestrian -1 -1 1.86 399.30 174.73 423.09 251.40 1.68 0.41 1.64 -5.10 1.56 19.70 1.61 0.981
pedestrian -1 -1 -0.33 764.10 162.00 783.66 233.27 1.76 0.66 0.49 5.30 1.46 22.20 -0.10 0.737
pedestrian -1 -1 1.17 0.00 237.45 169.12 373.00 1.41 0.50 1.32 -4.00 1.91 4.80 0.48 0.448
pedestrian -1 -1 0.85 99.91 193.65 210.85 350.69 1.76 0.66 0.49 -4.20 1.77 6.70 0.29 0.319
pedestrian -1 -1 -1.47 722.01 166.58 743.93 252.66 1.76 0.66 0.49 2.90 1.46 16.40 -1.29 0.300
pedestrian -1 -1 0.48 1134.75 185.59 1184.12 271.02 1.41 0.50 1.32 12.20 1.56 16.00 1.13 0.219
pedestrian -1 -1 -0.70 751.92 165.24 770.09 237.13 1.76 0.66 0.49 3.90 1.46 17.60 -0.48 0.178
pedestrian -1 -1 -1.68 729.70 173.35 741.25 206.38 1.41 0.50 1.32 8.40 1.21 45.00 -1.49 0.056
cyclist -1 -1 0.90 0.00 198.17 289.70 341.04 1.75 0.62 1.83 -2.40 1.56 4.00 0.36 0.058
