car -1 -1 -1.73 718.45 189.52 905.48 309.65 1.54 1.62 3.91 2.70 1.72 10.70 -1.49 1.000
car -1 -1 -1.76 662.47 178.18 738.06 234.26 1.54 1.62 3.91 2.70 1.72 21.90 -1.64 1.000
car -1 -1 -0.02 0.00 191.38 280.84 327.82 1.54 1.62 3.91 -6.50 1.72 9.10 -0.64 0.999
car -1 -1 -2.58 134.59 169.76 415.40 270.40 1.54 1.62 3.91 -5.50 1.39 12.30 -3.00 0.994
car -1 -1 -2.68 321.53 183.20 475.19 238.65 1.54 1.62 3.91 -5.70 1.72 19.50 -2.97 0.992
car -1 -1 0.28 635.17 176.75 677.82 209.07 1.54 1.62 3.91 2.30 1.72 35.90 0.34 0.954
car -1 -1 -1.65 652.11 179.86 697.78 223.32 1.46 1.49 2.95 2.40 1.72 26.40 -1.56 0.822
car -1 -1 1.23 630.74 180.09 655.04 202.99 1.54 1.62 3.91 2.10 2.06 48.90 1.28 0.727
car -1 -1 -1.71 450.26 175.60 534.54 209.46 1.54 1.62 3.91 -4.70 1.72 30.70 -1.86 0.430
car -1 -1 0.46 492.67 176.04 551.16 202.81 1.46 1.49 2.95 -4.60 1.72 39.40 0.34 0.426
car -1 -1 -1.83 418.23 183.33 506.48 223.11 1.54 1.62 3.91 -6.50 2.06 31.70 -2.03 0.164
