car -1 -1 2.71 845.15 166.85 1163.97 280.91 1.46 1.49 2.95 4.80 1.39 9.20 3.19 1.000
car -1 -1 -2.32 341.50 170.20 490.25 225.69 1.54 1.62 3.91 -5.70 1.39 20.30 -2.59 0.997
car -1 -1 -1.15 635.50 150.69 685.79 203.49 2.48 1.81 4.73 2.40 1.39 33.90 -1.08 0.997
car -1 -1 -2.49 78.21 186.44 282.26 286.79 1.46 1.49 2.95 -6.60 1.72 11.60 -3.01 0.986
car -1 -1 -2.16 252.94 179.54 440.01 239.44 1.54 1.62 3.91 -7.30 1.72 20.10 -2.51 0.986
car -1 -1 -1.97 438.75 173.98 522.96 204.73 1.54 1.62 3.91 -6.70 1.72 38.30 -2.15 0.777
car -1 -1 0.27 7.46 170.33 228.34 338.07 1.46 1.49 2.95 -6.00 1.39 7.80 -0.38 0.366
car -1 -1 -1.43 484.04 174.62 535.02 201.12 1.54 1.62 3.91 -5.50 1.72 40.50 -1.56 0.291
car -1 -1 -1.74 659.91 140.29 753.14 231.18 2.48 1.81 4.73 2.40 1.72 20.70 -1.62 0.237
pedestrian -1 -1 -1.53 415.54 170.75 431.38 209.12 1.41 0.50 1.32 -8.40 1.56 32.60 -1.78 0.058
