car -1 -1 -0.80 0.00 190.68 88.00 254.17 1.46 1.49 2.95 -14.40 1.72 17.40 -1.49 0.306
pedestrian -1 -1 -1.45 443.74 160.51 469.28 242.43 1.77 0.62 0.88 -3.60 1.46 17.90 -1.65 1.000
pedestrian -1 -1 -0.93 686.00 157.48 712.10 231.57 1.75 0.62 1.83 3.20 1.21 22.60 -0.78 0.997
pedestrian -1 -1 -0.22 660.78 160.55 683.52 230.11 1.87 0.84 1.11 2.90 1.15 27.70 -0.12 0.943
pedestrian -1 -1 1.41 56.76 172.35 95.24 274.96 1.76 0.66 0.49 -11.50 1.77 15.60 0.77 0.860
pedestrian -1 -1 0.55 914.97 200.25 973.21 321.52 1.76 0.66 0.49 6.20 2.08 12.90 0.99 0.297
pedestrian -1 -1 1.73 600.39 158.42 613.57 205.59 1.76 0.66 0.49 0.30 1.15 31.00 1.74 0.066
cyclist -1 -1 1.32 593.37 159.01 619.31 207.46 1.87 0.84 1.11 0.30 1.15 31.10 1.33 1.000
cyclist -1 -1 -0.29 719.00 151.66 755.94 208.05 1.87 0.84 1.11 4.10 1.15 21.90 -0.10 0.430
cyclist -1 -1 -1.58 679.18 160.72 723.36 223.50 1.75 0.62 1.83 4.20 1.21 31.00 -1.44 0.147
cyclist -1 -1 0.14 525.22 163.25 549.45 203.31 1.87 0.84 1.11 -3.70 1.15 40.70 0.05 0.140
cyclist -1 -1 0.79 756.65 184.76 809.42 299.06 1.68 0.41 1.64 3.10 1.91 12.10 1.04 0.084
cyclist -1 -1 -1.65 430.32 165.38 480.42 237.45 1.75 0.62 1.83 -5.80 1.56 28.00 -1.86 0.065
