car -1 -1 1.81 263.87 189.43 429.98 286.93 1.46 1.49 2.95 -4.20 1.72 11.80 1.47 1.000
car -1 -1 -1.81 751.44 179.20 885.88 270.91 1.54 1.62 3.91 3.90 1.72 13.90 -1.53 1.000
car -1 -1 -1.72 819.60 180.99 1136.98 355.49 1.54 1.62 3.91 3.70 1.72 8.10 -1.29 0.999
car -1 -1 1.74 383.03 182.87 484.15 250.51 1.46 1.49 2.95 -4.20 1.72 18.00 1.51 0.998
car -1 -1 1.62 523.74 178.92 559.87 205.98 1.54 1.62 3.91 -3.90 2.06 41.70 1.53 0.998
car -1 -1 -1.74 710.13 178.24 809.03 240.46 1.54 1.62 3.91 3.70 1.72 18.30 -1.54 0.996
car -1 -1 1.55 445.81 182.50 508.45 227.43 1.54 1.62 3.91 -5.50 2.06 29.70 1.37 0.995
car -1 -1 -1.57 693.65 178.74 758.41 224.44 1.54 1.62 3.91 4.30 1.72 26.10 -1.40 0.987
car -1 -1 -1.52 680.87 177.00 733.83 209.93 1.54 1.62 3.91 4.50 1.72 34.10 -1.39 0.986
car -1 -1 -1.50 993.69 176.02 1087.27 211.91 1.46 1.49 2.95 17.60 1.72 29.60 -0.97 0.125
pedestrian -1 -1 0.01 897.80 175.01 914.95 249.31 1.76 0.66 0.49 8.00 2.08 19.70 0.40 0.224
cyclist -1 -1 0.99 888.75 180.31 923.47 237.26 1.76 0.66 0.49 11.00 2.08 26.90 1.38 0.219
