car -1 -1 1.95 146.19 199.22 352.37 305.94 1.54 1.62 3.91 -6.10 2.06 12.90 1.50 1.000
car -1 -1 1.81 304.45 196.38 412.04 265.02 1.46 1.49 2.95 -6.00 2.06 17.20 1.48 0.999
car -1 -1 1.86 443.72 187.15 497.75 224.29 1.46 1.49 2.95 -5.80 2.06 30.60 1.68 0.999
car -1 -1 1.89 381.95 188.10 457.70 238.87 1.46 1.49 2.95 -6.00 2.06 23.40 1.64 0.998
car -1 -1 1.99 0.00 211.23 193.52 374.00 1.46 1.49 2.95 -6.00 2.06 8.40 1.37 0.988
car -1 -1 -1.45 659.96 175.46 706.94 214.43 1.54 1.62 3.91 3.10 1.72 32.10 -1.35 0.969
car -1 -1 1.78 474.74 184.33 511.86 214.98 1.46 1.49 2.95 -6.00 2.06 37.80 1.62 0.938
car -1 -1 3.17 854.13 145.43 1040.51 209.03 2.48 1.81 4.73 12.50 1.39 26.20 3.62 0.918
car -1 -1 -1.24 645.34 177.30 680.18 204.05 1.46 1.49 2.95 3.00 1.72 40.40 -1.17 0.867
car -1 -1 2.67 814.89 156.70 894.66 203.25 2.48 1.81 4.73 13.20 1.72 39.50 2.99 0.057
cyclist -1 -1 0.58 541.51 165.52 555.59 195.41 1.87 0.84 1.11 -3.50 1.46 41.70 0.49 0.125
