car -1 -1 -1.71 711.57 186.00 830.12 274.68 1.54 1.62 3.91 2.90 1.72 14.10 -1.51 1.000
car -1 -1 -1.56 215.92 177.65 445.58 254.65 1.54 1.62 3.91 -5.90 1.72 14.90 -1.94 0.993
car -1 -1 -2.45 369.53 174.19 501.81 222.23 1.54 1.62 3.91 -5.70 1.72 23.50 -2.69 0.972
car -1 -1 -1.63 636.08 179.26 666.27 204.14 1.46 1.49 2.95 2.20 1.72 39.20 -1.58 0.963
car -1 -1 -1.60 83.57 183.92 405.85 297.26 1.54 1.62 3.91 -5.70 1.72 10.90 -2.08 0.954
car -1 -1 0.32 762.35 176.20 955.25 241.81 1.54 1.62 3.91 6.50 1.72 18.90 0.65 0.915
car -1 -1 -0.51 697.30 176.32 773.05 213.25 1.46 1.49 2.95 5.60 1.72 32.00 -0.34 0.865
car -1 -1 -1.79 468.49 179.04 532.97 211.66 1.46 1.49 2.95 -4.80 1.72 32.00 -1.94 0.835
car -1 -1 -1.52 494.80 178.93 544.73 202.13 1.46 1.49 2.95 -6.20 2.06 50.20 -1.64 0.549
car -1 -1 1.65 712.07 179.96 832.89 222.65 1.54 1.62 3.91 5.70 1.72 24.50 1.88 0.065
cyclist -1 -1 0.78 559.93 173.43 580.16 202.44 1.41 0.50 1.32 -2.20 1.91 42.60 0.73 0.705
