car -1 -1 -1.70 679.50 181.15 753.89 238.76 1.54 1.62 3.91 2.90 1.72 20.10 -1.55 1.000
car -1 -1 -1.78 818.85 166.74 1241.00 374.00 1.54 1.62 3.91 3.30 1.39 6.90 -1.34 0.994
car -1 -1 -2.21 361.75 177.60 495.74 225.82 1.54 1.62 3.91 -5.70 1.72 23.10 -2.46 0.991
car -1 -1 -1.30 277.94 174.49 468.39 248.02 1.54 1.62 3.91 -5.70 1.72 17.10 -1.62 0.986
car -1 -1 -0.98 0.00 152.21 235.41 370.73 1.46 1.49 2.95 -5.20 1.39 6.80 -1.63 0.978
car -1 -1 0.28 736.27 172.84 860.32 223.22 1.46 1.49 2.95 4.80 1.39 19.80 0.52 0.953
car -1 -1 -2.73 408.94 171.27 521.35 210.15 1.46 1.49 2.95 -5.00 1.39 26.40 -2.92 0.676
car -1 -1 -1.71 634.16 175.24 660.89 199.04 1.46 1.49 2.95 2.60 1.72 47.00 -1.65 0.527
car -1 -1 -1.67 499.15 176.57 548.46 204.09 1.46 1.49 2.95 -4.60 1.72 40.00 -1.79 0.517
car -1 -1 -2.55 135.50 183.79 326.06 281.19 1.46 1.49 2.95 -6.60 1.72 13.20 -3.01 0.473
car -1 -1 -0.67 203.26 184.08 404.78 260.88 1.46 1.49 2.95 -7.00 1.72 16.00 -1.08 0.155
cyclist -1 -1 -1.81 793.02 246.03 866.87 346.23 1.41 0.50 1.32 2.80 2.27 9.80 -1.53 0.896
