car -1 -1 -0.06 0.00 195.85 319.13 356.43 1.54 1.62 3.91 -4.50 1.72 8.10 -0.57 0.170
car -1 -1 -1.43 344.05 184.47 462.96 244.78 1.46 1.49 2.95 -5.60 1.72 19.60 -1.71 0.108
pedestrian -1 -1 -1.89 720.29 146.42 763.31 245.97 1.75 0.62 1.83 2.40 1.21 13.00 -1.71 1.000
pedestrian -1 -1 -0.03 561.04 149.83 595.37 252.84 1.87 0.84 1.11 -0.50 1.46 13.90 -0.07 1.000
pedestrian -1 -1 1.00 474.63 140.47 500.17 218.48 1.76 0.66 0.49 -2.70 0.84 15.60 0.83 0.999
pedestrian -1 -1 0.93 596.04 142.32 626.54 254.03 1.76 0.66 0.49 0.10 1.46 13.40 0.94 0.999
pedestrian -1 -1 1.76 531.84 142.65 556.21 220.12 1.76 0.66 0.49 -1.30 1.15 15.80 1.68 0.992
pedestrian -1 -1 1.67 448.17 139.70 469.65 212.64 1.76 0.66 0.49 -4.30 0.84 21.00 1.47 0.986
pedestrian -1 -1 1.58 509.98 141.44 545.05 216.88 1.77 0.62 0.88 -1.90 0.84 16.40 1.47 0.961
pedestrian -1 -1 -1.91 272.47 129.65 310.76 248.64 1.76 0.66 0.49 -5.90 1.15 13.20 -2.33 0.760
pedestrian -1 -1 1.53 623.14 146.01 635.90 196.23 1.76 0.66 0.49 0.90 0.84 24.20 1.57 0.351
pedestrian -1 -1 1.29 652.99 139.71 669.57 198.80 1.76 0.66 0.49 2.00 0.84 23.30 1.38 0.242
pedestrian -1 -1 -0.38 358.34 148.09 378.84 190.91 1.87 0.84 1.11 -11.90 0.84 35.50 -0.70 0.055
cyclist -1 -1 2.42 390.82 144.40 430.10 202.40 1.87 0.84 1.11 -7.30 0.84 26.70 2.15 0.905
cyclist -1 -1 1.39 644.05 140.44 674.20 197.22 1.87 0.84 1.11 1.90 0.84 24.30 1.47 0.705
cyclist -1 -1 1.07 418.20 130.82 487.39 265.84 1.87 0.84 1.11 -2.30 1.46 10.70 0.86 0.394
cyclist -1 -1 0.85 508.07 145.80 544.19 222.13 1.68 0.41 1.64 -1.50 1.21 13.70 0.75 0.346
cyclist -1 -1 -0.35 350.52 150.22 386.78 191.83 1.87 0.84 1.11 -9.30 0.84 27.70 -0.67 0.308
cyclist -1 -1 0.78 422.63 144.69 456.90 202.95 1.87 0.84 1.11 -4.70 0.84 19.50 0.54 0.237
