car -1 -1 1.37 393.22 155.80 490.94 227.34 2.48 1.81 4.73 -5.40 1.72 24.50 1.15 0.994
car -1 -1 1.60 447.95 159.37 503.94 209.33 2.48 1.81 4.73 -6.60 1.39 38.90 1.43 0.793
car -1 -1 1.44 523.36 155.56 566.15 206.07 2.48 1.81 4.73 -2.80 1.39 38.10 1.37 0.754
pedestrian -1 -1 0.14 795.55 154.82 860.50 311.08 1.76 0.66 0.49 2.70 1.46 8.60 0.44 1.000
pedestrian -1 -1 -0.78 622.35 165.84 643.50 242.65 1.76 0.66 0.49 0.90 1.46 20.40 -0.73 1.000
pedestrian -1 -1 -1.56 237.32 167.25 286.08 279.55 1.76 0.66 0.49 -5.00 1.46 10.70 -2.00 1.000
pedestrian -1 -1 -0.70 776.70 151.27 810.20 269.60 1.76 0.66 0.49 3.30 1.46 12.20 -0.44 0.999
pedestrian -1 -1 1.94 366.80 167.59 397.38 266.19 1.76 0.66 0.49 -4.10 1.46 13.20 1.64 0.999
pedestrian -1 -1 2.62 1081.88 132.51 1176.14 326.11 1.76 0.66 0.49 5.80 1.46 7.90 3.25 0.998
pedestrian -1 -1 0.16 723.84 152.82 769.46 317.02 1.68 0.41 1.64 1.90 1.56 9.90 0.35 0.994
pedestrian -1 -1 2.05 688.99 178.37 707.08 231.90 1.76 0.66 0.49 3.30 1.77 24.80 2.18 0.963
pedestrian -1 -1 2.40 718.10 171.26 735.79 245.22 1.76 0.66 0.49 4.30 1.46 24.40 2.58 0.105
pedestrian -1 -1 1.86 333.60 168.32 359.84 276.79 1.76 0.66 0.49 -3.90 1.46 11.00 1.52 0.090
cyclist -1 -1 1.52 350.55 169.83 412.01 255.73 1.75 0.62 1.83 -6.20 1.56 19.20 1.20 0.342
cyclist -1 -1 2.14 322.83 173.83 365.15 247.94 1.87 0.84 1.11 -7.30 1.46 20.50 1.80 0.091
cyclist -1 -1 1.97 1056.53 142.22 1204.90 319.81 1.75 0.62 1.83 6.00 1.56 8.80 2.57 0.070
