car -1 -1 -0.37 654.16 171.56 711.20 217.65 1.46 1.49 2.95 2.40 1.39 23.40 -0.27 1.000
car -1 -1 -1.49 740.19 190.75 986.95 335.68 1.46 1.49 2.95 2.80 1.72 8.40 -1.17 0.999
car -1 -1 -2.24 416.41 167.20 524.23 211.47 1.54 1.62 3.91 -4.90 1.39 25.90 -2.43 0.994
car -1 -1 -1.32 645.77 174.08 682.90 206.69 1.54 1.62 3.91 2.70 1.72 35.10 -1.24 0.796
car -1 -1 -2.10 361.31 174.29 496.98 223.98 1.54 1.62 3.91 -5.50 1.39 21.90 -2.34 0.568
car -1 -1 -2.35 464.24 168.73 535.52 202.50 1.46 1.49 2.95 -4.80 1.39 33.80 -2.49 0.115
car -1 -1 -1.97 502.42 169.90 553.20 196.32 1.46 1.49 2.95 -5.00 1.39 45.00 -2.08 0.089
car -1 -1 -1.74 15.50 170.58 292.86 278.94 1.46 1.49 2.95 -6.20 1.39 10.00 -2.29 0.080
pedestrian -1 -1 -1.75 1159.89 178.92 1190.85 231.57 1.41 0.50 1.32 20.80 1.91 26.80 -1.09 0.432
pedestrian -1 -1 -1.19 451.15 186.85 468.31 230.13 1.41 0.50 1.32 -6.20 2.27 30.00 -1.39 0.164
cyclist -1 -1 -0.36 379.28 188.74 416.57 259.72 1.41 0.50 1.32 -5.20 1.91 17.40 -0.65 0.369
cyclist -1 -1 -0.03 731.20 185.05 770.92 275.68 1.41 0.50 1.32 2.60 1.91 13.40 0.17 0.118
cyclist -1 -1 -2.03 1148.63 182.91 1206.69 231.22 1.68 0.41 1.64 21.30 1.91 26.90 -1.36 0.068
