car -1 -1 -1.63 673.52 182.59 753.86 237.31 1.54 1.62 3.91 2.70 1.72 20.70 -1.50 0.999
car -1 -1 -1.71 761.49 183.45 1023.10 352.59 1.54 1.62 3.91 2.90 1.72 8.90 -1.40 0.999
car -1 -1 -2.68 348.67 167.76 493.67 225.49 1.54 1.62 3.91 -5.70 1.39 20.30 -2.96 0.999
car -1 -1 -2.40 28.82 169.73 373.42 292.61 1.54 1.62 3.91 -5.90 1.39 9.90 -2.94 0.985
car -1 -1 -1.73 651.38 175.59 702.27 216.25 1.46 1.49 2.95 2.60 1.72 29.20 -1.64 0.981
car -1 -1 -0.11 268.36 176.23 455.83 237.40 1.54 1.62 3.91 -6.90 1.72 19.70 -0.45 0.962
car -1 -1 -1.55 639.56 172.57 675.49 203.52 1.46 1.49 2.95 2.20 1.39 32.80 -1.48 0.902
car -1 -1 -2.97 408.95 173.92 517.51 214.21 1.54 1.62 3.91 -5.30 1.72 26.30 -3.17 0.800
car -1 -1 -2.14 489.35 170.21 552.45 201.74 1.46 1.49 2.95 -4.00 1.39 34.20 -2.26 0.489
car -1 -1 -1.78 194.11 173.60 358.96 273.95 1.46 1.49 2.95 -5.40 1.39 12.40 -2.19 0.377
car -1 -1 -2.30 465.55 177.67 515.49 209.66 1.54 1.62 3.91 -5.10 1.72 32.50 -2.45 0.201
