car -1 -1 -0.61 420.21 161.60 525.85 223.64 2.48 1.81 4.73 -6.10 1.72 34.40 -0.79 0.977
car -1 -1 1.48 546.15 165.74 574.58 199.75 2.48 1.81 4.73 -3.00 1.72 52.70 1.42 0.204
car -1 -1 -0.37 481.65 161.84 530.76 211.67 2.48 1.81 4.73 -4.80 1.72 37.90 -0.50 0.053
pedestrian -1 -1 -2.20 441.78 164.71 483.71 263.93 1.77 0.62 0.88 -2.80 1.46 14.50 -2.39 1.000
pedestrian -1 -1 -0.50 690.57 164.08 718.84 239.38 1.76 0.66 0.49 2.70 1.46 19.00 -0.36 1.000
pedestrian -1 -1 1.74 985.32 152.44 1038.63 263.60 1.77 0.62 0.88 7.80 1.15 13.90 2.25 1.000
pedestrian -1 -1 -1.47 774.97 157.09 839.86 344.97 1.76 0.66 0.49 2.10 1.46 7.40 -1.19 1.000
pedestrian -1 -1 1.41 1119.13 132.33 1170.75 281.27 1.76 0.66 0.49 9.10 1.46 12.00 2.06 0.999
pedestrian -1 -1 -1.48 133.16 177.09 189.00 338.55 1.76 0.66 0.49 -5.80 2.08 9.30 -2.04 0.991
pedestrian -1 -1 -1.60 873.70 147.90 938.76 334.48 1.77 0.62 0.88 3.20 1.77 7.70 -1.20 0.988
pedestrian -1 -1 2.02 475.66 173.02 492.36 235.45 1.76 0.66 0.49 -3.70 1.46 23.20 1.86 0.967
pedestrian -1 -1 2.35 718.70 178.65 733.64 225.38 1.76 0.66 0.49 5.60 1.46 31.70 2.53 0.898
pedestrian -1 -1 -0.85 906.80 145.22 958.31 277.60 1.76 0.66 0.49 5.10 1.46 10.80 -0.41 0.869
pedestrian -1 -1 -0.54 423.82 163.97 435.46 218.82 1.76 0.66 0.49 -6.90 1.15 29.00 -0.78 0.404
pedestrian -1 -1 -0.86 50.08 165.02 99.24 316.61 1.76 0.66 0.49 -8.30 1.77 11.40 -1.49 0.305
pedestrian -1 -1 -0.89 115.85 164.22 154.26 287.20 1.76 0.66 0.49 -10.50 1.77 16.00 -1.48 0.233
cyclist -1 -1 -1.01 0.00 168.83 123.15 348.97 1.76 0.66 0.49 -5.80 1.77 7.30 -1.68 0.994
cyclist -1 -1 1.52 470.05 173.41 493.62 238.72 1.76 0.66 0.49 -3.50 1.77 21.20 1.36 0.105
