car -1 -1 -1.65 659.67 178.72 731.10 228.60 1.54 1.62 3.91 2.50 1.72 22.90 -1.54 1.000
car -1 -1 -1.42 535.02 176.13 576.71 209.32 1.54 1.62 3.91 -2.50 1.72 34.30 -1.49 0.999
car -1 -1 -1.83 744.31 182.19 1097.54 374.00 1.54 1.62 3.91 2.70 1.72 7.70 -1.49 0.999
car -1 -1 -1.26 248.42 187.44 495.99 336.23 1.46 1.49 2.95 -3.00 1.72 9.40 -1.56 0.997
car -1 -1 1.02 366.89 186.68 489.31 232.63 1.54 1.62 3.91 -6.50 2.06 25.30 0.77 0.934
car -1 -1 -1.61 646.68 178.61 692.80 213.87 1.46 1.49 2.95 2.40 1.72 28.20 -1.53 0.920
car -1 -1 -0.85 0.00 195.51 402.47 374.00 1.54 1.62 3.91 -3.50 1.72 6.70 -1.33 0.866
car -1 -1 -1.76 635.22 176.92 670.23 208.37 1.46 1.49 2.95 2.40 1.72 39.40 -1.70 0.849
car -1 -1 1.69 420.94 184.79 477.63 221.51 1.46 1.49 2.95 -7.00 2.06 31.40 1.47 0.284
car -1 -1 1.09 371.60 182.52 419.56 211.84 1.46 1.49 2.95 -11.40 2.06 38.20 0.80 0.231
pedestrian -1 -1 -0.85 331.93 165.73 360.15 245.71 1.76 0.66 0.49 -6.60 1.46 18.10 -1.20 1.000
pedestrian -1 -1 -1.19 371.34 166.05 391.03 246.84 1.76 0.66 0.49 -6.30 1.77 19.60 -1.50 0.991
pedestrian -1 -1 -1.55 0.00 189.97 45.84 352.61 1.76 0.66 0.49 -6.10 2.08 7.20 -2.25 0.505
pedestrian -1 -1 0.04 1137.29 205.81 1224.18 353.42 1.41 0.50 1.32 5.60 1.91 6.60 0.74 0.254
