car -1 -1 -1.99 803.76 180.40 1049.13 328.14 1.54 1.62 3.91 4.10 1.72 10.30 -1.61 1.000
car -1 -1 1.67 395.20 184.57 494.53 247.65 1.54 1.62 3.91 -4.10 1.72 18.50 1.45 1.000
car -1 -1 -1.73 720.02 180.37 806.35 236.80 1.54 1.62 3.91 4.30 1.72 20.90 -1.53 1.000
car -1 -1 -1.32 747.51 179.39 886.51 265.67 1.54 1.62 3.91 3.70 1.72 13.70 -1.05 0.999
car -1 -1 -1.70 695.55 178.00 764.55 223.72 1.54 1.62 3.91 4.10 1.72 25.90 -1.54 0.999
car -1 -1 1.48 457.36 180.86 525.16 227.31 1.46 1.49 2.95 -3.60 1.72 22.00 1.32 0.998
car -1 -1 1.59 546.79 176.56 579.29 201.22 1.46 1.49 2.95 -2.80 1.72 42.20 1.53 0.993
car -1 -1 -1.62 683.85 176.81 732.09 210.96 1.54 1.62 3.91 4.50 1.72 33.50 -1.49 0.925
car -1 -1 1.50 494.69 183.09 541.52 215.28 1.54 1.62 3.91 -4.50 2.06 34.70 1.38 0.708
car -1 -1 -1.50 964.87 173.14 1039.86 207.16 1.54 1.62 3.91 19.10 1.72 35.50 -1.01 0.390
