car -1 -1 -1.98 759.53 179.09 940.58 284.42 1.54 1.62 3.91 4.30 1.72 13.30 -1.67 0.999
car -1 -1 -1.99 867.37 188.19 1238.69 373.44 1.54 1.62 3.91 4.10 1.72 7.50 -1.49 0.999
car -1 -1 1.75 433.89 186.05 513.42 237.44 1.54 1.62 3.91 -3.90 1.72 21.10 1.56 0.999
car -1 -1 -1.76 713.61 178.50 785.92 227.55 1.54 1.62 3.91 4.30 1.72 23.10 -1.57 0.998
car -1 -1 -1.58 732.76 180.12 827.74 247.41 1.54 1.62 3.91 4.30 1.72 18.30 -1.35 0.997
car -1 -1 1.60 481.27 183.78 538.97 221.57 1.54 1.62 3.91 -4.10 2.06 31.30 1.47 0.997
car -1 -1 -1.52 692.97 176.91 747.60 217.07 1.54 1.62 3.91 4.70 1.72 30.10 -1.36 0.996
car -1 -1 1.48 510.46 181.44 551.58 212.87 1.46 1.49 2.95 -4.40 2.06 39.80 1.37 0.855
car -1 -1 -1.74 680.65 173.51 724.90 205.49 1.46 1.49 2.95 4.00 1.39 32.20 -1.62 0.811
car -1 -1 1.81 554.32 178.46 591.50 200.86 1.46 1.49 2.95 -2.60 2.06 53.40 1.76 0.554
car -1 -1 -2.08 949.17 171.48 1077.02 207.57 1.54 1.62 3.91 15.30 1.39 27.50 -1.57 0.118
car -1 -1 -2.14 940.22 174.30 999.35 203.00 1.54 1.62 3.91 21.30 1.72 42.70 -1.68 0.089
