car -1 -1 1.47 551.90 177.55 597.50 210.88 1.54 1.62 3.91 -1.10 1.39 31.10 1.43 0.997
car -1 -1 -0.80 697.45 188.57 782.72 251.66 1.54 1.62 3.91 3.70 1.72 19.70 -0.61 0.076
pedestrian -1 -1 2.21 401.71 168.88 439.10 271.40 1.76 0.66 0.49 -3.10 1.46 12.20 1.96 1.000
pedestrian -1 -1 0.20 723.24 163.24 771.96 297.35 1.76 0.66 0.49 1.90 1.46 9.40 0.40 1.000
pedestrian -1 -1 -1.22 688.61 173.22 716.53 267.83 1.77 0.62 0.88 2.20 1.77 15.10 -1.07 1.000
pedestrian -1 -1 1.40 834.80 163.69 868.63 262.42 1.76 0.66 0.49 4.30 1.46 12.60 1.73 0.999
pedestrian -1 -1 -1.72 638.89 164.17 669.87 239.01 1.75 0.62 1.83 1.60 1.56 21.20 -1.64 0.999
pedestrian -1 -1 1.91 872.28 164.39 905.03 260.87 1.76 0.66 0.49 6.10 1.77 15.20 2.30 0.999
pedestrian -1 -1 2.08 329.90 171.42 361.63 268.03 1.76 0.66 0.49 -5.30 1.46 15.00 1.74 0.995
pedestrian -1 -1 -1.93 764.14 167.79 801.38 254.03 1.76 0.66 0.49 3.90 1.46 15.60 -1.69 0.987
pedestrian -1 -1 -1.39 752.99 160.89 779.83 276.84 1.76 0.66 0.49 3.30 1.77 14.20 -1.16 0.678
pedestrian -1 -1 -0.24 667.08 173.45 687.90 235.27 1.76 0.66 0.49 2.60 1.77 24.10 -0.14 0.434
cyclist -1 -1 -0.55 18.90 204.97 143.88 292.40 1.41 0.50 1.32 -6.80 1.56 9.20 -1.19 0.893
cyclist -1 -1 2.00 304.71 175.72 383.26 271.98 1.75 0.62 1.83 -5.20 1.56 15.20 1.67 0.799
cyclist -1 -1 0.68 826.42 163.12 876.04 263.37 1.77 0.62 0.88 4.30 1.46 12.00 1.02 0.055
