car -1 -1 -1.59 629.04 178.85 691.91 225.77 1.54 1.62 3.91 1.50 1.72 22.90 -1.52 0.999
car -1 -1 -0.27 0.00 161.61 206.96 354.30 1.46 1.49 2.95 -5.80 1.39 7.40 -0.94 0.997
car -1 -1 -0.24 828.59 187.27 1213.27 312.22 1.54 1.62 3.91 5.50 1.72 10.10 0.26 0.997
car -1 -1 -1.58 610.17 175.41 647.11 206.66 1.54 1.62 3.91 0.90 1.72 38.70 -1.56 0.984
car -1 -1 -2.03 440.04 178.68 502.85 208.62 1.54 1.62 3.91 -8.30 2.06 43.50 -2.21 0.944
car -1 -1 -1.41 320.41 180.93 453.42 233.53 1.46 1.49 2.95 -5.80 1.72 19.80 -1.69 0.903
car -1 -1 1.70 1017.21 184.05 1241.00 374.00 1.46 1.49 2.95 6.40 1.72 8.00 2.37 0.888
car -1 -1 1.44 254.74 178.13 403.63 268.91 1.46 1.49 2.95 -5.20 1.72 13.60 1.07 0.347
car -1 -1 -1.54 472.70 173.76 534.92 199.21 1.54 1.62 3.91 -7.50 1.72 51.50 -1.69 0.065
cyclist -1 -1 1.18 422.57 177.44 468.10 263.32 1.87 0.84 1.11 -3.50 2.08 15.50 0.96 1.000
