car -1 -1 -1.50 670.29 175.53 746.77 232.43 1.54 1.62 3.91 3.10 1.72 22.10 -1.36 0.996
car -1 -1 -1.51 648.20 174.47 693.18 206.67 1.54 1.62 3.91 2.70 1.72 33.10 -1.43 0.996
car -1 -1 -1.80 730.50 157.33 956.19 328.83 2.48 1.81 4.73 3.60 2.06 12.30 -1.52 0.995
car -1 -1 -1.91 389.66 170.23 509.36 212.00 1.54 1.62 3.91 -6.50 1.39 29.10 -2.12 0.994
car -1 -1 -1.45 634.36 171.17 668.34 199.21 1.46 1.49 2.95 2.40 1.39 39.20 -1.39 0.984
car -1 -1 -1.74 695.21 179.34 801.10 253.90 1.54 1.62 3.91 2.90 1.72 15.70 -1.56 0.982
car -1 -1 -1.96 38.93 185.50 332.97 308.56 1.54 1.62 3.91 -6.10 1.72 10.90 -2.47 0.978
car -1 -1 -2.32 187.26 169.14 392.53 264.09 1.54 1.62 3.91 -5.50 1.39 12.50 -2.73 0.919
car -1 -1 -1.84 296.01 169.17 442.63 245.28 1.46 1.49 2.95 -4.40 1.39 14.20 -2.14 0.832
car -1 -1 -1.56 513.58 167.54 567.95 191.91 1.54 1.62 3.91 -4.70 1.39 52.10 -1.65 0.155
