car -1 -1 1.35 856.94 173.14 977.98 235.08 1.54 1.62 3.91 8.50 1.72 20.10 1.75 1.000
car -1 -1 -1.80 369.57 190.19 495.49 264.56 1.46 1.49 2.95 -4.20 2.06 17.20 -2.04 0.999
car -1 -1 -1.68 252.21 187.07 319.96 224.54 1.46 1.49 2.95 -13.40 2.06 29.40 -2.11 0.997
car -1 -1 1.23 767.96 171.03 843.43 227.13 1.46 1.49 2.95 5.60 1.39 21.00 1.49 0.993
car -1 -1 -1.82 493.97 160.56 804.31 319.59 2.48 1.81 4.73 0.70 2.06 12.00 -1.76 0.980
car -1 -1 2.01 30.77 187.65 102.46 221.94 1.46 1.49 2.95 -23.20 2.06 31.20 1.37 0.795
car -1 -1 1.78 407.06 181.42 458.27 217.06 1.54 1.62 3.91 -8.30 2.06 34.50 1.54 0.534
car -1 -1 2.21 421.24 175.09 527.64 223.13 1.54 1.62 3.91 -4.70 1.72 26.70 2.04 0.415
car -1 -1 -1.66 657.98 160.34 787.86 295.51 1.46 1.49 2.95 1.40 1.39 10.60 -1.53 0.247
cyclist -1 -1 -2.14 857.41 186.23 894.86 232.03 1.41 0.50 1.32 7.80 1.91 21.40 -1.79 0.831
