car -1 -1 -1.51 676.08 171.98 789.39 257.04 1.54 1.62 3.91 2.50 1.72 16.10 -1.36 1.000
car -1 -1 -1.66 639.34 179.29 673.03 206.89 1.46 1.49 2.95 2.40 1.72 38.20 -1.60 0.998
car -1 -1 -2.86 67.33 181.02 359.90 286.96 1.54 1.62 3.91 -6.70 1.72 11.70 -3.38 0.998
car -1 -1 -1.36 654.46 178.34 708.04 220.43 1.46 1.49 2.95 2.40 1.72 25.40 -1.27 0.997
car -1 -1 -2.74 193.86 181.11 422.53 258.60 1.54 1.62 3.91 -6.10 1.72 14.90 -3.13 0.993
car -1 -1 -2.76 292.96 174.87 461.69 236.57 1.54 1.62 3.91 -6.30 1.72 19.90 -3.07 0.992
car -1 -1 -2.48 460.84 168.91 535.44 204.00 1.46 1.49 2.95 -4.60 1.39 31.40 -2.63 0.979
car -1 -1 -1.45 628.35 175.30 654.49 197.65 1.54 1.62 3.91 2.30 1.72 51.90 -1.41 0.853
car -1 -1 -2.35 390.25 170.17 488.35 223.92 1.46 1.49 2.95 -4.60 1.39 20.40 -2.57 0.814
car -1 -1 -2.39 447.31 172.50 502.18 212.77 1.54 1.62 3.91 -5.70 1.72 30.50 -2.57 0.687
car -1 -1 -1.51 665.50 181.61 740.20 236.55 1.54 1.62 3.91 2.70 1.72 21.10 -1.38 0.575
