car -1 -1 -1.58 598.34 175.37 625.53 201.57 1.46 1.49 2.95 0.20 1.72 39.80 -1.58 0.994
car -1 -1 1.70 415.28 184.41 464.47 212.09 1.46 1.49 2.95 -9.20 2.06 38.60 1.46 0.991
car -1 -1 -0.04 31.90 188.33 291.17 277.40 1.54 1.62 3.91 -7.50 1.72 12.70 -0.57 0.388
car -1 -1 0.80 211.71 189.92 301.94 239.75 1.46 1.49 2.95 -11.00 2.06 23.00 0.35 0.174
car -1 -1 -0.90 229.43 182.99 282.91 211.03 1.46 1.49 2.95 -19.80 2.06 40.60 -1.35 0.079
pedestrian -1 -1 2.50 721.02 170.83 746.87 250.11 1.76 0.66 0.49 3.10 1.77 18.00 2.67 1.000
pedestrian -1 -1 2.28 761.08 156.09 804.67 278.41 1.76 0.66 0.49 2.30 1.46 10.20 2.50 0.924
pedestrian -1 -1 0.63 216.35 170.19 249.87 276.99 1.76 0.66 0.49 -9.30 1.77 17.80 0.15 0.189
pedestrian -1 -1 0.08 227.12 174.83 247.21 225.53 1.76 0.66 0.49 -16.10 1.77 31.20 -0.40 0.147
pedestrian -1 -1 2.27 788.74 146.27 838.65 282.83 1.76 0.66 0.49 2.60 1.46 9.50 2.54 0.052
cyclist -1 -1 1.32 770.18 156.31 898.95 290.38 1.75 0.62 1.83 3.60 1.56 11.00 1.63 0.987
cyclist -1 -1 1.98 737.32 160.29 828.92 253.61 1.68 0.41 1.64 2.70 1.21 12.30 2.20 0.522
cyclist -1 -1 0.44 932.22 188.00 975.20 227.57 1.41 0.50 1.32 9.20 1.56 19.60 0.88 0.428
