car -1 -1 -1.65 699.60 186.43 799.78 262.17 1.54 1.62 3.91 3.30 2.06 18.10 -1.47 1.000
car -1 -1 -1.72 271.53 177.28 462.95 243.81 1.54 1.62 3.91 -5.70 1.72 16.90 -2.05 0.998
car -1 -1 -2.22 0.05 192.01 193.02 337.74 1.46 1.49 2.95 -6.20 1.72 7.80 -2.89 0.992
car -1 -1 -1.26 171.82 180.99 425.38 279.86 1.54 1.62 3.91 -5.70 1.72 13.30 -1.66 0.968
car -1 -1 -2.57 387.62 175.82 517.73 219.18 1.54 1.62 3.91 -6.30 1.72 27.90 -2.80 0.965
car -1 -1 -0.02 749.38 179.22 927.92 233.81 1.54 1.62 3.91 6.70 1.72 20.50 0.29 0.957
car -1 -1 -1.83 479.78 178.26 541.41 208.84 1.46 1.49 2.95 -4.80 1.72 35.60 -1.97 0.752
car -1 -1 -1.50 636.14 180.04 663.98 204.28 1.46 1.49 2.95 2.60 2.06 48.20 -1.45 0.717
car -1 -1 -0.78 507.35 179.32 553.32 201.25 1.46 1.49 2.95 -5.80 2.06 54.20 -0.88 0.136
car -1 -1 -0.87 692.82 176.15 758.15 208.28 1.46 1.49 2.95 6.00 1.72 36.60 -0.70 0.072
car -1 -1 -0.93 14.26 183.78 365.97 304.12 1.54 1.62 3.91 -6.50 2.06 11.50 -1.45 0.069
