car -1 -1 -1.41 364.11 186.91 478.53 255.99 1.54 1.62 3.91 -4.50 1.72 18.10 -1.65 0.999
car -1 -1 -1.61 576.20 178.89 609.07 209.15 1.54 1.62 3.91 -0.70 1.39 40.50 -1.63 0.999
car -1 -1 -1.46 459.45 182.95 514.94 222.93 1.54 1.62 3.91 -4.90 1.39 30.30 -1.62 0.998
car -1 -1 -1.30 234.96 176.69 343.07 241.21 2.48 1.81 4.73 -11.60 2.06 26.50 -1.71 0.973
car -1 -1 -1.47 493.21 180.24 528.93 210.26 2.48 1.81 4.73 -7.00 2.06 52.90 -1.60 0.958
car -1 -1 -1.61 290.85 167.87 373.19 230.61 2.48 1.81 4.73 -11.20 1.72 30.30 -1.96 0.881
car -1 -1 -1.31 514.12 182.80 541.26 204.50 1.46 1.49 2.95 -5.40 1.39 49.20 -1.42 0.649
car -1 -1 -0.72 328.21 187.78 410.71 230.04 1.54 1.62 3.91 -9.10 1.72 27.70 -1.03 0.620
car -1 -1 -1.00 407.77 180.16 457.13 220.10 2.48 1.81 4.73 -9.80 2.06 41.10 -1.24 0.105
car -1 -1 -0.94 259.29 180.18 320.96 218.19 2.48 1.81 4.73 -21.80 2.06 49.10 -1.36 0.101
pedestrian -1 -1 -1.05 720.66 190.14 736.96 229.65 1.41 0.50 1.32 4.40 1.56 26.20 -0.88 0.562
