car -1 -1 -0.73 5.99 108.53 293.81 362.68 2.48 1.81 4.73 -6.00 1.72 8.90 -1.32 0.490
pedestrian -1 -1 0.07 705.19 165.40 769.27 346.42 1.76 0.66 0.49 1.30 1.46 7.20 0.25 1.000
pedestrian -1 -1 0.42 765.09 164.56 842.28 341.16 1.77 0.62 0.88 2.40 1.77 8.50 0.70 1.000
pedestrian -1 -1 1.37 542.14 135.23 580.53 242.68 1.76 0.66 0.49 -0.70 1.15 12.80 1.32 0.998
pedestrian -1 -1 1.07 519.76 137.52 550.55 247.67 1.76 0.66 0.49 -1.10 1.15 11.80 0.98 0.998
pedestrian -1 -1 1.22 577.56 134.07 604.18 235.14 1.76 0.66 0.49 -0.30 1.15 14.20 1.20 0.997
pedestrian -1 -1 0.76 592.61 134.69 629.36 242.39 1.76 0.66 0.49 0.10 1.15 13.00 0.76 0.996
pedestrian -1 -1 -1.03 623.92 141.87 648.96 225.56 1.77 0.62 0.88 0.80 1.15 19.10 -0.99 0.996
pedestrian -1 -1 1.44 471.49 145.03 498.76 203.54 1.87 0.84 1.11 -3.30 0.84 18.70 1.26 0.995
pedestrian -1 -1 1.39 498.12 142.21 523.76 204.61 1.87 0.84 1.11 -2.70 0.84 20.10 1.26 0.983
pedestrian -1 -1 -2.03 278.22 137.58 315.32 244.54 1.76 0.66 0.49 -7.10 1.15 16.20 -2.44 0.880
pedestrian -1 -1 1.52 464.24 149.69 479.68 201.38 1.76 0.66 0.49 -4.70 0.84 24.60 1.33 0.363
pedestrian -1 -1 -1.57 356.23 149.74 373.30 196.51 1.76 0.66 0.49 -9.10 0.84 26.60 -1.90 0.295
pedestrian -1 -1 -0.43 232.73 124.26 283.09 294.74 1.76 0.66 0.49 -4.10 1.46 8.40 -0.88 0.192
pedestrian -1 -1 1.00 434.84 139.57 450.64 209.63 1.76 0.66 0.49 -4.90 0.84 21.80 0.78 0.154
pedestrian -1 -1 0.70 571.22 138.03 585.44 230.52 1.76 0.66 0.49 -0.70 0.84 17.20 0.66 0.115
cyclist -1 -1 -1.74 345.34 153.09 382.65 196.44 1.87 0.84 1.11 -12.10 0.84 35.10 -2.07 0.972
cyclist -1 -1 0.53 425.47 145.60 451.22 203.27 1.76 0.66 0.49 -4.30 0.84 18.00 0.29 0.728
cyclist -1 -1 0.69 398.19 144.31 437.61 201.83 1.87 0.84 1.11 -6.70 1.15 25.10 0.43 0.219
cyclist -1 -1 -2.27 259.34 138.37 328.03 252.27 1.76 0.66 0.49 -4.10 1.15 9.40 -2.68 0.106
