car -1 -1 0.90 737.71 190.36 844.70 260.68 1.46 1.49 2.95 3.80 1.72 15.40 1.14 0.999
car -1 -1 1.26 785.50 189.99 993.23 316.83 1.46 1.49 2.95 3.40 1.72 9.80 1.59 0.999
car -1 -1 1.63 553.95 180.01 595.46 214.58 1.46 1.49 2.95 -1.60 1.72 30.40 1.58 0.999
car -1 -1 -1.71 722.74 184.79 789.66 237.49 1.46 1.49 2.95 4.40 1.72 22.00 -1.51 0.995
car -1 -1 -1.56 685.63 181.36 733.44 213.71 1.54 1.62 3.91 5.30 2.06 38.10 -1.42 0.994
car -1 -1 1.06 409.37 163.86 543.86 289.93 2.48 1.81 4.73 -2.80 2.06 16.10 0.89 0.992
car -1 -1 -1.75 704.93 184.87 756.94 223.37 1.54 1.62 3.91 5.10 2.06 30.90 -1.59 0.991
car -1 -1 -1.28 676.97 177.78 711.18 207.34 1.46 1.49 2.95 5.00 1.72 42.60 -1.16 0.623
car -1 -1 1.48 464.35 176.52 558.97 250.04 1.54 1.62 3.91 -2.30 1.72 17.30 1.35 0.363
pedestrian -1 -1 2.00 931.42 210.42 1097.77 370.85 1.41 0.50 1.32 2.80 1.91 5.00 2.51 0.993
pedestrian -1 -1 1.23 919.10 196.43 984.57 365.17 1.76 0.66 0.49 3.30 2.08 7.40 1.65 0.128
cyclist -1 -1 1.96 888.40 202.12 1145.81 368.28 1.41 0.50 1.32 2.00 1.56 4.00 2.43 0.316
