car -1 -1 -1.69 667.95 182.07 740.04 237.29 1.54 1.62 3.91 2.50 1.72 20.50 -1.57 0.999
car -1 -1 -1.87 692.24 173.37 812.60 272.60 1.54 1.62 3.91 2.70 1.72 15.10 -1.69 0.998
car -1 -1 0.94 637.50 177.10 670.42 205.23 1.54 1.62 3.91 2.30 1.72 37.90 1.00 0.996
car -1 -1 -2.58 193.50 181.74 417.01 263.65 1.54 1.62 3.91 -6.50 1.72 15.30 -2.98 0.994
car -1 -1 -1.76 651.13 175.41 702.03 216.78 1.54 1.62 3.91 2.50 1.72 29.50 -1.68 0.982
car -1 -1 -2.03 59.46 186.01 377.77 292.64 1.54 1.62 3.91 -5.30 1.72 10.30 -2.51 0.981
car -1 -1 -1.63 323.23 181.28 419.93 244.18 1.46 1.49 2.95 -6.00 1.72 18.80 -1.94 0.948
car -1 -1 -0.37 478.21 170.47 543.32 202.67 1.46 1.49 2.95 -4.40 1.39 33.20 -0.50 0.878
car -1 -1 0.55 412.54 170.06 527.36 214.75 1.54 1.62 3.91 -5.50 1.39 27.50 0.35 0.603
car -1 -1 -1.42 389.25 178.94 484.95 226.78 1.46 1.49 2.95 -5.80 1.72 24.60 -1.65 0.524
car -1 -1 -1.93 0.00 144.96 205.45 374.00 2.48 1.81 4.73 -8.20 2.06 10.50 -2.59 0.078
