car -1 -1 1.80 38.06 181.60 338.82 335.74 1.54 1.62 3.91 -5.50 1.72 10.30 1.31 0.998
car -1 -1 1.71 9.24 190.10 127.88 318.35 1.46 1.49 2.95 -8.80 1.72 10.80 1.03 0.096
pedestrian -1 -1 1.07 635.46 155.39 662.46 231.47 1.76 0.66 0.49 0.90 1.15 14.00 1.13 1.000
pedestrian -1 -1 -1.50 4.03 163.54 100.97 365.25 1.77 0.62 0.88 -4.80 1.46 6.10 -2.17 0.996
pedestrian -1 -1 -0.60 456.62 168.62 478.73 211.44 1.75 0.62 1.83 -6.80 1.56 37.20 -0.79 0.988
pedestrian -1 -1 -0.22 30.66 164.64 67.59 230.88 1.77 0.62 0.88 -18.00 1.46 23.50 -0.87 0.711
pedestrian -1 -1 -0.44 283.97 174.87 305.57 232.06 1.76 0.66 0.49 -10.70 1.77 25.20 -0.85 0.339
pedestrian -1 -1 -1.65 55.95 172.71 114.07 296.20 1.76 0.66 0.49 -10.30 1.46 14.40 -2.27 0.331
pedestrian -1 -1 1.46 320.15 157.48 378.95 289.73 1.87 0.84 1.11 -5.70 1.46 16.50 1.13 0.189
pedestrian -1 -1 -0.85 1.60 168.07 18.01 241.97 1.76 0.66 0.49 -18.90 1.46 22.60 -1.54 0.065
cyclist -1 -1 0.99 314.01 156.74 385.38 312.86 1.75 0.62 1.83 -4.60 1.91 12.80 0.64 0.987
cyclist -1 -1 0.28 546.51 178.08 588.90 265.47 1.87 0.84 1.11 -0.90 2.08 19.70 0.23 0.209
cyclist -1 -1 -0.45 596.08 185.83 632.63 279.30 1.76 0.66 0.49 0.30 2.08 15.60 -0.44 0.076
cyclist -1 -1 -1.34 456.88 169.05 483.95 212.22 1.75 0.62 1.83 -6.00 1.56 33.20 -1.52 0.064
