car -1 -1 -1.85 786.06 179.20 1136.28 365.69 1.54 1.62 3.91 3.10 1.72 7.50 -1.46 0.999
car -1 -1 1.12 469.29 175.39 522.24 202.71 1.46 1.49 2.95 -6.60 1.72 42.40 0.97 0.999
car -1 -1 1.75 87.44 183.17 324.64 306.55 1.54 1.62 3.91 -6.10 1.72 11.30 1.26 0.999
car -1 -1 0.00 348.53 176.48 409.85 201.65 1.46 1.49 2.95 -13.80 1.72 44.00 -0.30 0.960
car -1 -1 1.31 186.34 174.62 272.47 208.26 1.54 1.62 3.91 -20.10 1.72 37.50 0.82 0.318
car -1 -1 1.41 224.50 188.20 311.13 245.63 1.46 1.49 2.95 -11.00 2.06 23.20 0.97 0.097
car -1 -1 1.88 179.36 176.81 285.75 252.61 1.46 1.49 2.95 -8.80 1.72 17.00 1.40 0.065
pedestrian -1 -1 0.04 670.62 163.19 688.03 201.90 1.75 0.62 1.83 3.20 1.21 33.80 0.14 0.999
pedestrian -1 -1 -1.40 1004.01 176.90 1018.84 231.63 1.76 0.66 0.49 14.90 1.77 26.80 -0.89 0.322
cyclist -1 -1 1.91 859.31 188.51 882.60 221.63 1.41 0.50 1.32 12.00 2.27 33.20 2.26 0.052
