car -1 -1 -1.21 0.05 193.67 418.59 369.00 1.54 1.62 3.91 -4.10 1.72 6.90 -1.74 1.000
car -1 -1 1.66 458.86 172.56 489.52 197.02 1.54 1.62 3.91 -9.70 1.39 53.90 1.48 0.737
car -1 -1 0.03 248.44 197.02 436.94 276.25 1.54 1.62 3.91 -5.50 2.06 15.30 -0.31 0.316
car -1 -1 1.46 294.49 193.19 355.72 222.89 1.46 1.49 2.95 -13.80 2.06 35.20 1.08 0.058
pedestrian -1 -1 -2.24 0.00 184.07 34.74 282.61 1.87 0.84 1.11 -13.90 2.08 16.30 -2.95 0.996
pedestrian -1 -1 0.16 400.38 150.89 451.66 277.29 1.75 0.62 1.83 -3.80 1.56 15.40 -0.08 0.991
pedestrian -1 -1 1.17 655.93 149.72 705.12 253.01 1.87 0.84 1.11 1.90 1.46 16.50 1.29 0.943
pedestrian -1 -1 0.85 349.75 157.50 414.03 252.18 1.75 0.62 1.83 -4.80 1.56 15.60 0.55 0.851
pedestrian -1 -1 -0.78 523.46 164.76 537.34 193.65 1.68 0.41 1.64 -4.10 0.85 38.50 -0.89 0.617
pedestrian -1 -1 0.38 1037.78 141.04 1062.36 203.92 1.76 0.66 0.49 14.00 0.84 22.30 0.94 0.305
pedestrian -1 -1 0.35 329.76 169.45 342.39 203.08 1.68 0.41 1.64 -14.50 1.21 38.30 -0.01 0.094
cyclist -1 -1 -1.52 938.46 148.46 970.77 213.72 1.87 0.84 1.11 15.10 0.84 30.30 -1.06 0.999
cyclist -1 -1 0.53 1025.58 141.69 1076.50 196.89 1.87 0.84 1.11 15.70 0.84 24.50 1.10 0.888
cyclist -1 -1 0.30 323.13 162.41 442.48 237.07 1.75 0.62 1.83 -5.60 1.21 17.60 -0.01 0.278
