car -1 -1 -1.65 674.58 178.78 753.78 241.24 1.54 1.62 3.91 2.70 1.72 20.10 -1.51 1.000
car -1 -1 -1.37 426.76 180.80 502.41 238.15 1.46 1.49 2.95 -3.80 1.72 19.40 -1.56 1.000
car -1 -1 -1.28 336.33 196.59 454.04 279.03 1.46 1.49 2.95 -4.60 2.06 15.40 -1.57 1.000
car -1 -1 -1.80 752.67 183.32 998.04 345.01 1.54 1.62 3.91 3.10 1.72 9.70 -1.49 0.999
car -1 -1 -1.56 642.52 174.52 683.08 207.11 1.46 1.49 2.95 2.20 1.39 30.20 -1.48 0.999
car -1 -1 1.61 495.57 182.82 532.66 213.81 1.54 1.62 3.91 -4.90 2.06 37.10 1.48 0.999
car -1 -1 1.85 526.13 181.52 550.99 204.57 1.46 1.49 2.95 -4.80 2.06 48.20 1.75 0.552
car -1 -1 -0.52 783.13 186.01 878.51 224.07 1.54 1.62 3.91 9.10 2.06 29.70 -0.23 0.432
car -1 -1 -1.26 744.69 183.45 912.09 246.99 1.54 1.62 3.91 4.70 1.72 16.90 -0.99 0.105
car -1 -1 -1.04 863.47 181.79 948.83 212.68 1.54 1.62 3.91 15.70 2.06 38.30 -0.65 0.064
pedestrian -1 -1 1.63 395.06 177.67 410.99 234.67 1.76 0.66 0.49 -8.50 2.08 29.60 1.35 0.990
cyclist -1 -1 1.31 908.12 179.23 944.04 222.47 1.41 0.50 1.32 11.00 1.56 25.40 1.72 0.062
