car -1 -1 0.22 0.00 185.81 164.74 308.80 1.46 1.49 2.95 -7.60 1.39 9.60 -0.45 0.999
car -1 -1 -1.35 485.49 179.80 538.07 217.14 1.54 1.62 3.91 -3.90 1.39 29.10 -1.49 0.999
car -1 -1 -1.33 438.28 183.65 509.89 233.89 1.54 1.62 3.91 -4.30 1.39 24.10 -1.51 0.998
car -1 -1 -1.27 216.63 181.86 422.36 309.98 1.54 1.62 3.91 -4.30 1.72 11.30 -1.63 0.998
car -1 -1 -1.24 412.23 182.21 466.52 215.86 1.46 1.49 2.95 -7.80 1.39 33.20 -1.48 0.988
car -1 -1 -1.51 180.40 164.79 322.08 258.05 2.48 1.81 4.73 -10.80 2.06 22.30 -1.96 0.983
car -1 -1 -1.40 594.61 177.76 632.51 217.60 2.48 1.81 4.73 0.20 2.06 43.10 -1.39 0.983
car -1 -1 -0.84 525.22 181.72 558.03 204.01 1.46 1.49 2.95 -3.60 1.39 38.40 -0.94 0.675
car -1 -1 -1.36 584.31 182.57 616.36 208.99 1.46 1.49 2.95 -0.40 1.39 35.60 -1.37 0.336
car -1 -1 -1.49 436.32 171.40 481.10 217.11 2.48 1.81 4.73 -8.20 1.72 40.70 -1.69 0.051
