car -1 -1 -1.60 661.95 175.54 721.65 222.18 1.54 1.62 3.91 2.70 1.72 24.50 -1.49 0.999
car -1 -1 -1.98 723.67 169.03 888.92 308.80 1.46 1.49 2.95 2.40 1.39 9.40 -1.73 0.982
car -1 -1 -2.74 415.90 171.93 506.97 211.45 1.46 1.49 2.95 -5.20 1.39 25.60 -2.94 0.977
car -1 -1 -1.60 289.44 178.27 480.25 235.10 1.54 1.62 3.91 -6.10 1.72 19.90 -1.90 0.973
car -1 -1 -0.10 89.67 176.93 364.93 284.45 1.54 1.62 3.91 -6.50 1.72 12.50 -0.57 0.970
car -1 -1 -1.77 509.76 172.47 549.89 199.77 1.46 1.49 2.95 -3.80 1.39 35.80 -1.87 0.786
car -1 -1 -0.73 705.62 173.78 820.35 214.04 1.46 1.49 2.95 4.80 1.39 22.80 -0.52 0.672
car -1 -1 -2.10 200.43 170.54 414.76 246.08 1.54 1.62 3.91 -5.90 1.39 14.50 -2.49 0.548
car -1 -1 -2.96 457.96 171.94 522.25 203.58 1.54 1.62 3.91 -5.30 1.39 32.90 -3.12 0.091
car -1 -1 -1.36 623.96 171.25 650.42 192.62 1.54 1.62 3.91 1.70 1.39 50.50 -1.33 0.090
