car -1 -1 1.43 379.45 162.77 540.39 275.72 1.54 1.62 3.91 -2.30 1.39 12.50 1.25 0.993
car -1 -1 1.67 499.98 170.00 560.65 242.44 2.48 1.81 4.73 -2.60 2.06 28.10 1.58 0.577
pedestrian -1 -1 1.39 554.51 177.54 583.29 250.60 1.76 0.66 0.49 -0.70 1.77 17.00 1.35 1.000
pedestrian -1 -1 0.85 856.81 160.11 921.24 359.27 1.76 0.66 0.49 3.00 2.08 7.90 1.21 0.994
pedestrian -1 -1 1.41 615.14 172.62 641.61 246.20 1.77 0.62 0.88 0.70 1.77 19.80 1.44 0.942
pedestrian -1 -1 -0.53 1069.64 148.82 1195.45 351.40 1.68 0.41 1.64 4.70 1.56 6.10 0.13 0.913
pedestrian -1 -1 -1.11 726.53 171.48 742.47 216.88 1.77 0.62 0.88 7.40 1.77 39.50 -0.93 0.839
pedestrian -1 -1 0.92 927.15 200.39 958.48 254.72 1.76 0.66 0.49 9.30 2.08 19.40 1.36 0.551
pedestrian -1 -1 0.80 2.38 186.13 46.53 367.30 1.76 0.66 0.49 -5.80 1.77 6.90 0.10 0.503
pedestrian -1 -1 1.37 808.08 198.05 834.44 259.32 1.77 0.62 0.88 6.40 2.08 20.90 1.66 0.074
pedestrian -1 -1 0.70 138.81 153.30 169.50 276.52 1.76 0.66 0.49 -10.30 1.46 16.40 0.14 0.061
pedestrian -1 -1 -0.71 1146.02 161.62 1206.44 318.76 1.76 0.66 0.49 9.70 1.77 12.00 -0.03 0.057
