car -1 -1 1.16 464.56 175.89 522.69 205.47 1.46 1.49 2.95 -6.60 1.72 41.20 1.00 0.999
car -1 -1 -1.65 810.61 182.50 1223.64 374.00 1.54 1.62 3.91 3.50 1.72 7.30 -1.20 0.998
car -1 -1 1.93 30.45 183.42 299.93 320.13 1.46 1.49 2.95 -5.80 1.72 10.00 1.40 0.997
car -1 -1 0.67 341.83 177.34 414.38 203.74 1.46 1.49 2.95 -12.40 1.72 39.00 0.37 0.989
car -1 -1 1.48 170.33 177.91 249.36 216.43 1.46 1.49 2.95 -17.20 1.72 31.20 0.98 0.825
car -1 -1 2.03 550.37 169.05 608.91 192.85 1.54 1.62 3.91 -2.10 1.39 50.50 1.99 0.688
car -1 -1 1.22 108.97 180.40 192.05 218.20 1.54 1.62 3.91 -21.70 2.06 34.30 0.66 0.659
car -1 -1 2.05 65.84 185.80 234.18 263.85 1.46 1.49 2.95 -9.00 1.72 14.40 1.50 0.132
pedestrian -1 -1 -0.06 674.38 164.70 690.48 204.73 1.76 0.66 0.49 3.30 1.46 33.20 0.04 0.989
cyclist -1 -1 2.30 883.15 191.41 911.21 226.33 1.41 0.50 1.32 9.80 1.91 24.80 2.67 0.088
cyclist -1 -1 -0.36 669.07 169.68 694.47 205.86 1.41 0.50 1.32 3.20 1.56 30.80 -0.26 0.056
