car -1 -1 -1.32 38.84 170.64 443.88 374.00 1.54 1.62 3.91 -3.10 1.39 6.90 -1.74 1.000
car -1 -1 -1.66 592.85 168.03 620.70 196.17 1.46 1.49 2.95 -0.20 1.39 42.00 -1.66 0.971
car -1 -1 2.04 438.94 177.26 473.46 201.35 1.46 1.49 2.95 -11.20 2.06 52.80 1.83 0.523
car -1 -1 1.04 253.04 180.25 410.49 237.34 1.54 1.62 3.91 -7.50 1.72 19.90 0.68 0.118
pedestrian -1 -1 2.09 693.24 166.13 720.96 235.32 1.77 0.62 0.88 2.80 1.77 20.50 2.23 1.000
pedestrian -1 -1 2.76 721.30 155.60 753.13 245.11 1.68 0.41 1.64 2.70 1.56 15.90 2.93 0.929
pedestrian -1 -1 0.67 765.61 140.22 794.31 261.30 1.76 0.66 0.49 4.10 1.15 17.60 0.90 0.735
pedestrian -1 -1 2.58 741.47 152.52 772.24 234.70 1.77 0.62 0.88 4.30 1.15 21.00 2.79 0.512
pedestrian -1 -1 2.70 718.73 165.35 733.11 231.01 1.76 0.66 0.49 3.90 1.77 24.60 2.85 0.125
cyclist -1 -1 0.98 727.86 153.23 827.43 254.27 1.75 0.62 1.83 3.00 1.21 13.80 1.19 0.984
cyclist -1 -1 0.95 885.02 187.78 912.98 219.96 1.41 0.50 1.32 11.00 1.91 27.20 1.33 0.740
cyclist -1 -1 1.65 707.53 159.11 769.37 241.68 1.68 0.41 1.64 1.90 1.21 11.30 1.82 0.089
