car -1 -1 1.38 557.72 177.60 599.93 212.44 1.46 1.49 2.95 -0.80 1.39 30.20 1.36 0.989
pedestrian -1 -1 2.11 419.59 167.96 451.43 261.60 1.68 0.41 1.64 -3.30 1.56 14.50 1.88 1.000
pedestrian -1 -1 1.76 841.07 162.39 871.82 254.58 1.76 0.66 0.49 5.90 1.46 16.60 2.10 1.000
pedestrian -1 -1 0.80 806.06 164.52 836.34 252.59 1.76 0.66 0.49 4.40 1.46 14.70 1.09 1.000
pedestrian -1 -1 -1.59 637.03 168.07 669.29 235.97 1.87 0.84 1.11 1.90 1.77 23.70 -1.51 0.999
pedestrian -1 -1 0.39 709.77 168.28 750.43 287.70 1.76 0.66 0.49 2.10 1.77 11.60 0.56 0.999
pedestrian -1 -1 -1.91 759.88 170.00 792.56 249.00 1.76 0.66 0.49 3.50 1.46 14.60 -1.67 0.998
pedestrian -1 -1 1.91 367.94 173.92 394.81 257.21 1.76 0.66 0.49 -4.90 1.46 16.20 1.61 0.997
pedestrian -1 -1 -0.57 781.00 165.01 805.56 238.50 1.76 0.66 0.49 5.10 1.15 18.80 -0.31 0.957
pedestrian -1 -1 0.10 689.07 168.82 717.36 263.68 1.76 0.66 0.49 2.20 1.77 15.50 0.24 0.918
pedestrian -1 -1 -1.59 727.00 163.81 782.96 271.46 1.41 0.50 1.32 3.00 1.56 14.00 -1.38 0.467
pedestrian -1 -1 0.83 678.38 172.21 693.32 240.10 1.76 0.66 0.49 2.70 1.77 23.00 0.95 0.231
cyclist -1 -1 -1.17 3.63 210.16 80.11 282.52 1.41 0.50 1.32 -12.40 2.27 16.00 -1.83 0.464
cyclist -1 -1 1.14 836.45 165.25 876.24 244.33 1.87 0.84 1.11 7.50 1.46 21.10 1.48 0.091
cyclist -1 -1 1.81 405.93 169.45 458.59 259.27 1.41 0.50 1.32 -3.60 1.56 15.20 1.57 0.059
