car -1 -1 -2.33 912.96 184.84 1216.24 298.04 1.54 1.62 3.91 7.30 1.72 11.50 -1.77 1.000
car -1 -1 -1.70 634.79 182.36 692.63 214.59 1.46 1.49 2.95 2.80 2.06 36.40 -1.62 0.999
car -1 -1 -1.69 665.19 183.93 733.92 231.83 1.54 1.62 3.91 3.10 2.06 26.50 -1.57 0.999
car -1 -1 -2.28 381.89 184.46 499.05 222.68 1.54 1.62 3.91 -6.70 2.06 28.30 -2.51 0.979
car -1 -1 -3.32 18.45 179.71 351.04 294.10 1.54 1.62 3.91 -5.70 1.72 9.70 -3.85 0.972
car -1 -1 -2.50 240.09 188.04 444.02 249.43 1.54 1.62 3.91 -5.90 1.72 16.30 -2.85 0.968
car -1 -1 -2.94 339.75 189.69 465.98 235.57 1.46 1.49 2.95 -6.40 2.06 22.60 -3.22 0.899
car -1 -1 -0.62 460.62 177.74 526.18 217.65 1.54 1.62 3.91 -4.50 1.72 27.90 -0.78 0.832
car -1 -1 -2.36 169.43 192.73 367.92 268.88 1.54 1.62 3.91 -8.50 2.06 17.90 -2.80 0.805
car -1 -1 -1.23 501.67 178.38 554.39 204.63 1.46 1.49 2.95 -4.00 1.72 37.60 -1.33 0.339
