car -1 -1 1.72 405.41 182.95 455.56 213.74 1.54 1.62 3.91 -8.90 2.06 36.70 1.48 0.999
car -1 -1 -1.54 598.85 173.91 627.79 200.88 1.46 1.49 2.95 0.20 1.39 36.60 -1.53 0.998
car -1 -1 1.83 86.70 202.59 238.15 272.53 1.46 1.49 2.95 -9.80 2.06 16.00 1.28 0.988
pedestrian -1 -1 2.62 735.75 166.81 768.60 265.09 1.76 0.66 0.49 2.30 1.77 12.00 2.81 0.997
pedestrian -1 -1 2.32 781.99 148.86 840.86 296.18 1.76 0.66 0.49 2.60 1.46 9.50 2.59 0.970
pedestrian -1 -1 0.65 169.08 167.43 205.28 312.61 1.76 0.66 0.49 -6.30 1.77 10.80 0.12 0.888
pedestrian -1 -1 0.90 849.96 135.36 902.48 302.37 1.76 0.66 0.49 3.10 1.46 8.60 1.25 0.433
pedestrian -1 -1 -0.36 114.87 166.45 196.79 335.98 1.77 0.62 0.88 -4.90 1.77 7.60 -0.93 0.065
cyclist -1 -1 1.37 798.02 145.75 952.15 299.94 1.75 0.62 1.83 2.40 1.21 6.80 1.71 0.963
cyclist -1 -1 0.15 965.37 186.61 1012.09 234.16 1.41 0.50 1.32 9.40 1.56 18.00 0.63 0.433
cyclist -1 -1 2.17 743.95 151.05 874.06 261.97 1.75 0.62 1.83 3.00 1.21 11.60 2.43 0.317
cyclist -1 -1 1.75 723.43 163.76 780.29 252.49 1.75 0.62 1.83 2.40 1.21 12.20 1.94 0.069
