car -1 -1 -1.49 801.57 173.17 872.75 226.27 1.46 1.49 2.95 8.00 1.72 25.60 -1.19 0.996
car -1 -1 -1.92 843.64 188.77 1236.06 367.84 1.54 1.62 3.91 3.30 1.72 6.70 -1.46 0.995
car -1 -1 1.16 789.24 164.10 832.64 204.52 2.48 1.81 4.73 13.20 1.72 47.30 1.43 0.989
car -1 -1 -1.73 382.07 186.76 507.18 256.89 1.46 1.49 2.95 -3.40 1.72 15.00 -1.95 0.927
car -1 -1 -0.64 1073.49 195.73 1240.86 350.81 1.46 1.49 2.95 8.20 2.06 9.80 0.06 0.387
car -1 -1 0.23 387.54 186.41 460.67 233.66 1.46 1.49 2.95 -6.80 2.06 26.60 -0.02 0.200
pedestrian -1 -1 2.42 851.44 164.53 947.20 370.56 1.77 0.62 0.88 2.60 1.77 6.70 2.79 0.999
pedestrian -1 -1 2.14 923.68 198.10 989.48 358.75 1.76 0.66 0.49 4.40 2.08 9.10 2.59 0.923
pedestrian -1 -1 -2.01 441.88 190.80 468.84 242.29 1.41 0.50 1.32 -4.00 1.91 19.00 -2.22 0.501
cyclist -1 -1 2.09 809.99 182.84 1031.13 358.61 1.41 0.50 1.32 1.60 1.56 3.60 2.51 0.078
