car -1 -1 -1.79 678.63 181.31 767.79 243.64 1.54 1.62 3.91 2.70 1.72 18.10 -1.65 1.000
car -1 -1 -1.88 800.18 197.74 1180.08 374.00 1.54 1.62 3.91 3.10 1.72 7.10 -1.47 0.999
car -1 -1 -2.73 319.01 167.79 483.81 232.52 1.54 1.62 3.91 -5.30 1.39 17.90 -3.02 0.999
car -1 -1 -1.77 651.81 176.44 703.76 220.45 1.46 1.49 2.95 2.40 1.72 27.40 -1.69 0.995
car -1 -1 -1.46 11.14 174.55 304.52 329.69 1.46 1.49 2.95 -4.80 1.39 7.60 -2.02 0.967
car -1 -1 0.44 239.04 175.28 433.16 247.50 1.54 1.62 3.91 -6.90 1.72 18.30 0.08 0.955
car -1 -1 -3.19 383.03 173.94 509.48 217.89 1.54 1.62 3.91 -5.90 1.72 25.70 -3.42 0.937
car -1 -1 -1.69 645.35 175.41 680.81 208.48 1.54 1.62 3.91 2.70 1.72 36.50 -1.61 0.917
car -1 -1 -1.80 480.45 170.32 559.35 201.11 1.54 1.62 3.91 -4.50 1.39 35.50 -1.92 0.503
car -1 -1 -1.54 155.65 175.40 331.70 276.03 1.46 1.49 2.95 -5.20 1.39 11.00 -1.98 0.133
