car -1 -1 1.54 565.66 166.91 598.94 199.47 2.48 1.81 4.73 -1.00 1.39 51.50 1.52 0.936
pedestrian -1 -1 2.16 398.59 148.75 462.20 357.82 1.76 0.66 0.49 -1.90 1.46 7.80 1.92 1.000
pedestrian -1 -1 -0.07 679.80 160.08 708.39 238.74 1.77 0.62 0.88 2.20 1.46 17.90 0.05 0.999
pedestrian -1 -1 0.35 709.63 161.13 729.77 231.22 1.76 0.66 0.49 3.50 1.46 20.80 0.51 0.999
pedestrian -1 -1 2.02 484.56 165.30 504.97 218.02 1.76 0.66 0.49 -3.80 1.15 26.50 1.88 0.999
pedestrian -1 -1 1.70 319.62 158.54 411.52 373.00 1.76 0.66 0.49 -1.80 1.77 5.70 1.40 0.998
pedestrian -1 -1 -0.59 635.08 150.93 667.09 239.30 1.87 0.84 1.11 1.50 1.77 22.50 -0.52 0.996
pedestrian -1 -1 -1.30 734.97 155.57 749.31 223.23 1.76 0.66 0.49 4.70 1.46 24.40 -1.11 0.953
pedestrian -1 -1 1.08 255.82 191.93 317.13 349.92 1.76 0.66 0.49 -3.90 2.08 8.60 0.65 0.791
pedestrian -1 -1 -0.34 934.03 175.00 954.66 247.11 1.76 0.66 0.49 10.50 1.77 21.80 0.11 0.484
pedestrian -1 -1 1.18 671.48 162.37 685.59 229.01 1.68 0.41 1.64 2.50 1.56 23.70 1.29 0.480
pedestrian -1 -1 -1.54 753.03 151.84 771.49 209.93 1.76 0.66 0.49 5.10 0.84 22.40 -1.32 0.439
pedestrian -1 -1 -1.11 626.38 153.07 647.65 221.14 1.87 0.84 1.11 1.70 1.15 34.70 -1.06 0.127
pedestrian -1 -1 0.48 307.42 179.73 343.59 336.59 1.76 0.66 0.49 -4.70 2.08 12.20 0.12 0.118
pedestrian -1 -1 -0.73 87.06 263.42 205.43 360.99 1.41 0.50 1.32 -4.40 2.27 7.20 -1.28 0.100
pedestrian -1 -1 0.54 1010.76 160.27 1025.20 206.89 1.76 0.66 0.49 20.50 1.15 35.20 1.07 0.087
pedestrian -1 -1 1.00 477.03 163.33 487.26 213.82 1.68 0.41 1.64 -7.10 1.21 42.90 0.83 0.057
