car -1 -1 -1.32 363.44 196.14 465.12 269.09 1.46 1.49 2.95 -4.60 2.06 17.20 -1.58 1.000
car -1 -1 -1.80 729.19 184.69 918.17 314.88 1.54 1.62 3.91 2.70 1.72 10.50 -1.55 1.000
car -1 -1 -1.65 666.45 180.03 738.66 235.36 1.46 1.49 2.95 2.60 1.72 20.80 -1.52 1.000
car -1 -1 -1.61 640.08 177.61 677.86 209.75 1.46 1.49 2.95 2.40 1.72 35.00 -1.54 0.999
car -1 -1 1.53 496.88 183.73 534.52 212.69 1.46 1.49 2.95 -4.80 2.06 37.80 1.41 0.998
car -1 -1 -1.11 434.91 182.69 510.26 231.23 1.54 1.62 3.91 -4.30 1.72 23.50 -1.29 0.998
car -1 -1 -0.98 728.25 186.85 852.44 238.18 1.54 1.62 3.91 5.70 2.06 23.50 -0.74 0.091
car -1 -1 -0.89 786.67 185.95 836.02 218.84 1.46 1.49 2.95 9.60 2.06 34.40 -0.62 0.061
car -1 -1 0.66 757.67 185.55 803.05 218.75 1.46 1.49 2.95 8.00 2.06 34.00 0.89 0.051
pedestrian -1 -1 1.31 410.97 181.33 423.12 226.96 1.76 0.66 0.49 -7.30 2.08 27.20 1.05 0.934
