car -1 -1 -1.81 701.22 181.59 845.82 276.06 1.54 1.62 3.91 2.70 1.72 13.10 -1.60 0.999
car -1 -1 -2.30 402.14 166.28 520.64 211.42 1.54 1.62 3.91 -4.90 1.39 25.30 -2.49 0.993
car -1 -1 -0.78 675.51 170.29 743.21 200.29 1.46 1.49 2.95 5.20 1.39 36.80 -0.64 0.980
car -1 -1 -2.16 217.63 160.86 455.45 243.78 1.54 1.62 3.91 -4.90 1.39 13.70 -2.50 0.927
car -1 -1 -1.00 41.25 168.57 291.28 299.01 2.48 1.81 4.73 -8.40 2.06 13.90 -1.55 0.843
car -1 -1 -1.71 488.61 168.78 557.90 196.69 1.54 1.62 3.91 -5.50 1.39 44.70 -1.83 0.529
car -1 -1 -0.25 708.39 169.77 796.22 213.51 1.46 1.49 2.95 5.00 1.39 26.00 -0.06 0.493
car -1 -1 -1.53 629.17 169.97 653.72 191.29 1.54 1.62 3.91 2.10 1.39 50.50 -1.48 0.267
car -1 -1 0.12 767.83 175.01 943.25 235.76 1.46 1.49 2.95 5.60 1.39 16.40 0.45 0.177
car -1 -1 -2.04 351.95 166.64 475.73 222.75 1.46 1.49 2.95 -5.20 1.39 19.20 -2.30 0.153
pedestrian -1 -1 -0.81 957.20 199.15 1073.13 362.08 1.77 0.62 0.88 3.80 1.77 6.90 -0.31 0.559
pedestrian -1 -1 -0.70 880.30 157.28 905.23 217.17 1.68 0.41 1.64 10.30 1.21 26.50 -0.32 0.501
pedestrian -1 -1 -0.82 1061.79 202.19 1152.24 350.06 1.76 0.66 0.49 4.70 1.77 6.80 -0.22 0.470
cyclist -1 -1 -0.24 905.42 239.79 1158.35 373.91 1.41 0.50 1.32 3.40 2.27 6.20 0.26 0.256
