car -1 -1 1.89 370.45 189.69 452.85 245.41 1.46 1.49 2.95 -5.80 2.06 21.60 1.63 0.999
car -1 -1 1.88 236.04 195.66 406.72 278.26 1.46 1.49 2.95 -6.20 2.06 15.40 1.50 0.999
car -1 -1 -1.40 760.86 179.72 1032.83 326.31 1.54 1.62 3.91 3.90 1.72 10.10 -1.04 0.999
car -1 -1 1.75 446.71 186.34 504.33 223.98 1.54 1.62 3.91 -5.30 2.06 29.50 1.57 0.999
car -1 -1 1.94 0.00 204.00 210.47 372.77 1.46 1.49 2.95 -5.60 1.72 7.20 1.28 0.999
car -1 -1 -1.46 717.08 178.09 846.25 266.43 1.54 1.62 3.91 3.50 1.72 15.90 -1.24 0.998
car -1 -1 1.05 679.16 180.05 741.42 226.79 1.46 1.49 2.95 3.40 1.72 25.00 1.18 0.997
car -1 -1 1.49 502.06 180.57 537.36 205.78 1.46 1.49 2.95 -5.60 2.06 44.00 1.37 0.986
car -1 -1 2.43 1005.57 151.62 1241.00 265.00 2.48 1.81 4.73 12.00 2.06 17.90 3.02 0.981
car -1 -1 -1.40 664.46 181.93 710.09 217.31 1.46 1.49 2.95 3.40 2.06 32.20 -1.29 0.977
car -1 -1 -1.28 646.77 179.80 690.70 208.43 1.46 1.49 2.95 2.60 1.72 34.00 -1.20 0.940
car -1 -1 1.74 13.97 187.01 188.73 267.35 1.46 1.49 2.95 -9.80 1.72 13.40 1.11 0.219
