car -1 -1 -1.21 242.74 171.10 481.55 349.04 1.54 1.62 3.91 -2.90 1.72 9.10 -1.51 1.000
car -1 -1 -1.40 589.90 171.03 617.70 199.63 1.46 1.49 2.95 -0.20 1.39 37.80 -1.41 0.976
car -1 -1 1.68 452.14 178.82 485.38 201.79 1.46 1.49 2.95 -10.20 2.06 51.80 1.49 0.768
pedestrian -1 -1 2.24 679.70 170.93 699.41 227.77 1.68 0.41 1.64 2.50 1.56 22.10 2.35 1.000
pedestrian -1 -1 2.54 702.22 161.98 724.62 235.05 1.76 0.66 0.49 2.90 1.46 20.20 2.69 0.923
pedestrian -1 -1 -0.08 734.21 153.78 756.31 221.53 1.77 0.62 0.88 5.40 1.15 28.70 0.11 0.521
pedestrian -1 -1 2.62 692.59 167.78 708.38 228.51 1.76 0.66 0.49 3.80 2.08 30.10 2.74 0.273
pedestrian -1 -1 2.12 715.81 159.50 732.69 232.53 1.76 0.66 0.49 3.30 1.46 21.00 2.27 0.117
cyclist -1 -1 0.85 703.62 160.86 782.82 240.74 1.75 0.62 1.83 2.80 1.56 16.20 1.02 0.966
cyclist -1 -1 0.37 849.92 190.81 866.74 215.73 1.41 0.50 1.32 11.60 2.27 33.60 0.70 0.171
cyclist -1 -1 1.52 661.72 165.72 737.28 229.03 1.75 0.62 1.83 2.40 1.21 17.80 1.65 0.058
