car -1 -1 -0.41 6.58 105.78 290.77 366.65 2.48 1.81 4.73 -6.20 1.72 8.30 -1.05 0.389
car -1 -1 -1.61 345.63 185.24 464.98 244.40 1.46 1.49 2.95 -5.60 1.72 19.60 -1.89 0.113
pedestrian -1 -1 -1.31 835.09 144.24 892.68 275.72 1.76 0.66 0.49 4.00 1.46 11.10 -0.96 1.000
pedestrian -1 -1 1.12 1001.24 139.81 1130.21 353.23 1.77 0.62 0.88 3.90 1.46 6.00 1.70 1.000
pedestrian -1 -1 1.51 479.68 138.76 501.92 213.49 1.76 0.66 0.49 -2.70 0.84 17.20 1.36 1.000
pedestrian -1 -1 1.49 553.68 146.69 579.28 232.15 1.76 0.66 0.49 -0.90 1.15 15.00 1.43 0.999
pedestrian -1 -1 0.88 512.62 145.79 541.27 233.63 1.77 0.62 0.88 -1.60 1.15 15.30 0.77 0.999
pedestrian -1 -1 1.26 645.74 140.96 668.27 195.58 1.87 0.84 1.11 1.90 0.84 25.30 1.34 0.975
pedestrian -1 -1 1.73 432.78 140.03 460.94 199.80 1.87 0.84 1.11 -4.10 0.84 19.10 1.52 0.768
pedestrian -1 -1 -2.07 293.88 140.12 317.95 220.18 1.76 0.66 0.49 -7.30 0.84 17.40 -2.47 0.606
pedestrian -1 -1 0.31 351.94 149.30 385.79 193.03 1.75 0.62 1.83 -10.60 0.85 32.40 -0.01 0.240
pedestrian -1 -1 1.59 456.33 139.38 476.46 200.35 1.76 0.66 0.49 -3.40 0.84 17.50 1.40 0.230
pedestrian -1 -1 -1.81 273.78 136.01 306.49 235.45 1.76 0.66 0.49 -7.30 1.15 16.40 -2.23 0.182
cyclist -1 -1 0.46 640.69 140.01 675.44 202.84 1.87 0.84 1.11 1.90 1.15 25.30 0.54 0.573
cyclist -1 -1 0.12 344.45 145.02 388.20 191.18 1.87 0.84 1.11 -7.10 0.84 20.90 -0.20 0.352
cyclist -1 -1 1.17 547.03 148.27 582.31 220.54 1.75 0.62 1.83 -1.80 0.85 29.40 1.11 0.199
cyclist -1 -1 1.39 421.12 140.37 468.54 204.57 1.87 0.84 1.11 -4.90 1.15 22.10 1.17 0.138
