car -1 -1 -1.61 666.46 179.29 732.57 229.75 1.54 1.62 3.91 2.90 1.72 23.30 -1.48 1.000
car -1 -1 0.89 0.04 177.50 264.35 366.12 1.46 1.49 2.95 -5.00 1.39 6.80 0.25 0.996
car -1 -1 -1.84 753.39 166.43 970.80 352.81 1.46 1.49 2.95 2.40 1.39 7.80 -1.54 0.990
car -1 -1 -2.66 386.38 175.47 503.69 217.94 1.54 1.62 3.91 -6.30 1.72 28.70 -2.87 0.990
car -1 -1 0.70 100.04 168.90 336.46 310.06 2.48 1.81 4.73 -7.20 2.06 13.70 0.22 0.975
car -1 -1 -1.22 251.53 178.33 457.19 247.07 1.54 1.62 3.91 -6.50 1.72 17.70 -1.57 0.964
car -1 -1 -0.04 714.55 174.06 833.14 216.71 1.54 1.62 3.91 6.50 1.72 28.70 0.18 0.948
car -1 -1 -2.91 429.41 171.19 523.91 207.39 1.46 1.49 2.95 -5.20 1.39 28.60 -3.09 0.873
car -1 -1 -1.44 510.29 176.31 548.27 204.65 1.46 1.49 2.95 -4.00 1.72 37.60 -1.54 0.327
car -1 -1 -2.07 164.94 177.65 385.74 260.48 1.54 1.62 3.91 -6.70 1.72 15.10 -2.49 0.261
car -1 -1 -1.64 627.86 176.04 655.41 197.71 1.46 1.49 2.95 2.20 1.72 48.80 -1.60 0.249
car -1 -1 -1.23 776.13 182.13 869.99 238.85 1.54 1.62 3.91 6.10 1.72 21.50 -0.95 0.147
