car -1 -1 1.38 553.23 169.73 587.57 201.89 2.48 1.81 4.73 -2.00 1.72 51.90 1.35 0.931
car -1 -1 -1.41 0.28 210.38 187.73 362.44 1.46 1.49 2.95 -5.80 1.72 7.80 -2.05 0.891
car -1 -1 -1.03 141.57 206.61 374.19 358.00 1.46 1.49 2.95 -3.80 1.72 8.40 -1.45 0.128
pedestrian -1 -1 0.75 635.96 160.69 664.63 246.98 1.76 0.66 0.49 1.10 1.46 15.80 0.82 1.000
pedestrian -1 -1 1.48 282.51 152.10 384.69 370.06 1.76 0.66 0.49 -2.20 1.46 5.70 1.11 1.000
pedestrian -1 -1 0.02 678.41 159.50 704.79 243.24 1.76 0.66 0.49 1.90 1.46 15.00 0.15 1.000
pedestrian -1 -1 1.77 465.67 165.63 484.78 224.82 1.76 0.66 0.49 -4.30 1.15 25.00 1.60 0.999
pedestrian -1 -1 -1.49 720.79 158.40 743.35 229.98 1.76 0.66 0.49 3.30 1.15 18.40 -1.31 0.999
pedestrian -1 -1 -0.22 704.49 164.01 731.38 231.92 1.76 0.66 0.49 3.50 1.46 22.00 -0.06 0.998
pedestrian -1 -1 -0.54 618.00 151.75 636.45 222.44 1.76 0.66 0.49 1.00 1.46 26.90 -0.50 0.995
pedestrian -1 -1 1.26 122.00 163.11 340.41 372.06 1.87 0.84 1.11 -2.10 1.77 3.90 0.77 0.989
pedestrian -1 -1 0.84 668.72 166.74 688.12 238.00 1.76 0.66 0.49 1.90 1.46 18.00 0.94 0.967
pedestrian -1 -1 -0.16 746.23 154.64 766.02 225.97 1.76 0.66 0.49 3.50 1.15 16.40 0.05 0.879
pedestrian -1 -1 0.26 447.56 168.88 464.20 217.75 1.77 0.62 0.88 -7.40 1.15 36.30 0.06 0.873
pedestrian -1 -1 -0.23 738.60 160.11 753.54 221.54 1.76 0.66 0.49 4.10 1.15 20.40 -0.04 0.441
pedestrian -1 -1 1.55 102.76 179.37 199.32 365.43 1.76 0.66 0.49 -4.10 2.08 6.40 0.98 0.185
pedestrian -1 -1 0.61 955.28 174.43 976.42 231.60 1.68 0.41 1.64 17.70 1.56 34.90 1.08 0.086
pedestrian -1 -1 1.61 460.99 164.25 472.15 223.80 1.76 0.66 0.49 -5.10 1.46 27.00 1.42 0.058
pedestrian -1 -1 -0.23 987.31 162.83 1014.98 276.08 1.76 0.66 0.49 10.10 1.77 18.20 0.28 0.055
