car -1 -1 -1.66 632.82 177.25 677.77 210.21 1.54 1.62 3.91 1.90 1.72 32.70 -1.60 0.999
car -1 -1 -1.38 976.52 185.49 1231.73 354.73 1.54 1.62 3.91 6.50 1.72 8.30 -0.72 0.996
car -1 -1 -1.73 380.38 177.01 509.45 213.54 1.54 1.62 3.91 -6.50 1.72 27.90 -1.96 0.994
car -1 -1 -2.13 130.77 164.94 381.34 271.08 2.48 1.81 4.73 -8.50 2.06 17.00 -2.60 0.990
car -1 -1 0.91 771.87 180.40 1035.22 264.64 1.54 1.62 3.91 5.50 1.72 13.30 1.30 0.987
car -1 -1 -0.91 864.87 181.44 1144.17 298.16 1.54 1.62 3.91 5.90 1.72 11.50 -0.44 0.970
car -1 -1 -1.61 618.69 174.66 648.60 199.10 1.54 1.62 3.91 1.70 1.72 48.50 -1.58 0.906
car -1 -1 -1.77 0.00 173.57 200.94 365.77 1.46 1.49 2.95 -6.00 1.72 7.80 -2.43 0.857
car -1 -1 -0.50 744.19 177.69 909.82 249.67 1.46 1.49 2.95 4.40 1.72 15.40 -0.22 0.461
car -1 -1 -0.39 245.02 164.76 412.27 247.98 2.48 1.81 4.73 -7.70 2.06 21.60 -0.73 0.183
car -1 -1 -1.41 455.36 175.20 529.50 203.19 1.54 1.62 3.91 -6.50 1.72 40.50 -1.57 0.150
pedestrian -1 -1 0.05 1071.34 165.49 1096.88 245.31 1.76 0.66 0.49 13.70 1.77 20.80 0.64 0.393
pedestrian -1 -1 -0.13 788.27 180.44 810.74 236.15 1.68 0.41 1.64 5.70 1.91 21.70 0.13 0.065
cyclist -1 -1 1.55 512.29 171.60 533.54 220.14 1.76 0.66 0.49 -2.80 1.46 22.10 1.42 0.999
