car -1 -1 -1.62 668.27 176.98 741.66 227.29 1.54 1.62 3.91 2.90 1.72 23.90 -1.50 0.999
car -1 -1 -1.68 734.73 181.50 928.76 309.17 1.54 1.62 3.91 2.90 1.72 11.10 -1.42 0.999
car -1 -1 -2.82 362.67 166.03 503.98 217.89 1.54 1.62 3.91 -5.50 1.39 22.30 -3.06 0.993
car -1 -1 -1.70 648.12 169.01 694.33 210.33 1.46 1.49 2.95 2.40 1.39 27.80 -1.62 0.987
car -1 -1 -2.53 161.36 168.82 391.40 269.39 1.46 1.49 2.95 -5.60 1.39 12.00 -2.97 0.986
car -1 -1 -2.56 441.40 173.49 519.56 207.16 1.54 1.62 3.91 -5.90 1.72 34.30 -2.73 0.892
car -1 -1 -1.91 271.95 170.38 390.85 247.19 1.46 1.49 2.95 -6.40 1.39 16.80 -2.27 0.590
car -1 -1 -0.05 13.61 155.63 333.46 300.42 2.48 1.81 4.73 -8.50 2.06 13.60 -0.61 0.571
car -1 -1 -0.11 846.39 208.23 1239.25 372.71 1.54 1.62 3.91 3.50 1.72 6.90 0.36 0.415
car -1 -1 -1.59 639.41 169.54 671.96 200.25 1.54 1.62 3.91 2.50 1.39 37.90 -1.53 0.341
car -1 -1 -0.88 299.02 173.00 464.90 227.85 1.46 1.49 2.95 -6.20 1.39 18.40 -1.21 0.287
car -1 -1 -1.78 500.48 168.02 559.82 194.46 1.54 1.62 3.91 -4.30 1.39 41.50 -1.88 0.105
pedestrian -1 -1 -0.67 76.74 140.09 116.78 236.87 1.76 0.66 0.49 -11.70 1.46 16.40 -1.29 0.084
