car -1 -1 -1.77 710.14 191.34 847.21 280.56 1.54 1.62 3.91 3.10 2.06 14.50 -1.56 0.999
car -1 -1 -1.70 662.02 188.07 721.19 233.13 1.46 1.49 2.95 2.60 2.06 24.80 -1.59 0.999
car -1 -1 -0.43 763.48 206.88 1039.58 366.28 1.54 1.62 3.91 2.70 1.72 8.10 -0.11 0.994
car -1 -1 -0.05 45.06 173.35 331.62 324.83 1.46 1.49 2.95 -4.40 1.39 8.00 -0.55 0.994
car -1 -1 -2.66 397.58 178.50 508.95 228.72 1.46 1.49 2.95 -4.60 1.72 21.00 -2.87 0.990
car -1 -1 -2.45 284.39 182.39 426.52 261.76 1.46 1.49 2.95 -5.40 1.72 15.60 -2.78 0.986
car -1 -1 -1.57 644.83 184.63 690.16 221.89 1.54 1.62 3.91 2.70 2.06 32.70 -1.48 0.981
car -1 -1 -0.62 152.71 172.79 409.92 279.00 1.54 1.62 3.91 -5.50 1.72 12.30 -1.04 0.881
car -1 -1 -1.98 471.37 184.15 531.74 214.81 1.46 1.49 2.95 -4.80 2.06 33.40 -2.13 0.489
car -1 -1 -2.24 506.23 181.01 560.29 209.34 1.46 1.49 2.95 -4.00 2.06 39.60 -2.34 0.083
