car -1 -1 1.94 164.15 178.38 366.48 285.88 1.54 1.62 3.91 -5.70 1.72 12.70 1.52 1.000
car -1 -1 1.62 517.42 177.39 557.05 206.96 1.54 1.62 3.91 -3.70 1.72 37.30 1.52 1.000
car -1 -1 0.49 427.78 182.48 480.90 217.41 1.54 1.62 3.91 -7.70 2.06 36.70 0.28 0.999
car -1 -1 1.75 319.67 178.21 430.65 246.58 1.54 1.62 3.91 -6.30 1.72 19.10 1.44 0.999
car -1 -1 1.44 490.04 179.77 522.76 204.46 1.46 1.49 2.95 -7.00 2.06 48.80 1.30 0.995
car -1 -1 1.85 697.69 161.98 778.72 192.77 2.48 1.81 4.73 8.50 1.72 49.40 2.02 0.982
car -1 -1 0.55 541.53 175.25 567.52 197.78 1.54 1.62 3.91 -3.70 1.72 49.30 0.48 0.228
car -1 -1 -1.23 1026.16 157.59 1108.29 196.69 2.48 1.81 4.73 27.60 1.72 43.10 -0.66 0.079
car -1 -1 -0.72 1084.68 150.42 1239.89 223.56 2.48 1.81 4.73 19.70 1.72 25.40 -0.06 0.056
pedestrian -1 -1 -1.72 668.14 165.20 690.58 204.07 1.77 0.62 0.88 3.50 1.77 36.20 -1.62 0.689
