car -1 -1 -1.80 719.88 181.69 849.15 283.99 1.54 1.62 3.91 3.10 1.72 13.70 -1.58 1.000
car -1 -1 -1.65 637.22 176.07 665.45 201.88 1.46 1.49 2.95 2.00 1.72 37.40 -1.60 0.994
car -1 -1 -2.53 360.09 173.90 499.25 223.74 1.54 1.62 3.91 -5.70 1.72 23.10 -2.78 0.989
car -1 -1 -1.40 173.51 179.24 424.51 262.76 1.54 1.62 3.91 -5.70 1.72 13.30 -1.81 0.983
car -1 -1 -2.12 17.35 180.32 381.26 321.90 1.54 1.62 3.91 -4.70 1.72 8.50 -2.62 0.980
car -1 -1 0.35 776.77 175.93 971.09 246.15 1.46 1.49 2.95 5.40 1.39 14.80 0.70 0.824
car -1 -1 -2.00 465.29 176.31 534.57 205.01 1.54 1.62 3.91 -5.70 1.72 38.10 -2.14 0.823
car -1 -1 -1.65 493.92 176.81 550.12 199.31 1.54 1.62 3.91 -6.10 2.06 52.70 -1.77 0.655
car -1 -1 -0.61 701.34 176.64 785.52 214.88 1.46 1.49 2.95 5.20 1.72 28.20 -0.43 0.641
car -1 -1 -2.33 283.78 177.11 456.98 240.95 1.54 1.62 3.91 -5.90 1.72 18.30 -2.65 0.599
cyclist -1 -1 0.30 560.66 170.23 575.46 200.97 1.75 0.62 1.83 -2.20 1.56 38.00 0.24 0.586
