car -1 -1 1.87 457.65 170.44 540.32 235.02 1.54 1.62 3.91 -2.70 1.39 20.10 1.73 0.999
car -1 -1 0.29 504.59 172.69 540.04 214.38 2.48 1.81 4.73 -5.20 2.06 47.70 0.18 0.105
pedestrian -1 -1 -1.45 490.80 166.10 543.08 296.29 1.87 0.84 1.11 -1.50 1.77 11.50 -1.58 1.000
pedestrian -1 -1 0.40 845.63 163.84 980.87 373.00 1.77 0.62 0.88 2.70 1.46 6.40 0.80 1.000
pedestrian -1 -1 -1.97 708.65 160.61 770.76 293.26 1.76 0.66 0.49 1.80 1.46 10.10 -1.80 1.000
pedestrian -1 -1 -1.98 628.96 157.59 698.09 322.91 1.76 0.66 0.49 0.60 1.46 7.70 -1.90 1.000
pedestrian -1 -1 1.38 578.75 159.16 611.75 269.13 1.76 0.66 0.49 -0.10 1.77 13.80 1.37 0.999
pedestrian -1 -1 -1.31 553.32 158.48 574.86 216.80 1.76 0.66 0.49 -1.20 1.15 25.10 -1.36 0.999
pedestrian -1 -1 -1.23 808.55 145.52 874.38 345.23 1.77 0.62 0.88 2.60 1.77 7.90 -0.91 0.991
pedestrian -1 -1 -2.17 352.46 153.26 400.28 274.92 1.76 0.66 0.49 -3.30 1.46 10.20 -2.48 0.942
pedestrian -1 -1 1.80 697.23 161.82 713.87 208.44 1.87 0.84 1.11 4.70 1.15 31.30 1.95 0.926
pedestrian -1 -1 0.50 479.61 165.82 490.57 206.07 1.76 0.66 0.49 -6.30 0.84 38.60 0.33 0.918
pedestrian -1 -1 -0.21 670.30 159.48 712.19 286.79 1.76 0.66 0.49 1.10 1.15 8.80 -0.09 0.894
pedestrian -1 -1 -1.74 620.60 158.99 654.10 262.58 1.75 0.62 1.83 0.80 1.56 17.40 -1.69 0.882
pedestrian -1 -1 -1.75 713.01 166.46 736.22 208.00 1.87 0.84 1.11 6.50 1.15 38.30 -1.59 0.374
pedestrian -1 -1 0.53 864.15 164.05 931.58 275.72 1.87 0.84 1.11 7.30 1.46 18.10 0.91 0.109
pedestrian -1 -1 -1.19 715.87 171.13 723.05 207.81 1.76 0.66 0.49 6.50 1.46 39.40 -1.03 0.055
