car -1 -1 1.64 473.22 189.44 542.49 243.91 1.46 1.49 2.95 -3.00 2.06 21.60 1.50 1.000
car -1 -1 -1.66 660.27 179.15 736.96 241.90 1.54 1.62 3.91 2.30 1.72 20.10 -1.54 1.000
car -1 -1 0.94 775.70 178.69 1064.36 371.51 1.54 1.62 3.91 3.10 1.72 8.10 1.31 0.999
car -1 -1 1.56 542.26 183.50 575.11 209.67 1.46 1.49 2.95 -2.60 2.06 37.20 1.49 0.998
car -1 -1 2.06 10.55 202.25 442.00 374.00 1.46 1.49 2.95 -3.40 1.72 6.60 1.58 0.995
car -1 -1 -1.75 645.44 178.12 698.69 223.74 1.54 1.62 3.91 2.10 1.72 25.10 -1.67 0.961
car -1 -1 -1.14 631.76 174.95 671.05 208.36 1.54 1.62 3.91 2.10 1.72 36.10 -1.08 0.872
car -1 -1 0.61 793.61 187.87 1016.87 268.08 1.54 1.62 3.91 5.30 1.72 13.50 0.99 0.823
car -1 -1 -1.27 784.15 190.20 879.70 256.17 1.46 1.49 2.95 5.60 2.06 19.00 -0.98 0.439
car -1 -1 1.10 144.77 197.51 422.38 307.83 1.46 1.49 2.95 -4.20 1.72 9.80 0.69 0.084
pedestrian -1 -1 1.60 780.96 190.85 799.76 248.50 1.76 0.66 0.49 5.90 2.08 23.60 1.85 0.890
