car -1 -1 -1.90 687.48 185.52 774.91 249.76 1.54 1.62 3.91 3.30 2.06 20.90 -1.74 1.000
car -1 -1 -1.81 0.00 189.64 294.50 324.42 1.54 1.62 3.91 -6.50 1.72 10.30 -2.37 0.988
car -1 -1 -1.12 296.72 178.70 469.67 244.69 1.54 1.62 3.91 -6.10 1.72 19.70 -1.42 0.981
car -1 -1 -2.28 748.24 185.76 851.74 224.25 1.46 1.49 2.95 7.00 2.06 26.00 -2.02 0.936
car -1 -1 -0.54 388.50 176.89 473.91 233.80 1.54 1.62 3.91 -5.90 1.72 24.30 -0.78 0.933
car -1 -1 -0.77 183.91 183.11 425.72 265.37 1.54 1.62 3.91 -6.50 1.72 15.30 -1.18 0.917
car -1 -1 0.26 469.94 179.05 547.79 206.71 1.54 1.62 3.91 -5.50 2.06 41.70 0.13 0.483
car -1 -1 -1.35 415.91 179.19 515.10 215.40 1.54 1.62 3.91 -5.10 1.72 28.10 -1.53 0.199
car -1 -1 -0.69 849.72 183.83 1189.03 374.00 1.54 1.62 3.91 3.90 1.72 7.90 -0.23 0.161
car -1 -1 -0.84 701.91 178.61 797.86 214.27 1.54 1.62 3.91 6.10 1.72 30.70 -0.64 0.097
car -1 -1 -0.30 320.36 176.42 396.50 236.09 1.46 1.49 2.95 -7.80 1.72 22.60 -0.63 0.090
