car -1 -1 -1.88 704.52 174.58 856.15 286.00 1.54 1.62 3.91 2.70 1.72 12.90 -1.68 1.000
car -1 -1 -1.60 675.08 179.79 760.69 245.85 1.54 1.62 3.91 2.50 1.72 18.70 -1.47 0.999
car -1 -1 -0.72 12.48 191.06 336.64 321.62 1.54 1.62 3.91 -5.50 1.72 9.10 -1.26 0.992
car -1 -1 0.25 637.66 176.07 673.48 203.38 1.54 1.62 3.91 2.30 1.72 35.90 0.32 0.985
car -1 -1 -1.77 654.10 173.72 707.26 219.77 1.54 1.62 3.91 2.70 1.72 27.30 -1.67 0.962
car -1 -1 -2.47 150.87 189.24 372.30 287.70 1.54 1.62 3.91 -5.70 1.72 12.30 -2.90 0.924
car -1 -1 -1.96 461.39 175.09 538.65 207.00 1.54 1.62 3.91 -5.10 1.72 34.30 -2.11 0.874
car -1 -1 -1.93 250.34 186.44 402.96 258.11 1.54 1.62 3.91 -6.30 1.72 16.30 -2.30 0.816
car -1 -1 -0.58 418.91 175.28 504.66 223.02 1.46 1.49 2.95 -4.80 1.72 24.00 -0.78 0.567
car -1 -1 -1.38 372.66 181.33 470.28 231.43 1.46 1.49 2.95 -5.80 1.72 22.20 -1.64 0.436
car -1 -1 -1.08 493.35 171.57 545.81 198.28 1.46 1.49 2.95 -5.00 1.39 42.20 -1.20 0.054
pedestrian -1 -1 -2.18 22.32 175.11 81.72 354.31 1.68 0.41 1.64 -6.70 1.91 8.10 -2.87 0.101
