car -1 -1 -1.60 635.31 181.15 674.58 215.54 1.46 1.49 2.95 2.00 2.06 33.00 -1.54 0.998
car -1 -1 -2.09 183.52 174.15 417.48 261.32 1.54 1.62 3.91 -6.90 1.72 15.50 -2.51 0.996
car -1 -1 -0.32 833.74 188.76 1129.87 286.96 1.54 1.62 3.91 6.10 1.72 11.90 0.15 0.991
car -1 -1 -1.01 980.53 179.66 1241.00 366.02 1.54 1.62 3.91 5.90 1.72 7.90 -0.37 0.986
car -1 -1 -2.61 18.05 185.76 320.54 302.21 1.54 1.62 3.91 -6.50 1.72 11.30 -3.13 0.985
car -1 -1 1.70 755.57 182.61 963.53 250.38 1.54 1.62 3.91 5.90 1.72 16.90 2.04 0.980
car -1 -1 -1.82 404.19 181.96 510.54 215.90 1.54 1.62 3.91 -5.70 1.72 28.10 -2.02 0.974
car -1 -1 1.82 731.87 176.31 857.26 242.19 1.54 1.62 3.91 3.90 1.39 16.70 2.05 0.671
car -1 -1 -1.70 619.71 178.62 646.66 201.30 1.46 1.49 2.95 1.20 1.72 38.60 -1.67 0.551
car -1 -1 -1.64 461.25 180.65 538.04 207.82 1.54 1.62 3.91 -5.90 2.06 39.30 -1.78 0.483
car -1 -1 -1.30 508.19 179.68 541.79 206.35 1.46 1.49 2.95 -4.80 2.06 42.00 -1.41 0.075
cyclist -1 -1 1.06 521.84 178.31 541.53 220.23 1.41 0.50 1.32 -3.00 1.56 27.60 0.95 0.997
