car -1 -1 -0.46 5.33 105.56 271.00 363.48 2.48 1.81 4.73 -6.80 1.72 8.90 -1.11 0.295
car -1 -1 -1.19 186.91 196.47 346.84 288.06 1.46 1.49 2.95 -6.00 1.72 12.60 -1.64 0.178
car -1 -1 -1.66 341.93 187.41 484.63 238.11 1.54 1.62 3.91 -5.90 1.72 21.90 -1.93 0.085
pedestrian -1 -1 1.14 718.95 135.47 775.18 279.15 1.77 0.62 0.88 2.10 1.15 10.60 1.33 1.000
pedestrian -1 -1 0.57 569.90 140.13 615.60 245.72 1.75 0.62 1.83 -0.20 1.21 12.00 0.56 1.000
pedestrian -1 -1 2.01 609.79 140.07 649.60 249.58 1.77 0.62 0.88 0.40 1.15 13.30 2.04 1.000
pedestrian -1 -1 0.71 649.19 144.27 717.99 293.11 1.76 0.66 0.49 1.00 1.46 9.10 0.82 1.000
pedestrian -1 -1 0.53 513.81 139.96 560.25 238.25 1.87 0.84 1.11 -1.30 1.15 13.30 0.43 0.999
pedestrian -1 -1 1.28 472.17 136.92 507.08 245.72 1.76 0.66 0.49 -2.10 1.15 13.00 1.12 0.999
pedestrian -1 -1 1.43 453.08 143.82 473.02 212.06 1.76 0.66 0.49 -3.50 0.84 17.60 1.24 0.995
pedestrian -1 -1 1.11 560.10 143.28 586.32 238.35 1.76 0.66 0.49 -0.70 1.15 13.20 1.05 0.979
pedestrian -1 -1 0.79 493.84 142.53 532.92 240.77 1.77 0.62 0.88 -1.80 1.15 13.10 0.65 0.962
pedestrian -1 -1 1.69 279.86 131.52 315.40 254.15 1.76 0.66 0.49 -6.50 0.84 15.00 1.28 0.374
pedestrian -1 -1 0.17 650.71 155.91 674.54 249.10 1.76 0.66 0.49 1.30 1.15 16.60 0.25 0.106
cyclist -1 -1 0.63 349.35 156.81 381.45 195.20 1.87 0.84 1.11 -13.70 0.84 40.50 0.30 0.103
cyclist -1 -1 0.56 265.10 134.45 324.43 247.32 1.76 0.66 0.49 -5.10 1.15 11.80 0.15 0.058
