pedestrian -1 -1 -1.35 425.26 170.18 455.93 263.76 1.76 0.66 0.49 -2.90 1.46 13.20 -1.57 0.999
pedestrian -1 -1 -1.21 677.57 164.47 702.82 259.10 1.87 0.84 1.11 2.50 1.77 19.50 -1.08 0.980
pedestrian -1 -1 1.14 720.06 165.39 749.30 255.21 1.75 0.62 1.83 3.20 1.56 17.40 1.33 0.921
pedestrian -1 -1 0.43 735.89 169.30 752.28 215.64 1.75 0.62 1.83 6.80 1.21 33.60 0.63 0.206
pedestrian -1 -1 1.06 753.52 163.57 773.03 210.43 1.87 0.84 1.11 8.30 0.84 36.50 1.28 0.071
cyclist -1 -1 0.21 703.99 166.17 778.24 244.04 1.75 0.62 1.83 3.20 1.21 16.60 0.41 0.954
cyclist -1 -1 0.60 571.92 162.79 598.83 222.84 1.87 0.84 1.11 -0.70 1.15 31.90 0.58 0.824
cyclist -1 -1 1.04 519.31 171.04 545.69 208.57 1.75 0.62 1.83 -3.40 1.21 34.00 0.94 0.562
cyclist -1 -1 -0.20 620.20 167.40 635.51 212.96 1.77 0.62 0.88 1.20 1.46 31.10 -0.16 0.555
cyclist -1 -1 -0.07 750.26 161.95 783.00 231.21 1.76 0.66 0.49 5.50 1.46 23.60 0.16 0.227
cyclist -1 -1 1.13 861.10 246.71 987.50 358.53 1.41 0.50 1.32 3.20 2.27 7.20 1.55 0.202
cyclist -1 -1 -0.96 915.96 145.61 944.45 209.26 1.76 0.66 0.49 11.70 0.84 25.40 -0.53 0.139
