car -1 -1 2.06 4.92 186.13 342.99 371.91 1.54 1.62 3.91 -4.50 1.72 8.10 1.55 0.999
car -1 -1 -2.09 733.59 177.42 951.89 308.00 1.54 1.62 3.91 2.90 1.72 10.10 -1.81 0.999
car -1 -1 -1.30 627.04 180.65 679.49 207.13 1.46 1.49 2.95 2.60 2.06 42.20 -1.24 0.981
car -1 -1 1.36 486.56 186.70 525.50 213.11 1.54 1.62 3.91 -5.10 2.06 36.30 1.22 0.741
car -1 -1 -1.41 686.68 191.41 802.86 244.73 1.46 1.49 2.95 3.80 2.06 20.20 -1.22 0.500
car -1 -1 -0.02 226.03 194.75 344.57 279.38 1.46 1.49 2.95 -7.20 2.06 16.20 -0.44 0.346
car -1 -1 -0.70 853.28 184.92 1229.20 374.00 1.46 1.49 2.95 4.00 1.72 6.60 -0.16 0.344
car -1 -1 -1.15 651.45 179.43 691.72 211.97 1.54 1.62 3.91 3.30 2.06 39.30 -1.06 0.266
car -1 -1 1.86 41.81 195.24 264.76 265.53 1.54 1.62 3.91 -10.50 2.06 16.50 1.30 0.088
pedestrian -1 -1 -0.47 1104.90 172.14 1222.91 353.77 1.41 0.50 1.32 4.60 1.56 6.00 0.18 0.112
pedestrian -1 -1 -0.89 57.18 201.85 107.40 276.91 1.76 0.66 0.49 -10.90 2.08 14.80 -1.52 0.093
