car -1 -1 -1.85 708.71 190.25 853.43 282.54 1.54 1.62 3.91 2.90 1.72 13.30 -1.64 1.000
car -1 -1 -1.72 658.01 180.91 727.13 234.58 1.46 1.49 2.95 2.40 1.72 21.00 -1.60 0.999
car -1 -1 -1.12 367.17 180.94 497.83 227.75 1.54 1.62 3.91 -5.50 1.72 22.70 -1.36 0.997
car -1 -1 -2.13 6.27 189.17 330.58 332.05 1.46 1.49 2.95 -5.40 1.72 8.40 -2.70 0.993
car -1 -1 -2.20 276.40 181.70 424.53 250.43 1.46 1.49 2.95 -6.20 1.72 17.20 -2.54 0.988
car -1 -1 -1.30 644.21 182.67 683.73 213.08 1.54 1.62 3.91 2.50 2.06 34.50 -1.23 0.983
car -1 -1 -1.96 481.41 175.96 543.85 205.77 1.46 1.49 2.95 -5.60 1.72 40.00 -2.10 0.980
car -1 -1 0.64 631.11 175.15 660.89 200.62 1.54 1.62 3.91 2.10 1.72 41.10 0.69 0.898
car -1 -1 -2.11 207.98 191.26 386.20 264.40 1.54 1.62 3.91 -6.90 2.06 16.10 -2.51 0.837
car -1 -1 -0.49 409.56 175.16 496.31 207.96 1.54 1.62 3.91 -8.10 1.72 36.50 -0.71 0.543
car -1 -1 0.16 51.13 192.35 278.10 267.25 1.46 1.49 2.95 -8.20 1.72 13.20 -0.40 0.125
