car -1 -1 -1.42 410.74 179.21 494.49 245.16 1.46 1.49 2.95 -4.00 1.72 18.60 -1.63 1.000
car -1 -1 -1.90 785.58 178.97 1133.02 373.83 1.54 1.62 3.91 3.30 1.72 7.90 -1.51 1.000
car -1 -1 -1.54 683.87 179.59 771.95 247.48 1.54 1.62 3.91 2.70 1.72 18.30 -1.39 1.000
car -1 -1 -1.32 290.79 200.89 437.94 295.00 1.46 1.49 2.95 -4.60 2.06 13.80 -1.64 0.999
car -1 -1 -1.57 647.92 176.77 691.15 210.00 1.46 1.49 2.95 2.60 1.72 32.80 -1.49 0.999
car -1 -1 1.55 489.58 182.61 528.67 214.96 1.46 1.49 2.95 -4.60 2.06 34.00 1.42 0.997
car -1 -1 1.79 525.59 183.01 550.84 205.73 1.46 1.49 2.95 -4.40 2.06 44.20 1.69 0.437
car -1 -1 0.34 773.03 188.51 975.88 261.87 1.54 1.62 3.91 5.30 1.72 14.90 0.68 0.187
car -1 -1 0.32 826.95 188.34 939.13 232.01 1.54 1.62 3.91 10.10 2.06 26.70 0.68 0.123
car -1 -1 -1.15 886.17 185.10 963.18 233.50 1.46 1.49 2.95 11.20 2.06 26.00 -0.75 0.064
pedestrian -1 -1 2.31 372.57 179.67 392.87 243.45 1.76 0.66 0.49 -6.90 2.08 22.00 2.00 0.995
cyclist -1 -1 1.18 832.64 184.11 882.89 234.64 1.41 0.50 1.32 8.80 1.91 25.00 1.52 0.168
