car -1 -1 -0.87 655.50 172.22 707.60 217.24 1.46 1.49 2.95 2.40 1.39 25.20 -0.78 1.000
car -1 -1 -1.06 724.86 191.06 917.16 302.19 1.54 1.62 3.91 3.10 1.72 11.50 -0.79 0.999
car -1 -1 -1.88 430.15 168.90 535.44 208.02 1.54 1.62 3.91 -5.10 1.39 29.10 -2.05 0.998
car -1 -1 -2.15 4.30 154.08 241.02 328.12 1.54 1.62 3.91 -5.90 1.39 7.90 -2.80 0.980
car -1 -1 -2.13 363.83 177.44 482.36 234.44 1.54 1.62 3.91 -5.70 1.72 22.10 -2.38 0.753
car -1 -1 -1.06 644.61 177.92 677.88 208.28 1.46 1.49 2.95 2.40 1.72 34.20 -0.99 0.154
car -1 -1 -1.84 114.53 171.26 392.16 258.72 1.54 1.62 3.91 -5.70 1.39 11.90 -2.29 0.096
car -1 -1 -0.89 633.33 175.10 666.29 199.59 1.46 1.49 2.95 2.00 1.39 35.80 -0.84 0.077
car -1 -1 -1.45 298.51 180.70 424.73 229.79 1.46 1.49 2.95 -7.80 1.72 22.60 -1.78 0.060
cyclist -1 -1 -2.07 1109.98 187.59 1175.61 229.76 1.41 0.50 1.32 11.60 1.56 15.80 -1.44 0.192
