car -1 -1 1.44 941.11 179.19 1002.30 205.69 1.54 1.62 3.91 23.50 2.06 46.30 1.91 0.981
car -1 -1 -1.26 1033.91 173.87 1151.71 216.68 1.54 1.62 3.91 19.10 1.72 28.70 -0.68 0.127
car -1 -1 -1.10 1051.85 168.07 1236.21 264.55 1.46 1.49 2.95 8.60 1.39 11.20 -0.45 0.055
pedestrian -1 -1 -0.53 1123.98 150.27 1166.58 267.33 1.76 0.66 0.49 9.70 1.46 13.00 0.11 1.000
pedestrian -1 -1 -1.87 372.55 162.62 384.42 196.59 1.76 0.66 0.49 -11.50 1.46 36.20 -2.17 0.272
pedestrian -1 -1 -1.74 1027.32 141.62 1071.45 229.66 1.87 0.84 1.11 15.10 0.84 24.90 -1.19 0.132
pedestrian -1 -1 0.08 800.99 167.01 814.77 212.00 1.76 0.66 0.49 9.00 1.46 32.50 0.35 0.080
pedestrian -1 -1 -1.20 1080.43 145.76 1114.97 274.20 1.76 0.66 0.49 11.30 1.46 16.80 -0.61 0.063
cyclist -1 -1 -1.51 1004.72 148.87 1113.94 289.49 1.77 0.62 0.88 5.10 1.46 8.20 -0.95 1.000
cyclist -1 -1 -0.28 800.22 166.13 821.47 211.20 1.68 0.41 1.64 8.10 1.56 29.30 -0.01 0.998
