car -1 -1 -1.69 645.45 181.67 692.93 216.46 1.54 1.62 3.91 2.90 2.06 35.30 -1.61 0.999
car -1 -1 -2.46 102.31 177.81 357.58 272.80 1.54 1.62 3.91 -7.30 1.72 13.90 -2.95 0.991
car -1 -1 -0.87 376.57 177.06 504.94 223.45 1.54 1.62 3.91 -5.50 1.72 23.70 -1.09 0.946
car -1 -1 -2.01 202.38 180.13 437.91 250.79 1.54 1.62 3.91 -6.10 1.72 15.70 -2.38 0.939
car -1 -1 0.52 417.97 165.04 534.59 215.46 2.48 1.81 4.73 -6.70 2.06 36.20 0.34 0.773
car -1 -1 0.89 892.70 204.46 1229.57 367.97 1.54 1.62 3.91 4.10 2.06 6.50 1.45 0.346
car -1 -1 -1.03 489.02 176.15 553.81 200.02 1.54 1.62 3.91 -5.30 1.72 44.30 -1.14 0.332
car -1 -1 -1.62 648.23 176.83 752.86 215.75 1.54 1.62 3.91 4.10 1.72 29.90 -1.48 0.130
car -1 -1 -1.79 680.76 116.26 849.69 274.24 2.48 1.81 4.73 2.60 1.39 12.90 -1.59 0.108
car -1 -1 -2.22 309.07 182.18 456.37 235.84 1.54 1.62 3.91 -7.50 2.06 24.70 -2.52 0.058
