car -1 -1 -1.72 634.97 178.71 671.78 208.56 1.46 1.49 2.95 2.20 1.72 36.40 -1.66 0.999
car -1 -1 -0.68 871.37 188.69 1198.24 290.95 1.54 1.62 3.91 6.10 1.72 10.50 -0.16 0.998
car -1 -1 0.41 143.86 176.34 419.58 273.96 1.54 1.62 3.91 -5.90 1.72 12.90 -0.02 0.997
car -1 -1 -2.52 291.11 176.26 451.70 238.74 1.54 1.62 3.91 -6.30 1.72 19.70 -2.83 0.991
car -1 -1 -0.22 720.81 179.26 854.98 230.54 1.54 1.62 3.91 5.90 1.72 23.90 0.03 0.990
car -1 -1 -1.78 396.47 175.84 514.32 216.22 1.54 1.62 3.91 -5.50 1.72 26.30 -1.99 0.978
car -1 -1 -0.64 843.26 181.96 1039.55 271.41 1.54 1.62 3.91 6.30 1.72 14.50 -0.23 0.959
car -1 -1 -2.26 14.69 184.81 322.40 327.88 1.54 1.62 3.91 -5.50 1.72 9.30 -2.80 0.937
car -1 -1 -2.24 367.24 178.73 468.56 226.75 1.54 1.62 3.91 -5.70 1.72 22.10 -2.50 0.413
car -1 -1 -0.03 448.92 174.69 532.51 208.22 1.54 1.62 3.91 -5.70 1.72 36.10 -0.19 0.174
