car -1 -1 1.51 479.93 167.57 522.45 203.02 2.48 1.81 4.73 -6.20 1.39 45.90 1.38 0.997
pedestrian -1 -1 -1.09 727.52 159.77 747.84 219.40 1.76 0.66 0.49 4.30 1.15 22.80 -0.91 0.996
pedestrian -1 -1 0.60 709.13 156.71 728.94 228.88 1.76 0.66 0.49 2.90 1.15 18.00 0.76 0.985
pedestrian -1 -1 0.21 243.27 155.28 282.36 316.96 1.76 0.66 0.49 -5.50 2.08 11.60 -0.23 0.925
pedestrian -1 -1 -1.32 611.73 152.00 655.90 305.75 1.77 0.62 0.88 0.60 1.77 11.90 -1.27 0.736
pedestrian -1 -1 -1.21 677.37 157.65 707.95 298.42 1.76 0.66 0.49 1.30 1.46 10.40 -1.09 0.409
pedestrian -1 -1 2.11 274.68 156.86 340.08 347.06 1.77 0.62 0.88 -3.90 2.08 9.40 1.72 0.172
pedestrian -1 -1 -2.13 682.70 170.53 702.30 218.45 1.87 0.84 1.11 4.70 1.46 36.10 -2.00 0.094
cyclist -1 -1 1.08 432.41 167.95 490.35 271.22 1.87 0.84 1.11 -3.90 1.77 19.30 0.88 0.975
cyclist -1 -1 2.02 255.71 161.26 362.11 352.25 1.77 0.62 0.88 -3.50 1.77 8.80 1.65 0.965
cyclist -1 -1 -1.30 706.86 161.08 762.30 227.43 1.75 0.62 1.83 2.60 1.21 14.40 -1.12 0.111
cyclist -1 -1 1.17 0.00 182.16 172.06 322.10 1.41 0.50 1.32 -5.40 1.56 7.40 0.54 0.085
cyclist -1 -1 0.44 360.78 166.50 383.17 229.14 1.76 0.66 0.49 -6.90 1.46 22.00 0.14 0.055
