car -1 -1 -1.39 712.64 190.85 862.85 284.43 1.54 1.62 3.91 3.30 2.06 13.90 -1.15 1.000
car -1 -1 -0.79 654.93 174.64 701.78 215.87 1.54 1.62 3.91 2.90 1.72 31.10 -0.70 0.999
car -1 -1 -1.58 441.02 169.54 541.87 208.90 1.54 1.62 3.91 -4.90 1.39 30.10 -1.74 0.994
car -1 -1 -2.11 38.00 157.35 306.48 296.32 1.54 1.62 3.91 -5.90 1.39 10.70 -2.62 0.983
car -1 -1 -1.90 352.86 177.95 494.39 231.08 1.54 1.62 3.91 -5.90 1.72 23.50 -2.14 0.890
car -1 -1 -1.03 4.62 177.51 203.91 370.92 1.54 1.62 3.91 -6.30 1.72 8.10 -1.69 0.643
car -1 -1 -2.01 255.98 178.73 445.65 243.14 1.54 1.62 3.91 -6.10 1.72 17.50 -2.34 0.071
pedestrian -1 -1 -0.24 146.66 179.32 198.17 283.30 1.41 0.50 1.32 -8.00 1.91 13.20 -0.79 0.186
pedestrian -1 -1 0.89 309.25 163.19 321.19 210.30 1.76 0.66 0.49 -13.90 1.46 34.20 0.50 0.093
pedestrian -1 -1 -1.68 1084.90 186.98 1119.71 231.63 1.41 0.50 1.32 19.80 2.27 29.40 -1.09 0.053
cyclist -1 -1 -2.02 1075.78 187.22 1133.72 232.46 1.41 0.50 1.32 13.60 1.91 20.20 -1.42 0.813
