car -1 -1 1.43 531.16 168.26 577.85 208.09 2.48 1.81 4.73 -2.40 1.72 40.90 1.37 0.899
car -1 -1 1.68 8.24 218.60 184.37 367.96 1.46 1.49 2.95 -6.80 2.06 8.80 1.02 0.067
pedestrian -1 -1 -1.28 687.32 156.82 751.02 344.29 1.76 0.66 0.49 1.30 1.77 8.20 -1.13 0.999
pedestrian -1 -1 -1.78 218.23 164.31 275.35 349.19 1.76 0.66 0.49 -4.70 2.08 9.40 -2.24 0.998
pedestrian -1 -1 -1.59 749.18 157.47 802.81 338.79 1.76 0.66 0.49 1.90 1.77 8.40 -1.37 0.997
pedestrian -1 -1 -1.14 873.05 158.83 919.96 255.73 1.87 0.84 1.11 8.50 1.46 20.50 -0.75 0.978
pedestrian -1 -1 2.62 6.57 140.01 105.96 369.63 1.77 0.62 0.88 -5.00 1.46 6.30 1.95 0.962
pedestrian -1 -1 1.26 63.87 144.48 173.03 362.59 1.76 0.66 0.49 -3.80 1.77 5.70 0.67 0.870
pedestrian -1 -1 -1.19 468.55 164.54 482.98 216.56 1.76 0.66 0.49 -5.20 1.46 29.90 -1.36 0.845
pedestrian -1 -1 1.98 425.44 172.88 443.50 215.66 1.75 0.62 1.83 -8.80 1.56 38.20 1.75 0.724
pedestrian -1 -1 -1.89 794.33 164.72 815.06 209.95 1.77 0.62 0.88 8.90 0.84 31.40 -1.61 0.640
pedestrian -1 -1 0.45 836.88 158.33 858.83 215.49 1.77 0.62 0.88 10.70 1.46 30.80 0.78 0.307
pedestrian -1 -1 -1.33 742.11 168.81 767.53 276.11 1.76 0.66 0.49 3.70 1.46 17.20 -1.11 0.178
pedestrian -1 -1 -1.78 789.30 152.93 821.17 268.79 1.75 0.62 1.83 5.60 1.56 19.80 -1.51 0.069
pedestrian -1 -1 -1.41 764.50 182.57 793.17 226.76 1.41 0.50 1.32 9.40 1.91 38.00 -1.16 0.051
cyclist -1 -1 0.02 856.88 142.90 965.66 367.39 1.68 0.41 1.64 2.70 1.56 6.30 0.42 0.551
cyclist -1 -1 1.74 413.40 167.00 456.69 240.35 1.87 0.84 1.11 -4.30 1.77 18.70 1.51 0.324
cyclist -1 -1 2.13 0.00 170.74 191.20 363.77 1.77 0.62 0.88 -3.70 2.08 5.00 1.50 0.083
