car -1 -1 -1.63 694.03 183.46 786.60 254.68 1.54 1.62 3.91 3.30 2.06 19.70 -1.46 0.999
car -1 -1 -1.99 320.13 179.36 477.26 238.12 1.54 1.62 3.91 -5.70 1.72 19.70 -2.27 0.993
car -1 -1 -2.72 2.95 186.25 246.61 316.89 1.46 1.49 2.95 -7.00 1.72 10.00 -3.33 0.975
car -1 -1 -2.44 389.86 173.09 507.46 217.67 1.46 1.49 2.95 -5.00 1.39 22.40 -2.66 0.957
car -1 -1 -1.15 212.28 176.89 434.86 270.27 1.54 1.62 3.91 -5.90 1.72 14.90 -1.53 0.945
car -1 -1 0.01 747.32 177.78 909.34 231.70 1.46 1.49 2.95 5.40 1.39 17.60 0.31 0.891
car -1 -1 -1.59 636.27 177.98 662.72 201.37 1.54 1.62 3.91 2.90 2.06 53.50 -1.53 0.620
car -1 -1 -1.82 483.32 179.22 547.62 209.54 1.46 1.49 2.95 -4.40 1.72 33.60 -1.95 0.605
car -1 -1 -0.88 689.81 175.01 751.99 208.77 1.46 1.49 2.95 5.60 1.72 35.80 -0.72 0.517
car -1 -1 -0.99 62.75 186.20 386.65 281.33 1.46 1.49 2.95 -5.40 1.39 9.80 -1.49 0.197
car -1 -1 0.41 723.66 178.23 802.67 226.81 1.54 1.62 3.91 5.30 1.72 25.30 0.62 0.086
cyclist -1 -1 0.95 567.08 171.18 583.57 199.85 1.41 0.50 1.32 -1.60 1.56 33.80 0.90 0.072
