car -1 -1 1.58 477.28 169.21 521.23 206.01 2.48 1.81 4.73 -6.40 1.72 44.50 1.44 0.996
pedestrian -1 -1 -0.93 731.12 162.08 755.48 229.87 1.75 0.62 1.83 5.20 1.21 26.40 -0.73 0.993
pedestrian -1 -1 -1.25 671.34 157.78 713.78 312.11 1.76 0.66 0.49 1.20 1.77 9.70 -1.12 0.972
pedestrian -1 -1 0.98 194.77 151.81 271.84 369.92 1.76 0.66 0.49 -3.90 1.46 7.60 0.50 0.878
pedestrian -1 -1 1.12 710.86 159.06 733.61 227.00 1.76 0.66 0.49 3.30 1.15 20.20 1.28 0.838
pedestrian -1 -1 2.33 442.12 160.83 465.94 248.81 1.76 0.66 0.49 -3.50 1.15 17.40 2.13 0.776
pedestrian -1 -1 2.61 145.19 166.36 230.34 370.60 1.76 0.66 0.49 -4.60 2.08 7.90 2.08 0.594
pedestrian -1 -1 -1.07 611.70 144.66 653.40 311.72 1.76 0.66 0.49 0.50 1.46 11.80 -1.03 0.282
pedestrian -1 -1 -0.56 619.40 164.23 643.91 219.11 1.77 0.62 0.88 1.30 1.15 31.00 -0.52 0.235
pedestrian -1 -1 -1.39 679.91 169.32 705.11 221.97 1.75 0.62 1.83 3.60 1.21 27.40 -1.26 0.077
pedestrian -1 -1 1.75 408.92 167.27 445.67 291.12 1.76 0.66 0.49 -3.10 1.77 13.20 1.52 0.074
cyclist -1 -1 1.53 389.83 165.21 463.84 297.14 1.87 0.84 1.11 -3.50 1.46 13.90 1.28 0.995
cyclist -1 -1 2.51 88.55 165.01 295.70 364.96 1.41 0.50 1.32 -3.00 1.56 5.20 1.98 0.873
cyclist -1 -1 1.66 433.43 164.47 474.88 247.20 1.87 0.84 1.11 -3.70 1.15 17.70 1.46 0.829
cyclist -1 -1 -0.75 635.17 159.58 772.38 301.03 1.75 0.62 1.83 1.60 1.56 9.60 -0.58 0.777
cyclist -1 -1 -0.98 708.34 162.02 761.04 229.66 1.75 0.62 1.83 4.60 1.56 25.80 -0.80 0.211
