car -1 -1 -1.96 739.66 182.07 970.21 338.53 1.54 1.62 3.91 3.30 1.72 10.30 -1.65 0.997
car -1 -1 -0.34 683.00 175.13 752.12 204.71 1.46 1.49 2.95 5.60 1.72 39.40 -0.20 0.996
car -1 -1 -2.39 344.61 171.22 491.39 222.03 1.54 1.62 3.91 -5.70 1.39 21.30 -2.65 0.976
car -1 -1 -0.27 50.35 171.67 379.15 286.57 1.54 1.62 3.91 -6.10 1.72 11.30 -0.76 0.960
car -1 -1 -2.58 420.93 168.05 520.96 213.74 1.54 1.62 3.91 -5.50 1.39 28.70 -2.77 0.876
car -1 -1 -0.73 169.83 160.15 437.27 250.59 1.54 1.62 3.91 -5.70 1.39 13.70 -1.13 0.412
car -1 -1 -1.77 478.29 169.38 552.07 199.65 1.54 1.62 3.91 -4.90 1.39 39.10 -1.89 0.405
car -1 -1 -1.64 631.85 174.20 657.75 197.08 1.54 1.62 3.91 2.50 1.72 53.10 -1.60 0.305
car -1 -1 -0.61 719.20 173.11 799.67 210.73 1.46 1.49 2.95 5.20 1.39 26.60 -0.42 0.059
pedestrian -1 -1 -0.20 290.29 153.57 304.77 198.90 1.76 0.66 0.49 -12.50 1.15 28.80 -0.61 0.087
