pedestrian -1 -1 2.00 426.64 162.69 477.50 273.16 1.75 0.62 1.83 -2.80 1.56 13.80 1.80 1.000
pedestrian -1 -1 -1.19 575.84 164.50 609.41 272.32 1.76 0.66 0.49 -0.20 1.77 14.30 -1.20 1.000
pedestrian -1 -1 0.28 555.61 168.01 575.13 225.29 1.77 0.62 0.88 -1.40 1.46 27.90 0.23 0.999
pedestrian -1 -1 1.58 768.18 141.53 812.53 274.48 1.75 0.62 1.83 3.80 1.21 14.80 1.83 0.997
pedestrian -1 -1 -0.27 837.52 156.13 854.07 220.90 1.76 0.66 0.49 7.50 1.15 22.00 0.06 0.992
pedestrian -1 -1 1.34 226.89 154.89 274.05 267.28 1.87 0.84 1.11 -8.90 1.15 18.30 0.89 0.982
pedestrian -1 -1 -0.74 896.87 140.36 934.13 302.33 1.76 0.66 0.49 4.10 1.46 9.60 -0.34 0.923
pedestrian -1 -1 -1.76 532.46 168.55 549.29 217.68 1.76 0.66 0.49 -2.20 1.46 26.90 -1.84 0.881
pedestrian -1 -1 1.05 600.96 160.72 616.16 223.57 1.76 0.66 0.49 0.30 1.46 27.20 1.06 0.582
pedestrian -1 -1 0.12 828.48 152.42 844.15 223.11 1.76 0.66 0.49 7.50 1.15 23.20 0.43 0.506
pedestrian -1 -1 -0.66 362.74 191.39 389.54 263.34 1.76 0.66 0.49 -5.10 1.77 16.20 -0.96 0.429
pedestrian -1 -1 -0.16 633.38 166.57 645.27 214.02 1.76 0.66 0.49 1.90 1.15 34.80 -0.10 0.127
pedestrian -1 -1 0.32 571.24 164.66 584.50 226.26 1.76 0.66 0.49 -0.70 1.46 21.60 0.29 0.122
cyclist -1 -1 1.15 745.03 135.16 835.71 318.90 1.87 0.84 1.11 2.30 1.46 8.90 1.41 0.992
cyclist -1 -1 -0.17 495.06 170.00 537.18 259.59 1.75 0.62 1.83 -2.40 1.56 19.40 -0.29 0.982
cyclist -1 -1 2.23 176.49 168.48 304.49 333.01 1.68 0.41 1.64 -3.10 1.56 6.10 1.76 0.290
cyclist -1 -1 0.80 0.00 197.31 261.64 341.62 1.68 0.41 1.64 -3.50 1.56 5.30 0.21 0.089
