car -1 -1 -0.61 5.42 108.33 284.89 367.68 2.48 1.81 4.73 -6.00 1.72 8.10 -1.25 0.485
pedestrian -1 -1 0.82 736.99 141.60 810.75 300.88 1.76 0.66 0.49 2.00 1.46 8.70 1.05 1.000
pedestrian -1 -1 1.23 832.15 146.74 894.44 294.67 1.76 0.66 0.49 3.30 1.46 9.00 1.58 1.000
pedestrian -1 -1 0.83 633.30 141.18 675.91 265.03 1.68 0.41 1.64 0.70 1.21 10.70 0.90 1.000
pedestrian -1 -1 0.92 675.81 140.35 737.83 297.55 1.87 0.84 1.11 1.50 1.46 10.70 1.06 1.000
pedestrian -1 -1 1.06 493.67 141.98 544.11 295.72 1.76 0.66 0.49 -1.10 1.46 9.40 0.95 1.000
pedestrian -1 -1 1.00 869.36 138.07 1137.08 362.22 1.87 0.84 1.11 2.10 1.77 3.70 1.52 0.999
pedestrian -1 -1 1.17 554.76 144.67 610.66 280.73 1.76 0.66 0.49 -0.30 1.15 7.60 1.13 0.998
pedestrian -1 -1 1.00 902.61 143.01 980.24 313.87 1.76 0.66 0.49 3.40 1.46 7.50 1.43 0.998
pedestrian -1 -1 1.28 479.12 139.81 504.71 233.63 1.76 0.66 0.49 -2.10 1.15 13.40 1.13 0.990
pedestrian -1 -1 1.35 603.20 148.61 648.12 280.05 1.41 0.50 1.32 0.20 0.85 8.00 1.37 0.987
pedestrian -1 -1 1.04 524.69 147.67 579.66 290.69 1.87 0.84 1.11 -0.90 1.46 10.10 0.95 0.738
pedestrian -1 -1 1.58 259.35 131.41 293.82 260.50 1.76 0.66 0.49 -7.90 1.15 17.00 1.14 0.661
pedestrian -1 -1 0.10 297.44 142.61 324.54 217.75 1.76 0.66 0.49 -8.30 0.84 20.00 -0.30 0.293
pedestrian -1 -1 1.55 1032.69 125.68 1120.93 343.48 1.76 0.66 0.49 6.10 1.15 9.20 2.14 0.123
pedestrian -1 -1 0.65 229.20 194.92 267.40 263.82 1.41 0.50 1.32 -12.20 2.27 24.20 0.19 0.101
cyclist -1 -1 0.23 280.08 145.06 341.13 219.27 1.87 0.84 1.11 -7.70 1.15 18.10 -0.17 0.676
cyclist -1 -1 -0.58 343.12 148.36 381.56 202.59 1.76 0.66 0.49 -7.00 0.84 20.10 -0.91 0.089
