car -1 -1 -1.78 719.07 176.29 882.71 289.73 1.54 1.62 3.91 3.30 1.72 12.70 -1.52 1.000
car -1 -1 -1.50 667.20 170.27 723.71 217.54 1.46 1.49 2.95 3.00 1.39 25.80 -1.39 0.993
car -1 -1 -2.17 377.09 178.57 495.33 225.46 1.54 1.62 3.91 -6.10 1.72 25.30 -2.40 0.992
car -1 -1 -2.20 17.89 184.34 344.09 341.50 1.54 1.62 3.91 -5.30 1.72 9.10 -2.73 0.981
car -1 -1 -0.10 150.77 180.77 383.74 271.83 1.54 1.62 3.91 -6.50 1.72 13.70 -0.55 0.935
car -1 -1 -1.37 654.36 172.19 687.40 198.31 1.46 1.49 2.95 3.00 1.39 36.80 -1.28 0.801
car -1 -1 -2.50 427.92 176.96 507.71 213.27 1.46 1.49 2.95 -6.20 1.72 32.20 -2.69 0.793
car -1 -1 -1.38 492.61 170.48 563.38 199.45 1.46 1.49 2.95 -3.60 1.39 33.40 -1.49 0.257
car -1 -1 -1.92 291.98 181.38 463.98 235.04 1.54 1.62 3.91 -6.50 1.72 20.10 -2.23 0.130
car -1 -1 -2.23 466.44 174.26 516.34 207.37 1.46 1.49 2.95 -6.00 1.72 36.80 -2.39 0.121
