car -1 -1 -0.95 3.85 108.86 296.02 360.71 2.48 1.81 4.73 -6.00 1.72 8.90 -1.54 0.376
car -1 -1 -1.08 334.75 181.53 465.64 238.85 1.54 1.62 3.91 -6.70 1.72 22.70 -1.37 0.284
car -1 -1 -0.90 179.53 197.51 342.95 291.18 1.46 1.49 2.95 -6.00 1.72 12.40 -1.35 0.088
car -1 -1 -1.74 236.74 190.49 478.30 279.76 1.54 1.62 3.91 -4.50 1.72 12.50 -2.09 0.060
pedestrian -1 -1 1.37 604.06 134.46 637.78 235.84 1.76 0.66 0.49 0.30 1.15 12.20 1.39 1.000
pedestrian -1 -1 1.31 488.84 139.51 513.61 218.10 1.76 0.66 0.49 -2.30 0.84 15.60 1.16 1.000
pedestrian -1 -1 0.92 563.26 142.81 603.91 235.01 1.87 0.84 1.11 -0.50 1.15 13.90 0.88 1.000
pedestrian -1 -1 0.91 894.79 131.28 988.94 347.28 1.76 0.66 0.49 2.90 1.46 6.20 1.35 1.000
pedestrian -1 -1 0.91 798.75 137.22 918.56 362.77 1.77 0.62 0.88 1.90 1.46 5.40 1.25 0.999
pedestrian -1 -1 0.09 687.66 145.52 703.48 203.17 1.77 0.62 0.88 3.20 0.84 25.50 0.22 0.999
pedestrian -1 -1 1.15 523.14 139.11 553.81 223.23 1.76 0.66 0.49 -1.60 1.15 16.90 1.06 0.999
pedestrian -1 -1 1.50 436.74 143.60 466.34 215.48 1.87 0.84 1.11 -5.10 1.15 23.30 1.29 0.996
pedestrian -1 -1 1.13 470.17 140.03 496.51 217.27 1.41 0.50 1.32 -2.40 0.85 14.00 0.96 0.883
pedestrian -1 -1 0.91 558.02 142.04 577.05 227.75 1.76 0.66 0.49 -1.10 1.15 18.80 0.86 0.554
pedestrian -1 -1 0.63 258.74 130.38 289.21 248.46 1.76 0.66 0.49 -7.50 1.46 16.00 0.19 0.335
pedestrian -1 -1 0.44 285.39 141.00 307.57 223.98 1.76 0.66 0.49 -10.30 0.84 23.60 0.02 0.182
pedestrian -1 -1 1.31 506.09 141.56 523.78 218.08 1.76 0.66 0.49 -2.50 1.15 20.00 1.19 0.087
pedestrian -1 -1 0.56 806.59 161.03 841.43 288.30 1.76 0.66 0.49 4.90 1.46 16.00 0.86 0.062
pedestrian -1 -1 1.01 547.03 141.31 562.24 222.52 1.76 0.66 0.49 -1.30 1.15 18.20 0.94 0.056
cyclist -1 -1 -1.76 346.60 153.59 381.15 195.33 1.87 0.84 1.11 -10.70 0.84 32.10 -2.08 0.975
cyclist -1 -1 2.61 408.54 146.85 436.63 201.36 1.76 0.66 0.49 -5.10 0.84 19.80 2.36 0.750
cyclist -1 -1 0.71 425.36 138.18 475.79 244.34 1.68 0.41 1.64 -2.70 1.21 12.30 0.50 0.246
