car -1 -1 -1.92 754.55 205.75 1128.00 367.10 1.46 1.49 2.95 2.80 1.72 6.80 -1.53 0.999
car -1 -1 1.79 267.25 202.63 397.29 298.13 1.46 1.49 2.95 -5.40 2.06 14.20 1.43 0.999
car -1 -1 -1.62 672.76 193.60 838.14 303.71 1.54 1.62 3.91 2.30 2.06 12.30 -1.43 0.999
car -1 -1 1.04 568.49 187.00 615.37 226.85 1.54 1.62 3.91 -0.70 2.06 28.50 1.01 0.998
car -1 -1 2.09 0.00 213.67 338.27 372.68 1.54 1.62 3.91 -4.90 2.06 8.10 1.55 0.997
car -1 -1 1.79 388.47 179.93 457.39 237.91 1.46 1.49 2.95 -5.80 1.72 22.00 1.53 0.996
car -1 -1 -1.64 609.42 184.11 710.48 262.67 1.46 1.49 2.95 1.00 1.72 15.20 -1.58 0.995
car -1 -1 -1.50 585.98 188.12 647.57 238.88 1.54 1.62 3.91 0.10 2.06 23.50 -1.50 0.985
car -1 -1 1.78 444.12 184.55 481.90 212.84 1.46 1.49 2.95 -7.20 2.06 35.00 1.58 0.941
car -1 -1 -1.38 544.64 184.07 576.18 207.74 1.46 1.49 2.95 -2.80 2.06 41.40 -1.45 0.620
