car -1 -1 1.73 421.47 184.35 506.53 241.53 1.54 1.62 3.91 -3.90 1.72 19.90 1.53 1.000
car -1 -1 -1.91 775.38 178.53 971.58 297.91 1.54 1.62 3.91 4.10 1.72 12.10 -1.58 0.999
car -1 -1 -1.64 735.52 177.94 840.01 254.39 1.54 1.62 3.91 4.30 1.72 17.70 -1.40 0.999
car -1 -1 -1.59 713.34 177.85 792.98 230.10 1.54 1.62 3.91 4.50 1.72 22.50 -1.39 0.998
car -1 -1 -1.78 695.16 176.04 753.62 219.40 1.54 1.62 3.91 4.10 1.72 27.10 -1.63 0.997
car -1 -1 1.49 474.22 180.55 532.05 223.39 1.46 1.49 2.95 -3.40 1.72 23.00 1.34 0.990
car -1 -1 1.41 504.39 181.64 547.33 214.28 1.46 1.49 2.95 -4.00 2.06 35.40 1.30 0.955
car -1 -1 -1.67 681.49 176.27 727.81 208.05 1.54 1.62 3.91 4.90 1.72 37.90 -1.54 0.859
car -1 -1 -1.23 942.23 170.69 1015.17 206.70 1.46 1.49 2.95 16.40 1.39 32.00 -0.75 0.851
car -1 -1 1.67 551.43 176.42 586.00 201.07 1.46 1.49 2.95 -2.40 1.72 40.80 1.61 0.804
car -1 -1 -1.89 882.03 186.25 1228.79 370.76 1.54 1.62 3.91 4.70 1.72 7.90 -1.36 0.432
