car -1 -1 -1.82 748.48 182.92 942.26 329.31 1.46 1.49 2.95 3.00 1.72 9.80 -1.53 0.999
car -1 -1 -1.67 635.38 178.09 668.83 206.51 1.46 1.49 2.95 2.00 1.72 36.40 -1.62 0.997
car -1 -1 -2.28 318.42 176.56 478.77 230.63 1.54 1.62 3.91 -5.90 1.72 20.10 -2.56 0.997
car -1 -1 -0.07 2.53 172.10 310.21 360.45 1.46 1.49 2.95 -4.00 1.39 6.40 -0.63 0.990
car -1 -1 -0.87 111.67 177.24 389.41 288.09 1.54 1.62 3.91 -5.90 1.72 11.90 -1.33 0.970
car -1 -1 -2.00 465.62 179.53 538.23 204.92 1.54 1.62 3.91 -5.70 2.06 40.30 -2.14 0.764
car -1 -1 -0.32 707.66 177.56 801.71 220.94 1.46 1.49 2.95 4.80 1.72 23.80 -0.12 0.614
car -1 -1 -2.26 247.22 180.20 440.31 248.30 1.54 1.62 3.91 -5.90 1.72 15.50 -2.62 0.551
car -1 -1 1.17 723.63 180.96 883.88 228.92 1.54 1.62 3.91 5.30 1.72 19.50 1.44 0.497
car -1 -1 0.26 848.65 178.33 1032.58 257.64 1.54 1.62 3.91 7.30 1.72 15.70 0.70 0.326
pedestrian -1 -1 2.12 941.92 163.19 955.51 211.55 1.76 0.66 0.49 14.80 1.46 31.50 2.56 0.147
cyclist -1 -1 0.86 549.21 173.02 569.87 203.74 1.41 0.50 1.32 -2.60 1.56 35.40 0.78 0.889
