car -1 -1 1.00 516.68 169.58 581.34 201.46 2.48 1.81 4.73 -3.70 1.72 55.60 0.93 0.070
pedestrian -1 -1 -1.43 354.83 163.81 388.28 288.44 1.76 0.66 0.49 -3.90 1.46 12.40 -1.73 0.998
pedestrian -1 -1 -1.56 654.85 162.83 684.38 277.93 1.76 0.66 0.49 1.50 1.46 15.40 -1.46 0.991
pedestrian -1 -1 -1.63 742.22 168.59 758.66 214.36 1.76 0.66 0.49 5.50 1.15 26.40 -1.43 0.814
pedestrian -1 -1 -0.09 730.49 164.76 743.52 208.41 1.76 0.66 0.49 6.00 1.15 31.70 0.09 0.751
pedestrian -1 -1 -1.08 708.78 162.86 737.22 269.93 1.68 0.41 1.64 2.30 1.91 13.90 -0.91 0.415
pedestrian -1 -1 1.59 533.11 168.92 544.87 221.88 1.68 0.41 1.64 -2.70 1.21 31.10 1.51 0.261
pedestrian -1 -1 2.55 222.60 176.02 242.93 236.92 1.76 0.66 0.49 -12.50 1.46 24.40 2.08 0.154
pedestrian -1 -1 0.69 486.23 166.77 496.67 214.05 1.77 0.62 0.88 -5.80 1.46 38.30 0.54 0.140
cyclist -1 -1 1.00 560.95 165.97 589.76 229.17 1.87 0.84 1.11 -1.10 1.46 29.10 0.97 0.981
cyclist -1 -1 1.33 529.54 169.55 550.42 219.59 1.75 0.62 1.83 -2.40 1.56 28.00 1.24 0.896
cyclist -1 -1 1.81 496.18 163.52 531.18 257.57 1.87 0.84 1.11 -2.70 1.77 21.10 1.68 0.875
cyclist -1 -1 -1.81 727.82 169.62 769.58 212.24 1.75 0.62 1.83 6.60 1.21 31.20 -1.60 0.474
cyclist -1 -1 -1.20 338.49 174.18 404.01 282.85 1.87 0.84 1.11 -4.30 2.08 13.30 -1.52 0.119
