car -1 -1 -1.68 745.90 193.22 993.43 342.84 1.54 1.62 3.91 2.90 1.72 9.30 -1.38 1.000
car -1 -1 1.52 441.98 179.00 522.84 234.45 1.54 1.62 3.91 -3.50 1.72 20.10 1.35 1.000
car -1 -1 1.30 671.46 180.55 753.49 240.41 1.54 1.62 3.91 2.70 1.72 20.30 1.43 1.000
car -1 -1 1.95 150.50 176.35 431.65 342.32 1.46 1.49 2.95 -3.20 1.39 7.80 1.56 0.998
car -1 -1 -1.12 655.44 175.53 714.99 221.32 1.54 1.62 3.91 2.70 1.72 26.70 -1.02 0.996
car -1 -1 -0.13 644.75 172.40 688.61 210.74 1.46 1.49 2.95 2.40 1.39 30.20 -0.05 0.950
car -1 -1 1.68 345.83 180.21 427.98 238.85 1.46 1.49 2.95 -6.20 1.72 20.20 1.39 0.772
car -1 -1 1.62 359.72 179.96 421.83 208.71 1.46 1.49 2.95 -13.20 2.06 43.80 1.32 0.062
cyclist -1 -1 -0.05 405.82 187.57 436.35 283.94 1.76 0.66 0.49 -3.90 1.77 15.00 -0.30 0.134
cyclist -1 -1 2.13 270.53 178.85 306.73 215.83 1.41 0.50 1.32 -11.60 1.56 26.00 1.71 0.089
