car -1 -1 -0.87 718.41 158.81 1001.21 271.53 1.54 1.62 3.91 4.10 1.39 11.90 -0.54 0.999
car -1 -1 -1.06 721.74 164.18 835.99 249.19 2.48 1.81 4.73 5.00 2.06 21.50 -0.83 0.933
car -1 -1 -0.93 752.02 185.09 880.57 267.57 1.54 1.62 3.91 5.30 2.06 18.50 -0.65 0.116
pedestrian -1 -1 2.99 529.69 185.19 597.68 340.36 1.77 0.62 0.88 -0.50 1.77 9.00 2.94 1.000
pedestrian -1 -1 -0.45 804.44 171.82 869.48 368.90 1.76 0.66 0.49 2.70 2.08 8.20 -0.13 1.000
pedestrian -1 -1 2.50 761.56 149.98 828.78 357.06 1.76 0.66 0.49 1.90 1.77 7.00 2.76 0.999
pedestrian -1 -1 -1.05 1128.13 119.29 1209.70 347.40 1.76 0.66 0.49 4.60 1.46 5.70 -0.37 0.993
pedestrian -1 -1 1.95 413.83 174.94 428.34 221.85 1.76 0.66 0.49 -7.10 1.46 28.20 1.70 0.880
pedestrian -1 -1 1.17 224.78 175.71 242.82 220.88 1.77 0.62 0.88 -16.00 1.46 31.30 0.69 0.055
cyclist -1 -1 2.07 730.27 155.16 864.21 336.75 1.68 0.41 1.64 2.10 1.56 7.90 2.33 0.192
