car -1 -1 -2.23 778.33 176.83 921.46 234.95 1.54 1.62 3.91 6.30 1.72 20.30 -1.93 1.000
car -1 -1 -2.62 1.24 178.83 315.94 298.08 1.54 1.62 3.91 -6.30 1.72 10.30 -3.17 0.999
car -1 -1 -1.73 632.50 175.30 680.22 210.35 1.46 1.49 2.95 1.60 1.39 26.20 -1.67 0.998
car -1 -1 -1.71 611.17 172.98 656.02 199.77 1.46 1.49 2.95 1.40 1.72 48.00 -1.68 0.979
car -1 -1 -2.81 401.83 173.79 490.48 208.00 1.46 1.49 2.95 -6.40 1.39 28.20 -3.04 0.944
car -1 -1 -2.07 321.43 170.23 472.07 220.06 1.54 1.62 3.91 -6.70 1.39 21.50 -2.37 0.432
car -1 -1 -1.92 154.97 177.58 372.46 266.71 1.54 1.62 3.91 -7.30 1.72 15.50 -2.37 0.156
car -1 -1 -2.34 259.71 162.15 417.67 242.92 2.48 1.81 4.73 -7.90 2.06 21.80 -2.69 0.141
car -1 -1 -1.79 452.64 171.54 523.43 200.16 1.46 1.49 2.95 -5.40 1.39 32.80 -1.95 0.126
pedestrian -1 -1 -1.95 1075.19 188.85 1110.30 254.43 1.76 0.66 0.49 12.00 2.08 17.90 -1.35 0.716
