car -1 -1 -1.59 668.53 181.56 732.16 230.92 1.46 1.49 2.95 3.00 1.39 23.00 -1.46 1.000
car -1 -1 -1.45 399.57 175.96 484.83 239.04 2.48 1.81 4.73 -6.20 2.06 26.90 -1.67 0.999
car -1 -1 -1.46 481.00 180.37 526.31 211.72 1.54 1.62 3.91 -4.90 1.39 35.10 -1.60 0.999
car -1 -1 -1.31 245.94 182.65 361.72 237.25 1.46 1.49 2.95 -9.20 1.39 21.80 -1.70 0.996
car -1 -1 -1.29 357.98 169.17 421.87 217.45 2.48 1.81 4.73 -10.00 1.72 33.30 -1.58 0.982
car -1 -1 -1.52 582.38 176.79 615.29 206.16 1.54 1.62 3.91 -0.50 1.39 43.30 -1.53 0.936
car -1 -1 -0.14 0.00 185.98 362.87 372.67 1.54 1.62 3.91 -3.70 1.39 6.90 -0.64 0.879
car -1 -1 -0.82 515.43 181.50 545.67 204.55 1.46 1.49 2.95 -4.40 1.39 41.80 -0.93 0.551
car -1 -1 -1.48 622.85 179.38 650.08 201.39 1.54 1.62 3.91 1.90 1.39 47.10 -1.44 0.128
pedestrian -1 -1 -1.23 784.94 182.66 796.54 219.06 1.68 0.41 1.64 9.70 1.56 37.90 -0.98 0.991
