car -1 -1 1.88 389.21 191.11 470.86 240.44 1.54 1.62 3.91 -5.70 2.06 23.30 1.64 0.999
car -1 -1 1.88 69.50 207.01 308.25 333.10 1.46 1.49 2.95 -5.60 2.06 10.20 1.38 0.999
car -1 -1 1.86 271.59 196.03 405.44 272.21 1.46 1.49 2.95 -5.80 2.06 16.00 1.51 0.998
car -1 -1 -1.29 680.05 175.42 749.12 230.30 1.54 1.62 3.91 3.50 1.72 23.90 -1.15 0.994
car -1 -1 1.92 447.88 185.24 496.72 220.92 1.46 1.49 2.95 -5.60 2.06 29.60 1.73 0.992
car -1 -1 1.64 481.37 184.32 525.29 213.59 1.46 1.49 2.95 -5.40 2.06 37.00 1.50 0.990
car -1 -1 -1.08 659.34 178.06 707.82 211.42 1.46 1.49 2.95 3.20 1.72 31.60 -0.97 0.968
car -1 -1 2.64 976.41 141.25 1241.00 232.01 2.48 1.81 4.73 13.10 1.72 18.60 3.26 0.889
car -1 -1 1.64 519.61 180.28 545.73 201.17 1.46 1.49 2.95 -5.80 2.06 54.20 1.53 0.590
car -1 -1 -1.19 647.16 177.48 681.47 204.41 1.46 1.49 2.95 2.80 1.72 37.40 -1.12 0.277
car -1 -1 2.74 828.87 153.48 994.43 216.49 2.48 1.81 4.73 10.30 1.72 25.60 3.12 0.276
car -1 -1 -1.43 698.64 174.64 792.94 238.95 2.48 1.81 4.73 4.20 2.06 23.50 -1.25 0.147
