car -1 -1 -1.13 260.53 175.44 464.10 310.96 1.54 1.62 3.91 -3.50 1.72 10.90 -1.44 0.997
pedestrian -1 -1 -2.10 126.34 173.26 158.52 256.67 1.76 0.66 0.49 -9.70 1.46 14.80 -2.68 0.999
pedestrian -1 -1 -2.59 168.46 173.73 204.73 245.38 1.76 0.66 0.49 -10.50 1.77 18.00 -3.12 0.999
pedestrian -1 -1 0.10 402.75 157.96 432.58 222.33 1.87 0.84 1.11 -5.70 1.46 22.10 -0.15 0.995
pedestrian -1 -1 0.20 312.04 163.83 338.01 231.00 1.76 0.66 0.49 -7.80 1.46 19.90 -0.18 0.994
pedestrian -1 -1 0.07 591.11 154.32 619.92 227.46 1.87 0.84 1.11 0.10 1.15 26.70 0.07 0.986
pedestrian -1 -1 -2.59 140.40 175.23 187.60 259.24 1.77 0.62 0.88 -8.50 1.77 13.60 -3.15 0.398
pedestrian -1 -1 -1.51 424.64 159.06 439.58 217.77 1.76 0.66 0.49 -6.30 1.46 26.00 -1.75 0.200
pedestrian -1 -1 1.04 873.74 146.86 888.82 198.12 1.77 0.62 0.88 13.20 0.84 33.50 1.41 0.069
cyclist -1 -1 -0.47 884.88 146.22 914.86 196.49 1.76 0.66 0.49 8.30 0.84 20.00 -0.08 0.993
cyclist -1 -1 1.23 865.82 151.75 893.67 196.09 1.77 0.62 0.88 13.50 0.84 35.00 1.60 0.892
cyclist -1 -1 -1.14 1114.27 122.15 1205.84 205.34 1.76 0.66 0.49 7.90 0.84 10.00 -0.47 0.467
cyclist -1 -1 -0.61 588.47 158.23 623.66 221.05 1.75 0.62 1.83 0.00 1.21 34.20 -0.61 0.057
