car -1 -1 -1.48 756.87 184.02 982.52 334.11 1.54 1.62 3.91 3.10 1.72 9.70 -1.17 1.000
car -1 -1 -1.78 679.70 178.84 779.91 250.27 1.54 1.62 3.91 2.90 1.72 18.30 -1.63 0.999
car -1 -1 0.44 145.05 178.37 333.73 238.22 1.54 1.62 3.91 -9.70 1.72 19.50 -0.02 0.999
car -1 -1 1.64 425.38 181.20 501.62 229.28 1.54 1.62 3.91 -4.50 1.72 23.10 1.45 0.998
car -1 -1 -1.48 652.13 177.07 695.07 210.48 1.46 1.49 2.95 2.80 1.72 32.40 -1.40 0.998
car -1 -1 -1.71 669.03 176.23 730.97 228.13 1.54 1.62 3.91 3.10 1.72 24.30 -1.59 0.989
car -1 -1 1.63 466.62 174.77 520.35 218.18 1.46 1.49 2.95 -4.60 1.72 29.40 1.48 0.954
car -1 -1 1.92 489.93 176.00 535.99 211.94 1.54 1.62 3.91 -4.10 1.72 32.50 1.79 0.618
car -1 -1 1.80 0.00 196.10 227.52 372.51 1.46 1.49 2.95 -6.00 2.06 8.40 1.18 0.199
car -1 -1 -0.82 823.50 205.07 1234.86 374.00 1.46 1.49 2.95 4.40 2.06 7.40 -0.28 0.064
