car -1 -1 1.31 204.76 220.96 354.30 309.77 1.46 1.49 2.95 -5.60 2.06 12.80 0.90 0.182
car -1 -1 0.95 552.99 160.79 601.41 226.54 2.48 1.81 4.73 -0.80 1.72 25.70 0.92 0.096
pedestrian -1 -1 1.05 150.44 162.15 214.92 357.99 1.76 0.66 0.49 -4.70 1.77 8.00 0.52 0.999
pedestrian -1 -1 -1.66 1020.99 141.84 1080.69 297.22 1.76 0.66 0.49 6.00 1.46 9.50 -1.10 0.959
pedestrian -1 -1 1.84 410.07 163.10 466.93 310.18 1.75 0.62 1.83 -2.80 1.56 13.00 1.63 0.955
pedestrian -1 -1 -0.99 578.67 157.38 600.07 234.19 1.76 0.66 0.49 -0.40 1.77 22.70 -1.00 0.891
pedestrian -1 -1 0.73 551.03 151.54 568.90 217.83 1.76 0.66 0.49 -1.40 1.46 25.10 0.68 0.871
pedestrian -1 -1 -0.98 805.73 148.93 840.79 251.68 1.76 0.66 0.49 5.00 1.15 16.50 -0.68 0.730
pedestrian -1 -1 0.41 619.48 160.83 633.90 203.97 1.77 0.62 0.88 1.50 1.46 42.40 0.45 0.691
pedestrian -1 -1 -0.51 472.21 173.05 482.58 212.13 1.76 0.66 0.49 -6.70 1.46 39.20 -0.68 0.224
pedestrian -1 -1 0.33 605.56 161.96 621.91 202.55 1.87 0.84 1.11 0.70 1.46 45.10 0.34 0.136
pedestrian -1 -1 1.45 712.76 149.28 731.15 205.21 1.87 0.84 1.11 6.10 0.84 36.50 1.62 0.112
pedestrian -1 -1 0.50 505.73 154.10 526.00 227.33 1.77 0.62 0.88 -3.00 1.15 24.30 0.38 0.081
cyclist -1 -1 1.41 384.57 165.72 485.22 294.95 1.75 0.62 1.83 -3.20 1.56 12.60 1.16 0.911
cyclist -1 -1 0.79 696.95 143.03 759.16 246.33 1.75 0.62 1.83 2.20 1.21 12.40 0.96 0.730
cyclist -1 -1 1.27 111.64 178.29 257.17 308.59 1.75 0.62 1.83 -5.00 1.21 8.40 0.73 0.667
cyclist -1 -1 -0.15 660.87 155.33 699.56 208.59 1.75 0.62 1.83 3.20 1.21 30.20 -0.04 0.090
