car -1 -1 0.40 0.00 186.33 315.57 306.87 1.54 1.62 3.91 -6.50 1.72 10.30 -0.17 1.000
car -1 -1 -1.72 708.86 188.52 871.74 293.09 1.54 1.62 3.91 2.70 1.72 12.10 -1.50 0.999
car -1 -1 -1.71 660.81 178.14 730.37 232.90 1.54 1.62 3.91 2.30 1.72 21.30 -1.60 0.999
car -1 -1 -2.08 168.44 165.95 426.70 265.56 1.46 1.49 2.95 -5.20 1.39 11.80 -2.49 0.998
car -1 -1 -2.88 294.07 179.44 474.43 240.75 1.54 1.62 3.91 -5.70 1.72 18.30 -3.18 0.994
car -1 -1 -0.54 634.96 177.31 678.02 209.34 1.54 1.62 3.91 2.30 1.72 34.30 -0.47 0.975
car -1 -1 -1.91 455.03 174.81 543.62 205.97 1.54 1.62 3.91 -5.10 1.72 35.70 -2.05 0.626
car -1 -1 -0.43 630.73 177.88 655.84 202.85 1.46 1.49 2.95 2.00 1.72 42.00 -0.38 0.414
car -1 -1 0.18 498.59 173.49 553.36 198.58 1.46 1.49 2.95 -5.60 1.72 50.40 0.07 0.122
car -1 -1 1.33 35.56 185.06 241.46 258.72 1.46 1.49 2.95 -9.80 1.72 15.00 0.75 0.110
car -1 -1 -1.40 649.96 180.94 697.50 220.26 1.46 1.49 2.95 2.40 1.72 27.40 -1.32 0.089
car -1 -1 -1.92 432.04 181.99 513.61 215.71 1.54 1.62 3.91 -6.90 2.06 36.90 -2.10 0.075
car -1 -1 -2.23 386.14 182.63 480.83 227.48 1.46 1.49 2.95 -5.00 1.72 22.00 -2.46 0.062
