car -1 -1 -1.94 720.52 171.96 911.30 313.19 1.54 1.62 3.91 2.70 1.72 10.70 -1.69 1.000
car -1 -1 -1.84 682.60 179.80 782.57 251.34 1.54 1.62 3.91 2.50 1.72 15.70 -1.68 0.998
car -1 -1 -1.77 661.91 176.02 716.50 224.10 1.54 1.62 3.91 2.50 1.72 25.10 -1.67 0.990
car -1 -1 0.97 640.87 177.72 677.64 205.90 1.46 1.49 2.95 2.40 1.72 36.60 1.03 0.989
car -1 -1 0.74 3.69 186.67 298.37 354.20 1.54 1.62 3.91 -5.70 1.72 8.70 0.16 0.946
car -1 -1 -2.24 106.96 193.01 365.82 293.75 1.46 1.49 2.95 -5.60 1.72 11.20 -2.71 0.804
car -1 -1 -1.70 445.27 173.90 532.65 210.67 1.46 1.49 2.95 -4.80 1.39 28.00 -1.87 0.799
car -1 -1 0.32 405.79 176.40 496.77 226.08 1.46 1.49 2.95 -4.80 1.72 23.00 0.12 0.718
car -1 -1 -1.26 483.37 171.68 545.04 200.61 1.46 1.49 2.95 -4.60 1.39 35.80 -1.39 0.449
car -1 -1 -0.78 357.13 181.60 465.93 234.84 1.46 1.49 2.95 -5.80 1.72 21.60 -1.04 0.294
car -1 -1 -1.13 211.53 187.58 359.06 260.35 1.54 1.62 3.91 -8.90 2.06 19.70 -1.55 0.142
car -1 -1 1.30 227.34 184.20 335.55 224.68 1.54 1.62 3.91 -13.70 2.06 30.50 0.88 0.062
pedestrian -1 -1 -1.38 209.95 167.92 222.66 210.61 1.76 0.66 0.49 -16.70 1.46 30.60 -1.88 0.213
