car -1 -1 -1.59 473.16 180.90 539.62 226.65 1.54 1.62 3.91 -3.30 1.39 23.10 -1.73 0.999
car -1 -1 -1.31 288.45 180.39 460.63 296.39 1.46 1.49 2.95 -3.60 1.39 11.20 -1.62 0.999
car -1 -1 -1.41 0.00 177.74 247.60 295.09 1.54 1.62 3.91 -7.10 1.39 11.10 -1.98 0.997
car -1 -1 -0.88 238.54 179.92 371.66 247.41 1.46 1.49 2.95 -6.20 1.39 15.20 -1.27 0.995
car -1 -1 -1.44 583.37 176.52 620.08 215.33 2.48 1.81 4.73 -0.20 2.06 47.30 -1.45 0.993
car -1 -1 -0.82 147.01 179.11 275.42 243.95 1.46 1.49 2.95 -10.00 1.39 18.00 -1.33 0.937
car -1 -1 1.89 222.87 181.97 309.97 231.28 1.46 1.49 2.95 -10.80 1.39 22.40 1.44 0.605
car -1 -1 -1.45 435.70 177.26 481.73 212.60 2.48 1.81 4.73 -9.00 2.06 43.10 -1.66 0.352
car -1 -1 -1.22 341.32 182.88 400.63 214.56 1.54 1.62 3.91 -11.50 1.39 35.70 -1.53 0.225
car -1 -1 -1.41 488.69 179.09 523.82 211.72 2.48 1.81 4.73 -6.80 1.72 49.10 -1.54 0.199
car -1 -1 -0.89 379.23 177.32 428.71 212.20 2.48 1.81 4.73 -13.80 1.72 49.10 -1.17 0.069
