car -1 -1 -2.00 720.08 168.89 885.84 274.15 1.46 1.49 2.95 2.60 1.39 10.60 -1.76 1.000
car -1 -1 2.16 133.61 177.86 400.75 341.41 1.54 1.62 3.91 -4.10 1.72 9.50 1.75 0.999
car -1 -1 -2.12 792.57 173.28 1177.63 374.00 1.54 1.62 3.91 2.90 1.39 6.90 -1.72 0.997
car -1 -1 1.46 491.79 179.60 526.45 202.51 1.54 1.62 3.91 -6.30 2.06 46.10 1.33 0.967
car -1 -1 -1.40 676.48 177.93 790.26 232.86 1.46 1.49 2.95 3.80 1.72 22.40 -1.23 0.825
car -1 -1 0.32 311.84 187.11 391.10 250.49 1.46 1.49 2.95 -7.60 2.06 21.60 -0.02 0.099
car -1 -1 1.48 16.72 197.66 211.52 287.51 1.54 1.62 3.91 -9.70 2.06 13.50 0.86 0.050
pedestrian -1 -1 -2.08 142.64 193.69 194.14 263.61 1.41 0.50 1.32 -9.20 1.56 15.00 -2.63 0.967
pedestrian -1 -1 -0.58 1098.30 208.66 1177.83 366.30 1.76 0.66 0.49 5.70 1.77 7.80 0.06 0.207
pedestrian -1 -1 -1.65 120.58 187.17 175.32 332.35 1.76 0.66 0.49 -5.80 2.08 8.90 -2.23 0.070
