car -1 -1 -1.43 356.29 183.09 492.04 275.93 1.54 1.62 3.91 -3.30 1.39 13.50 -1.67 0.999
car -1 -1 -1.17 39.53 197.61 415.99 373.28 1.46 1.49 2.95 -2.20 1.72 5.20 -1.57 0.998
car -1 -1 -0.69 441.69 176.03 526.53 238.47 1.54 1.62 3.91 -3.70 1.39 20.30 -0.87 0.998
car -1 -1 -1.47 502.15 176.16 550.85 216.41 2.48 1.81 4.73 -4.20 1.72 37.30 -1.59 0.947
car -1 -1 -1.51 554.49 175.31 623.99 241.44 2.48 1.81 4.73 -0.60 1.72 23.50 -1.54 0.930
car -1 -1 -1.32 326.79 182.40 377.32 209.60 1.54 1.62 3.91 -14.30 1.39 40.70 -1.66 0.920
car -1 -1 -0.82 236.21 179.13 311.50 229.44 2.48 1.81 4.73 -17.40 2.06 38.10 -1.25 0.066
pedestrian -1 -1 -0.74 333.68 186.07 357.13 250.67 1.76 0.66 0.49 -7.90 1.77 21.60 -1.09 0.135
cyclist -1 -1 -0.54 738.83 191.15 752.99 218.94 1.41 0.50 1.32 8.80 1.91 45.80 -0.35 0.213
cyclist -1 -1 -0.18 329.69 189.85 364.09 248.48 1.76 0.66 0.49 -7.70 1.77 21.60 -0.52 0.105
