car -1 -1 1.28 351.59 143.02 488.97 243.03 2.48 1.81 4.73 -4.60 1.39 18.50 1.04 0.991
car -1 -1 1.46 428.08 151.89 510.38 220.27 2.48 1.81 4.73 -4.40 1.39 25.50 1.29 0.844
pedestrian -1 -1 1.75 785.58 146.73 832.08 305.47 1.76 0.66 0.49 2.40 1.46 8.90 2.01 1.000
pedestrian -1 -1 1.53 512.46 158.52 530.93 216.09 1.76 0.66 0.49 -3.40 1.46 30.30 1.42 0.998
pedestrian -1 -1 2.15 227.15 158.89 270.10 285.23 1.76 0.66 0.49 -5.20 1.46 10.90 1.70 0.998
pedestrian -1 -1 -0.37 48.50 156.50 150.83 372.47 1.76 0.66 0.49 -4.50 1.77 6.40 -0.98 0.997
pedestrian -1 -1 0.13 1052.82 118.72 1135.75 331.85 1.76 0.66 0.49 4.70 1.46 7.00 0.72 0.996
pedestrian -1 -1 1.43 621.47 156.71 634.63 218.14 1.77 0.62 0.88 1.20 0.84 30.30 1.47 0.942
pedestrian -1 -1 2.03 748.12 180.55 768.38 247.67 1.76 0.66 0.49 5.20 1.77 23.70 2.25 0.862
pedestrian -1 -1 2.02 178.87 157.61 216.48 267.16 1.76 0.66 0.49 -6.40 1.46 11.30 1.50 0.798
pedestrian -1 -1 1.54 714.71 174.91 732.83 234.94 1.76 0.66 0.49 4.10 1.77 24.00 1.71 0.714
pedestrian -1 -1 0.76 128.52 149.97 174.66 247.10 1.87 0.84 1.11 -9.70 1.46 15.70 0.21 0.393
pedestrian -1 -1 0.68 597.90 162.95 615.29 213.31 1.87 0.84 1.11 0.30 1.46 33.50 0.69 0.241
pedestrian -1 -1 0.24 22.96 168.12 84.32 356.86 1.76 0.66 0.49 -4.60 1.46 5.70 -0.44 0.098
pedestrian -1 -1 -0.49 80.10 171.44 133.72 288.36 1.76 0.66 0.49 -10.20 1.46 14.90 -1.09 0.082
cyclist -1 -1 1.37 208.26 163.38 288.11 262.71 1.75 0.62 1.83 -8.80 1.21 18.20 0.92 0.090
cyclist -1 -1 0.42 617.60 157.29 639.94 212.54 1.87 0.84 1.11 1.50 1.15 36.70 0.46 0.075
