car -1 -1 1.12 352.18 176.78 470.41 255.09 1.54 1.62 3.91 -3.90 1.39 15.50 0.87 0.305
car -1 -1 -0.46 609.79 201.36 660.07 246.54 1.46 1.49 2.95 1.00 2.06 22.80 -0.42 0.121
pedestrian -1 -1 -1.84 214.49 162.46 310.38 346.92 1.76 0.66 0.49 -3.30 1.77 6.80 -2.29 1.000
pedestrian -1 -1 -0.46 153.27 169.96 223.12 318.28 1.76 0.66 0.49 -5.20 1.77 8.90 -0.99 1.000
pedestrian -1 -1 -1.86 319.83 156.01 444.51 373.00 1.77 0.62 0.88 -1.80 1.46 5.70 -2.16 1.000
pedestrian -1 -1 -1.76 420.32 160.26 472.14 299.43 1.76 0.66 0.49 -2.30 1.46 10.60 -1.97 0.999
pedestrian -1 -1 -1.45 301.79 168.73 364.56 297.87 1.76 0.66 0.49 -4.60 1.46 11.90 -1.82 0.960
pedestrian -1 -1 -0.58 269.86 168.88 319.89 299.77 1.76 0.66 0.49 -5.80 1.46 13.50 -0.98 0.784
pedestrian -1 -1 -0.20 534.25 167.39 546.83 209.97 1.77 0.62 0.88 -2.80 1.46 32.10 -0.29 0.687
pedestrian -1 -1 -0.25 549.58 174.89 561.52 213.96 1.76 0.66 0.49 -2.30 1.77 36.80 -0.32 0.362
pedestrian -1 -1 1.60 484.63 161.21 502.19 216.29 1.75 0.62 1.83 -5.40 1.21 35.80 1.45 0.305
pedestrian -1 -1 -1.06 392.70 151.83 441.21 313.30 1.76 0.66 0.49 -2.90 1.46 11.40 -1.31 0.161
pedestrian -1 -1 -0.22 650.42 167.51 664.69 212.81 1.75 0.62 1.83 3.00 1.21 38.60 -0.14 0.132
cyclist -1 -1 0.98 484.78 162.58 503.91 220.73 1.76 0.66 0.49 -3.40 1.46 22.70 0.84 0.912
cyclist -1 -1 -0.96 606.43 190.07 636.48 231.89 1.41 0.50 1.32 1.00 2.27 37.40 -0.93 0.365
