car -1 -1 1.58 359.94 168.21 474.63 253.76 2.48 1.81 4.73 -6.00 2.06 23.30 1.32 0.995
car -1 -1 1.60 422.59 174.00 495.66 234.83 2.48 1.81 4.73 -5.80 2.06 30.50 1.42 0.760
car -1 -1 0.52 104.65 179.20 327.14 301.97 1.46 1.49 2.95 -5.00 1.39 10.20 0.07 0.538
pedestrian -1 -1 2.23 774.59 168.22 817.07 297.24 1.76 0.66 0.49 2.90 1.46 10.60 2.50 1.000
pedestrian -1 -1 0.28 1005.08 151.67 1081.34 315.38 1.77 0.62 0.88 5.00 1.46 8.30 0.82 0.997
pedestrian -1 -1 -0.91 264.70 174.83 320.71 352.52 1.76 0.66 0.49 -3.40 1.77 8.10 -1.30 0.994
pedestrian -1 -1 -0.38 584.10 176.76 600.83 229.53 1.41 0.50 1.32 -0.20 1.56 22.60 -0.39 0.934
pedestrian -1 -1 1.78 701.91 197.28 722.80 257.08 1.41 0.50 1.32 3.40 1.91 21.80 1.94 0.875
pedestrian -1 -1 -0.14 500.83 180.10 512.71 228.20 1.68 0.41 1.64 -4.70 1.91 35.70 -0.27 0.209
pedestrian -1 -1 -1.13 334.76 178.63 357.79 262.16 1.76 0.66 0.49 -5.70 1.77 16.00 -1.47 0.123
pedestrian -1 -1 0.37 986.28 171.35 1006.02 222.07 1.77 0.62 0.88 19.30 1.46 35.00 0.87 0.077
