car -1 -1 -1.59 663.26 173.12 749.94 244.44 1.54 1.62 3.91 2.50 1.72 19.50 -1.46 1.000
car -1 -1 -1.53 650.57 182.53 699.89 221.54 1.54 1.62 3.91 2.70 2.06 30.50 -1.44 0.990
car -1 -1 -2.36 453.35 175.01 539.22 207.41 1.54 1.62 3.91 -5.70 1.72 36.10 -2.52 0.987
car -1 -1 -2.11 294.39 179.15 455.59 244.45 1.54 1.62 3.91 -5.70 1.72 17.90 -2.42 0.987
car -1 -1 -2.50 410.15 174.18 508.05 217.77 1.54 1.62 3.91 -5.50 1.72 28.50 -2.69 0.986
car -1 -1 -1.46 632.84 180.35 666.64 206.46 1.54 1.62 3.91 2.10 1.72 37.90 -1.40 0.932
car -1 -1 -2.11 213.53 184.94 409.65 271.86 1.46 1.49 2.95 -5.00 1.72 12.40 -2.49 0.495
car -1 -1 -2.22 362.22 172.43 482.15 230.42 1.54 1.62 3.91 -4.70 1.39 18.50 -2.47 0.304
pedestrian -1 -1 1.35 22.82 165.14 52.49 232.06 1.76 0.66 0.49 -17.90 1.46 22.60 0.68 0.804
pedestrian -1 -1 0.04 689.17 168.92 699.50 209.07 1.76 0.66 0.49 4.70 1.77 39.80 0.16 0.124
pedestrian -1 -1 0.08 12.82 150.38 41.45 319.37 1.76 0.66 0.49 -8.10 1.46 9.60 -0.62 0.053
cyclist -1 -1 -0.31 850.34 236.83 1040.44 362.31 1.41 0.50 1.32 1.80 1.91 4.80 0.05 0.330
