car -1 -1 -2.71 183.70 188.28 430.95 263.26 1.54 1.62 3.91 -5.90 1.72 14.10 -3.11 0.996
car -1 -1 -0.19 763.59 196.46 916.07 250.65 1.54 1.62 3.91 6.10 2.06 19.50 0.11 0.995
car -1 -1 2.49 821.55 195.52 1091.13 284.71 1.54 1.62 3.91 5.90 2.06 12.90 2.92 0.994
car -1 -1 -0.23 701.80 191.90 783.37 225.24 1.46 1.49 2.95 5.00 2.06 28.60 -0.06 0.957
car -1 -1 -2.23 329.03 184.91 495.06 244.75 1.54 1.62 3.91 -5.70 2.06 20.90 -2.50 0.957
car -1 -1 -2.19 406.57 182.84 508.70 231.96 1.46 1.49 2.95 -4.60 1.72 22.80 -2.39 0.830
car -1 -1 -2.10 467.35 186.22 541.92 218.94 1.46 1.49 2.95 -4.40 2.06 30.60 -2.24 0.789
car -1 -1 0.99 8.01 115.74 308.35 355.99 2.48 1.81 4.73 -6.00 1.72 9.90 0.44 0.718
car -1 -1 -0.21 751.79 191.51 849.39 238.93 1.46 1.49 2.95 6.40 2.06 25.20 0.04 0.159
car -1 -1 1.99 856.96 193.08 1211.56 337.77 1.54 1.62 3.91 4.50 1.72 7.90 2.51 0.083
