car -1 -1 1.91 7.38 184.57 341.37 374.00 1.54 1.62 3.91 -4.50 1.72 8.10 1.40 1.000
car -1 -1 1.84 280.15 187.42 444.65 291.33 1.46 1.49 2.95 -4.00 1.72 12.20 1.52 0.999
car -1 -1 1.69 396.85 190.95 489.44 254.74 1.46 1.49 2.95 -4.40 2.06 19.40 1.47 0.999
car -1 -1 1.67 445.92 185.92 522.21 236.30 1.54 1.62 3.91 -4.30 2.06 25.10 1.50 0.998
car -1 -1 0.39 112.55 178.69 236.34 225.09 1.46 1.49 2.95 -14.20 1.72 23.40 -0.16 0.991
car -1 -1 -1.68 708.57 171.23 775.84 221.81 1.54 1.62 3.91 4.70 1.72 25.90 -1.50 0.940
car -1 -1 -1.53 698.83 177.60 738.84 207.42 1.46 1.49 2.95 5.00 1.72 33.80 -1.38 0.808
car -1 -1 1.84 568.15 179.08 608.70 202.35 1.46 1.49 2.95 -1.40 2.06 51.20 1.81 0.469
pedestrian -1 -1 -0.05 111.62 172.48 140.82 253.78 1.76 0.66 0.49 -9.60 1.77 14.10 -0.64 0.234
cyclist -1 -1 0.76 100.59 174.69 155.20 244.74 1.76 0.66 0.49 -10.50 1.46 15.80 0.17 0.920
