car -1 -1 1.82 380.38 179.05 512.45 244.47 1.46 1.49 2.95 -3.80 1.39 17.60 1.61 0.171
car -1 -1 -0.15 629.26 188.71 679.48 236.36 1.46 1.49 2.95 1.80 1.72 24.40 -0.08 0.063
car -1 -1 -1.05 599.50 167.66 659.90 245.01 2.48 1.81 4.73 0.80 2.06 23.30 -1.02 0.054
pedestrian -1 -1 0.18 399.04 168.79 433.17 260.41 1.76 0.66 0.49 -3.70 1.77 14.00 -0.08 1.000
pedestrian -1 -1 1.65 621.16 150.30 692.81 372.63 1.76 0.66 0.49 0.50 1.46 7.00 1.73 1.000
pedestrian -1 -1 -1.60 342.63 161.51 396.98 294.28 1.77 0.62 0.88 -3.40 1.77 10.50 -1.92 1.000
pedestrian -1 -1 -1.75 435.13 156.26 521.66 315.50 1.75 0.62 1.83 -1.40 1.56 8.60 -1.91 1.000
pedestrian -1 -1 -1.83 566.87 160.25 618.58 287.09 1.77 0.62 0.88 -0.20 1.46 11.90 -1.85 0.999
pedestrian -1 -1 -1.59 516.80 159.37 564.58 290.83 1.76 0.66 0.49 -0.70 1.46 8.60 -1.67 0.999
pedestrian -1 -1 -0.19 284.72 155.71 325.37 255.56 1.76 0.66 0.49 -6.10 1.46 14.40 -0.59 0.981
pedestrian -1 -1 -1.30 377.72 169.89 414.42 259.94 1.76 0.66 0.49 -3.90 1.46 13.60 -1.58 0.970
pedestrian -1 -1 -0.83 413.36 161.71 467.72 279.52 1.76 0.66 0.49 -2.90 1.46 12.40 -1.06 0.901
pedestrian -1 -1 -1.04 491.38 152.69 522.33 282.16 1.76 0.66 0.49 -1.50 1.46 11.80 -1.17 0.368
pedestrian -1 -1 -1.29 569.83 167.97 581.72 220.25 1.68 0.41 1.64 -1.10 1.21 29.90 -1.32 0.136
pedestrian -1 -1 1.05 597.44 147.37 643.27 327.29 1.77 0.62 0.88 0.20 2.08 10.50 1.06 0.109
pedestrian -1 -1 -1.51 379.56 169.32 397.54 210.62 1.77 0.62 0.88 -11.40 1.15 38.30 -1.80 0.109
pedestrian -1 -1 0.19 672.36 161.32 683.29 208.20 1.76 0.66 0.49 3.70 1.15 34.40 0.30 0.073
pedestrian -1 -1 -1.58 905.51 181.16 920.11 226.93 1.76 0.66 0.49 12.70 1.77 29.20 -1.17 0.073
pedestrian -1 -1 -0.59 390.52 167.22 406.90 224.64 1.68 0.41 1.64 -9.10 1.21 32.50 -0.86 0.065
cyclist -1 -1 -0.36 269.55 161.30 343.51 261.17 1.75 0.62 1.83 -5.60 1.21 13.60 -0.75 0.932
