car -1 -1 1.64 454.75 169.34 529.46 239.84 2.48 1.81 4.73 -4.20 2.06 28.50 1.50 0.959
car -1 -1 -1.03 514.05 187.83 594.71 263.82 1.54 1.62 3.91 -1.10 1.72 16.50 -1.10 0.118
pedestrian -1 -1 -1.18 416.12 159.05 478.94 293.34 1.87 0.84 1.11 -2.50 1.77 11.30 -1.39 1.000
pedestrian -1 -1 0.95 733.39 156.47 842.17 372.73 1.75 0.62 1.83 2.00 1.56 7.60 1.21 1.000
pedestrian -1 -1 -1.86 637.75 159.75 686.66 284.64 1.76 0.66 0.49 0.70 1.46 9.00 -1.78 1.000
pedestrian -1 -1 -1.82 542.97 154.55 595.61 314.98 1.76 0.66 0.49 -0.30 1.46 6.80 -1.87 0.999
pedestrian -1 -1 -2.10 500.48 160.98 547.87 266.36 1.87 0.84 1.11 -1.90 1.46 16.50 -2.21 0.998
pedestrian -1 -1 -2.07 578.81 159.37 639.34 303.40 1.75 0.62 1.83 0.00 1.56 8.60 -2.07 0.998
pedestrian -1 -1 1.57 279.12 174.90 293.61 218.71 1.76 0.66 0.49 -14.50 1.46 33.20 1.16 0.986
pedestrian -1 -1 -0.91 700.53 146.41 751.81 330.42 1.76 0.66 0.49 1.30 1.77 8.20 -0.75 0.966
pedestrian -1 -1 -0.36 319.00 160.20 353.62 251.73 1.76 0.66 0.49 -4.90 1.46 13.20 -0.72 0.677
pedestrian -1 -1 -1.37 915.63 168.62 932.37 227.60 1.76 0.66 0.49 11.70 1.46 26.00 -0.94 0.220
cyclist -1 -1 0.30 271.86 177.30 301.92 217.59 1.87 0.84 1.11 -14.10 1.46 31.90 -0.11 0.136
