car -1 -1 -1.50 647.75 182.64 700.78 220.36 1.54 1.62 3.91 2.70 2.06 31.90 -1.42 0.998
car -1 -1 -2.50 0.00 181.28 313.36 291.64 1.54 1.62 3.91 -6.70 1.72 11.30 -3.03 0.998
car -1 -1 0.38 352.96 181.03 489.45 229.68 1.46 1.49 2.95 -5.80 1.72 21.40 0.12 0.989
car -1 -1 -0.89 134.22 181.92 409.82 267.09 1.54 1.62 3.91 -6.30 1.72 13.30 -1.33 0.986
car -1 -1 0.36 400.81 174.04 528.08 219.00 1.54 1.62 3.91 -5.50 1.72 27.10 0.16 0.946
car -1 -1 -1.73 692.14 95.99 909.26 303.38 2.48 1.81 4.73 2.60 1.39 10.70 -1.49 0.594
car -1 -1 -1.44 463.12 176.01 547.76 208.17 1.54 1.62 3.91 -5.10 1.72 35.90 -1.59 0.381
car -1 -1 -0.77 271.27 183.92 446.39 246.75 1.54 1.62 3.91 -5.90 1.72 17.30 -1.10 0.215
car -1 -1 -0.82 667.19 176.63 727.68 220.63 1.54 1.62 3.91 3.30 1.72 25.90 -0.70 0.068
car -1 -1 -1.95 693.28 183.79 806.16 272.19 1.54 1.62 3.91 3.10 2.06 17.30 -1.77 0.058
