car -1 -1 2.04 94.50 187.12 358.74 333.32 1.54 1.62 3.91 -4.90 1.72 9.70 1.58 1.000
car -1 -1 -1.97 778.24 173.13 1144.28 374.00 1.54 1.62 3.91 2.70 1.39 6.90 -1.60 0.999
car -1 -1 1.65 426.34 183.32 498.71 229.82 1.46 1.49 2.95 -4.80 1.72 23.40 1.45 0.997
car -1 -1 -1.79 639.37 176.49 668.62 199.93 1.54 1.62 3.91 2.70 1.72 43.90 -1.73 0.994
car -1 -1 1.34 513.02 175.75 547.28 203.08 1.46 1.49 2.95 -4.40 1.72 40.60 1.23 0.587
car -1 -1 -0.75 804.74 180.34 961.20 263.15 1.54 1.62 3.91 5.90 1.72 15.70 -0.39 0.292
pedestrian -1 -1 0.03 1011.39 155.13 1036.93 229.74 1.76 0.66 0.49 11.30 1.46 19.80 0.55 0.357
pedestrian -1 -1 1.11 477.28 172.99 492.25 233.46 1.77 0.62 0.88 -6.70 2.08 39.20 0.94 0.294
cyclist -1 -1 0.97 470.40 171.68 499.44 243.16 1.76 0.66 0.49 -3.40 1.77 19.10 0.79 1.000
cyclist -1 -1 0.74 500.15 173.31 528.47 236.77 1.77 0.62 0.88 -2.90 2.08 21.80 0.61 0.997
cyclist -1 -1 1.92 531.35 175.16 548.01 211.88 1.41 0.50 1.32 -2.60 1.56 27.20 1.82 0.241
