car -1 -1 -0.77 0.00 198.45 314.75 354.74 1.54 1.62 3.91 -4.50 1.72 8.10 -1.28 0.241
car -1 -1 -1.64 343.00 185.63 467.99 244.72 1.46 1.49 2.95 -5.60 1.72 19.60 -1.92 0.143
pedestrian -1 -1 0.54 606.85 139.66 659.46 259.13 1.75 0.62 1.83 0.40 1.21 11.80 0.58 1.000
pedestrian -1 -1 0.80 705.52 142.16 785.44 341.98 1.77 0.62 0.88 1.40 1.46 6.90 1.00 1.000
pedestrian -1 -1 1.05 772.71 142.48 808.74 252.97 1.76 0.66 0.49 3.30 1.15 12.80 1.31 1.000
pedestrian -1 -1 1.55 569.74 147.35 605.52 249.71 1.76 0.66 0.49 -0.30 1.15 10.80 1.52 1.000
pedestrian -1 -1 1.57 653.85 141.90 685.56 264.46 1.76 0.66 0.49 1.10 1.15 11.20 1.67 0.999
pedestrian -1 -1 0.74 804.69 133.39 866.75 322.20 1.68 0.41 1.64 2.50 1.21 7.90 1.05 0.999
pedestrian -1 -1 1.37 522.93 140.46 575.53 250.49 1.75 0.62 1.83 -1.00 1.21 12.40 1.29 0.999
pedestrian -1 -1 1.03 480.05 143.58 516.59 263.01 1.76 0.66 0.49 -1.90 1.46 12.60 0.88 0.997
pedestrian -1 -1 1.95 459.27 142.79 481.67 215.44 1.76 0.66 0.49 -3.10 0.84 15.80 1.76 0.991
pedestrian -1 -1 1.22 498.99 146.36 545.79 255.38 1.75 0.62 1.83 -1.40 1.21 11.80 1.10 0.987
pedestrian -1 -1 0.61 276.45 136.92 316.02 240.67 1.76 0.66 0.49 -5.70 0.84 13.00 0.20 0.899
pedestrian -1 -1 1.40 560.91 141.65 583.05 246.73 1.68 0.41 1.64 -0.70 1.21 13.70 1.35 0.791
pedestrian -1 -1 1.34 1110.04 176.23 1151.53 280.89 1.76 0.66 0.49 9.60 1.77 12.90 1.98 0.634
pedestrian -1 -1 2.06 685.76 147.78 697.87 205.10 1.76 0.66 0.49 3.10 0.84 24.60 2.19 0.500
pedestrian -1 -1 1.20 749.42 128.44 838.38 318.52 1.75 0.62 1.83 1.60 1.21 6.40 1.45 0.469
pedestrian -1 -1 0.55 317.28 153.76 337.67 206.13 1.87 0.84 1.11 -10.90 0.84 27.70 0.18 0.101
cyclist -1 -1 -1.86 343.62 153.41 382.15 197.53 1.87 0.84 1.11 -9.10 0.84 26.30 -2.19 0.988
cyclist -1 -1 0.55 315.45 154.67 344.00 207.97 1.76 0.66 0.49 -8.10 1.15 21.00 0.18 0.418
cyclist -1 -1 2.33 387.79 145.91 415.07 196.47 1.76 0.66 0.49 -5.70 0.84 19.80 2.05 0.200
cyclist -1 -1 0.50 252.24 145.45 353.14 217.94 1.75 0.62 1.83 -6.80 1.21 16.20 0.11 0.133
cyclist -1 -1 1.84 442.83 142.05 497.86 234.51 1.76 0.66 0.49 -2.40 1.15 12.10 1.65 0.063
