pedestrian -1 -1 1.45 833.09 124.52 903.68 358.28 1.76 0.66 0.49 2.30 1.15 6.40 1.79 0.999
pedestrian -1 -1 -1.12 597.79 156.64 642.83 287.57 1.77 0.62 0.88 0.30 1.77 13.60 -1.10 0.998
pedestrian -1 -1 -0.36 552.94 170.72 573.33 226.29 1.76 0.66 0.49 -1.20 1.77 22.70 -0.41 0.998
pedestrian -1 -1 1.83 357.56 155.80 424.34 318.43 1.77 0.62 0.88 -3.30 1.77 11.00 1.54 0.995
pedestrian -1 -1 -0.07 579.58 166.89 600.33 224.50 1.76 0.66 0.49 -0.40 1.46 22.70 -0.09 0.995
pedestrian -1 -1 0.50 591.52 163.75 612.78 230.92 1.76 0.66 0.49 0.00 1.46 21.50 0.50 0.704
pedestrian -1 -1 2.12 488.89 169.63 505.13 221.86 1.77 0.62 0.88 -3.60 1.46 25.30 1.98 0.684
pedestrian -1 -1 -1.80 519.58 168.27 535.24 223.94 1.76 0.66 0.49 -2.60 1.46 26.30 -1.90 0.681
pedestrian -1 -1 -0.45 952.31 130.94 1006.96 338.46 1.76 0.66 0.49 4.30 1.46 8.20 0.04 0.439
pedestrian -1 -1 -1.34 782.64 155.88 800.27 208.63 1.76 0.66 0.49 5.70 1.15 21.60 -1.09 0.343
pedestrian -1 -1 -2.04 656.94 161.29 668.12 208.45 1.76 0.66 0.49 2.70 1.15 31.80 -1.96 0.320
pedestrian -1 -1 0.85 412.03 184.39 443.92 285.07 1.77 0.62 0.88 -3.20 2.08 13.70 0.62 0.192
pedestrian -1 -1 0.93 456.99 169.86 497.99 271.76 1.87 0.84 1.11 -3.30 1.46 18.70 0.75 0.183
pedestrian -1 -1 0.77 29.75 145.71 93.02 309.15 1.77 0.62 0.88 -9.00 1.46 11.90 0.12 0.106
pedestrian -1 -1 -0.86 317.41 191.74 345.68 281.28 1.76 0.66 0.49 -7.20 2.08 19.10 -1.22 0.074
cyclist -1 -1 0.20 444.02 166.32 508.96 297.53 1.75 0.62 1.83 -2.40 1.56 13.80 0.03 0.976
cyclist -1 -1 1.16 776.62 124.62 947.53 363.73 1.87 0.84 1.11 1.90 1.46 5.30 1.50 0.974
cyclist -1 -1 1.20 485.20 172.53 507.40 215.26 1.87 0.84 1.11 -5.50 1.46 37.50 1.06 0.251
cyclist -1 -1 0.60 409.73 185.44 450.80 283.49 1.76 0.66 0.49 -4.00 1.77 16.30 0.36 0.244
cyclist -1 -1 1.53 328.54 166.50 454.22 302.64 1.75 0.62 1.83 -3.20 1.91 12.40 1.27 0.207
cyclist -1 -1 1.39 0.00 140.58 110.16 340.64 1.76 0.66 0.49 -4.30 1.46 5.40 0.72 0.087
