car -1 -1 -1.59 660.80 179.21 737.62 233.57 1.54 1.62 3.91 2.50 1.72 21.50 -1.47 1.000
car -1 -1 -1.39 526.37 180.80 569.09 213.32 1.46 1.49 2.95 -2.60 1.72 30.00 -1.48 0.998
car -1 -1 -0.94 128.33 192.33 477.97 371.74 1.54 1.62 3.91 -2.70 1.72 7.70 -1.27 0.995
car -1 -1 -2.17 778.35 188.76 1241.00 374.00 1.54 1.62 3.91 3.90 1.72 6.90 -1.65 0.994
car -1 -1 -1.61 630.05 177.40 668.59 209.90 1.54 1.62 3.91 1.70 1.72 32.10 -1.56 0.956
car -1 -1 -1.84 643.34 176.91 692.55 214.03 1.54 1.62 3.91 2.30 1.72 29.30 -1.77 0.955
car -1 -1 1.47 306.65 190.66 463.96 260.83 1.46 1.49 2.95 -4.60 1.72 15.00 1.18 0.954
pedestrian -1 -1 -1.44 335.21 172.52 362.27 253.80 1.76 0.66 0.49 -6.10 1.77 16.80 -1.79 0.931
pedestrian -1 -1 -0.52 290.43 176.35 314.05 263.55 1.76 0.66 0.49 -6.50 1.77 15.00 -0.93 0.783
pedestrian -1 -1 -1.35 311.50 173.22 348.89 267.78 1.77 0.62 0.88 -6.10 1.77 15.60 -1.72 0.463
