pedestrian -1 -1 -0.01 514.18 171.55 530.18 229.39 1.76 0.66 0.49 -2.40 1.46 22.50 -0.12 0.999
pedestrian -1 -1 -0.97 1022.59 156.43 1103.94 338.79 1.76 0.66 0.49 4.40 1.46 6.90 -0.40 0.998
pedestrian -1 -1 -2.01 402.50 165.55 425.97 244.26 1.68 0.41 1.64 -5.30 1.56 20.50 -2.26 0.989
pedestrian -1 -1 0.35 659.65 169.81 684.20 220.08 1.76 0.66 0.49 2.60 1.46 26.30 0.45 0.904
pedestrian -1 -1 0.29 234.58 146.45 298.24 236.30 1.87 0.84 1.11 -7.50 1.15 16.30 -0.14 0.770
pedestrian -1 -1 1.95 345.76 165.55 394.01 311.20 1.76 0.66 0.49 -3.50 1.46 10.80 1.64 0.535
pedestrian -1 -1 -0.14 625.95 164.95 642.20 206.75 1.87 0.84 1.11 1.70 1.46 35.50 -0.10 0.410
pedestrian -1 -1 2.34 570.39 170.79 588.32 223.12 1.75 0.62 1.83 -0.80 1.56 28.80 2.31 0.206
pedestrian -1 -1 1.00 192.48 139.03 244.43 241.49 1.87 0.84 1.11 -10.50 1.15 19.70 0.51 0.059
cyclist -1 -1 2.44 559.67 169.70 593.91 219.58 1.87 0.84 1.11 -0.90 1.46 28.30 2.41 0.927
cyclist -1 -1 -0.04 511.42 170.25 535.03 228.11 1.76 0.66 0.49 -2.20 1.77 20.90 -0.14 0.098
