car -1 -1 -1.64 636.25 180.74 680.21 213.96 1.46 1.49 2.95 2.00 1.72 29.40 -1.57 1.000
car -1 -1 -0.19 750.11 179.01 931.11 248.04 1.54 1.62 3.91 5.50 1.72 17.30 0.12 0.999
car -1 -1 -1.11 989.38 171.45 1241.00 352.99 1.54 1.62 3.91 6.70 1.72 8.90 -0.46 0.998
car -1 -1 -0.35 3.20 180.09 266.39 365.05 1.54 1.62 3.91 -5.30 1.72 8.10 -0.93 0.987
car -1 -1 -2.39 114.28 172.48 345.87 298.07 1.46 1.49 2.95 -4.60 1.39 9.20 -2.86 0.980
car -1 -1 0.25 358.62 175.69 491.41 223.23 1.54 1.62 3.91 -5.70 1.72 23.30 0.01 0.976
car -1 -1 -2.42 206.17 178.96 407.83 250.50 1.54 1.62 3.91 -6.50 1.72 16.10 -2.81 0.975
car -1 -1 -2.04 310.99 182.70 422.50 242.71 1.54 1.62 3.91 -5.90 1.72 18.30 -2.36 0.744
car -1 -1 -1.32 628.85 177.44 658.12 204.28 1.54 1.62 3.91 1.90 1.72 40.50 -1.27 0.328
car -1 -1 0.12 446.05 176.97 532.63 208.13 1.54 1.62 3.91 -6.10 1.72 36.70 -0.04 0.323
pedestrian -1 -1 -0.23 1077.87 186.35 1137.07 269.68 1.41 0.50 1.32 11.00 1.91 15.80 0.38 0.076
