car -1 -1 -1.93 0.00 177.05 309.88 311.19 1.46 1.49 2.95 -5.00 1.39 8.20 -2.48 0.998
car -1 -1 0.37 337.57 177.98 441.86 224.52 1.46 1.49 2.95 -7.20 1.72 23.20 0.07 0.990
car -1 -1 2.78 733.80 171.98 877.09 228.69 1.46 1.49 2.95 4.60 1.39 18.00 3.03 0.988
car -1 -1 -1.91 404.49 173.12 520.58 213.63 1.54 1.62 3.91 -5.10 1.39 24.90 -2.12 0.970
car -1 -1 -0.76 639.83 150.80 694.10 212.96 2.48 1.81 4.73 2.40 1.72 30.90 -0.68 0.948
car -1 -1 0.83 813.14 180.61 1020.53 263.61 1.46 1.49 2.95 4.80 1.39 12.00 1.21 0.948
car -1 -1 -1.81 455.52 172.06 538.64 201.06 1.54 1.62 3.91 -5.30 1.39 34.70 -1.96 0.350
car -1 -1 0.24 256.20 163.14 423.65 236.10 2.48 1.81 4.73 -9.10 2.06 24.00 -0.12 0.250
car -1 -1 2.20 853.55 185.97 1121.51 306.35 1.54 1.62 3.91 5.30 1.72 10.70 2.66 0.245
pedestrian -1 -1 0.09 194.81 168.64 220.75 224.30 1.41 0.50 1.32 -12.40 1.56 22.20 -0.42 0.160
pedestrian -1 -1 -0.14 1196.44 137.66 1230.13 240.33 1.76 0.66 0.49 13.10 1.46 15.60 0.55 0.124
