car -1 -1 -1.36 374.86 175.50 509.34 276.87 1.54 1.62 3.91 -2.90 1.72 13.30 -1.58 1.000
car -1 -1 1.94 131.67 193.39 257.14 246.90 1.46 1.49 2.95 -11.00 2.06 19.20 1.42 0.999
car -1 -1 -1.46 586.16 172.14 614.64 198.78 1.46 1.49 2.95 -0.40 1.39 36.60 -1.47 0.996
pedestrian -1 -1 2.57 662.80 170.05 675.53 220.56 1.76 0.66 0.49 2.50 1.77 30.80 2.65 0.983
pedestrian -1 -1 -1.01 696.64 154.94 718.11 221.57 1.76 0.66 0.49 3.10 1.46 23.20 -0.87 0.874
pedestrian -1 -1 2.27 679.02 165.44 693.41 223.35 1.76 0.66 0.49 2.70 1.46 25.60 2.37 0.860
pedestrian -1 -1 2.76 671.19 166.90 682.01 218.50 1.76 0.66 0.49 2.90 2.08 31.20 2.85 0.198
pedestrian -1 -1 -1.21 899.20 152.10 936.46 223.90 1.68 0.41 1.64 8.90 1.56 20.90 -0.80 0.078
cyclist -1 -1 -1.23 679.06 160.46 736.32 223.02 1.68 0.41 1.64 3.10 1.56 22.50 -1.09 1.000
cyclist -1 -1 -1.46 1035.82 137.49 1084.46 215.30 1.41 0.50 1.32 9.80 0.85 15.60 -0.90 0.337
