car -1 -1 -1.65 677.27 182.80 731.70 220.77 1.54 1.62 3.91 4.10 2.06 31.70 -1.52 1.000
car -1 -1 -1.79 767.40 185.53 973.76 323.49 1.54 1.62 3.91 3.30 1.72 10.50 -1.48 0.999
car -1 -1 -1.69 422.43 174.75 527.23 219.64 1.54 1.62 3.91 -4.90 1.72 26.50 -1.88 0.995
car -1 -1 -1.45 110.70 182.87 387.62 270.64 1.54 1.62 3.91 -6.10 1.72 13.30 -1.88 0.995
car -1 -1 -1.47 719.39 178.94 848.52 261.80 1.46 1.49 2.95 3.00 1.39 13.00 -1.25 0.994
car -1 -1 -2.31 273.10 179.78 460.24 240.18 1.54 1.62 3.91 -6.10 1.72 17.30 -2.65 0.993
car -1 -1 -1.62 679.49 176.47 784.51 224.07 1.54 1.62 3.91 4.70 1.72 27.90 -1.45 0.975
car -1 -1 -1.35 469.30 175.99 552.74 208.58 1.54 1.62 3.91 -4.30 1.72 33.50 -1.48 0.814
car -1 -1 -2.14 363.02 176.00 502.12 232.46 1.46 1.49 2.95 -5.20 1.72 21.20 -2.38 0.645
car -1 -1 0.70 0.00 198.03 225.35 371.13 1.46 1.49 2.95 -5.60 1.72 7.60 0.06 0.237
car -1 -1 -1.82 516.25 176.52 570.28 200.18 1.46 1.49 2.95 -4.20 1.72 45.40 -1.91 0.057
