car -1 -1 1.26 429.13 180.67 479.67 219.13 1.46 1.49 2.95 -6.80 2.06 31.80 1.05 0.995
car -1 -1 -2.06 722.55 150.80 882.73 291.16 2.48 1.81 4.73 4.00 2.06 15.50 -1.81 0.994
car -1 -1 -1.55 568.37 174.89 604.88 201.15 1.54 1.62 3.91 -1.30 1.72 39.10 -1.58 0.987
car -1 -1 -1.10 0.00 193.91 96.85 261.38 1.46 1.49 2.95 -15.20 2.06 18.20 -1.79 0.973
car -1 -1 -1.70 608.29 175.33 701.91 213.27 1.54 1.62 3.91 2.10 1.72 33.50 -1.64 0.968
car -1 -1 -1.80 688.88 166.59 832.62 251.99 1.54 1.62 3.91 2.90 1.39 14.50 -1.60 0.964
car -1 -1 -1.80 798.48 143.39 1213.87 366.09 1.54 1.62 3.91 3.30 1.39 5.70 -1.27 0.216
pedestrian -1 -1 1.84 482.83 171.74 495.62 209.04 1.41 0.50 1.32 -5.20 1.56 30.80 1.68 0.341
cyclist -1 -1 1.90 480.48 173.34 498.31 209.00 1.77 0.62 0.88 -6.40 2.08 38.10 1.74 0.403
cyclist -1 -1 0.46 503.16 172.08 518.09 206.73 1.77 0.62 0.88 -5.40 1.77 39.90 0.33 0.222
cyclist -1 -1 -0.20 170.48 185.74 204.94 237.14 1.41 0.50 1.32 -13.60 1.91 23.60 -0.72 0.201
