car -1 -1 -1.28 383.43 175.96 503.32 255.51 1.54 1.62 3.91 -3.50 1.39 15.90 -1.49 0.999
pedestrian -1 -1 0.05 544.78 160.00 574.03 222.58 1.87 0.84 1.11 -1.70 1.46 28.30 -0.01 0.998
pedestrian -1 -1 1.62 229.38 175.81 251.62 227.54 1.41 0.50 1.32 -13.40 1.56 26.00 1.14 0.993
pedestrian -1 -1 0.84 414.11 162.47 428.99 215.79 1.76 0.66 0.49 -6.90 1.15 26.60 0.59 0.966
pedestrian -1 -1 0.74 910.75 141.25 942.17 198.39 1.77 0.62 0.88 8.70 0.84 19.20 1.16 0.411
pedestrian -1 -1 -1.21 994.96 136.98 1024.90 207.40 1.76 0.66 0.49 12.80 0.84 22.30 -0.69 0.147
pedestrian -1 -1 0.62 282.30 167.96 299.50 232.92 1.76 0.66 0.49 -10.50 1.77 23.40 0.20 0.105
cyclist -1 -1 -0.81 837.68 152.05 863.11 199.38 1.77 0.62 0.88 11.00 0.84 31.30 -0.47 0.997
cyclist -1 -1 0.21 274.21 167.31 346.70 231.52 1.68 0.41 1.64 -7.30 1.56 18.10 -0.17 0.983
cyclist -1 -1 -0.75 963.77 142.78 1059.32 208.19 1.68 0.41 1.64 12.90 0.85 22.30 -0.23 0.496
cyclist -1 -1 0.48 897.99 145.39 951.09 197.26 1.87 0.84 1.11 8.90 0.84 20.30 0.90 0.207
cyclist -1 -1 0.26 729.40 151.77 772.53 197.26 1.87 0.84 1.11 6.10 0.84 30.30 0.46 0.149
