car -1 -1 -1.77 711.12 187.95 934.71 324.05 1.54 1.62 3.91 2.50 1.72 9.70 -1.51 1.000
car -1 -1 2.03 534.81 179.65 603.64 208.11 1.54 1.62 3.91 -2.50 2.06 42.50 1.97 0.999
car -1 -1 -1.65 589.47 184.45 655.96 232.03 1.54 1.62 3.91 0.30 1.72 20.70 -1.63 0.997
car -1 -1 -1.19 701.69 177.22 778.65 209.32 1.46 1.49 2.95 5.80 1.72 33.20 -1.02 0.971
car -1 -1 -1.06 635.76 178.53 731.68 209.66 1.54 1.62 3.91 3.50 1.72 34.70 -0.96 0.711
car -1 -1 -0.70 798.07 189.94 903.40 257.55 1.54 1.62 3.91 6.70 2.06 19.90 -0.37 0.464
car -1 -1 -1.23 812.46 184.84 887.50 220.16 1.46 1.49 2.95 11.00 2.06 33.40 -0.92 0.073
car -1 -1 -1.09 766.44 179.26 824.70 215.68 1.46 1.49 2.95 7.60 1.72 29.60 -0.84 0.065
pedestrian -1 -1 2.62 254.22 181.69 316.53 333.27 1.41 0.50 1.32 -4.60 1.56 10.40 2.20 0.121
cyclist -1 -1 2.23 216.29 168.57 343.19 369.74 1.87 0.84 1.11 -4.10 2.08 9.10 1.81 0.998
