car -1 -1 -1.61 662.95 172.88 722.35 219.84 1.46 1.49 2.95 2.40 1.39 22.40 -1.50 0.999
car -1 -1 -1.56 726.15 178.10 946.44 326.40 1.54 1.62 3.91 2.70 1.72 9.70 -1.29 0.999
car -1 -1 -1.21 345.36 179.81 524.43 297.87 1.54 1.62 3.91 -2.70 1.72 12.10 -1.43 0.998
car -1 -1 -1.35 543.75 171.37 582.20 201.51 1.54 1.62 3.91 -2.30 1.39 34.90 -1.42 0.998
car -1 -1 -1.46 27.66 175.03 454.18 373.58 1.54 1.62 3.91 -3.50 1.72 6.90 -1.93 0.996
car -1 -1 -1.54 649.44 170.49 688.88 204.78 1.46 1.49 2.95 2.60 1.39 30.20 -1.46 0.921
car -1 -1 -1.65 801.14 157.98 1241.00 373.25 1.46 1.49 2.95 3.20 1.39 6.40 -1.19 0.876
car -1 -1 -1.50 638.34 169.42 670.00 200.21 2.48 1.81 4.73 2.80 2.06 47.90 -1.44 0.794
car -1 -1 0.63 268.34 186.59 414.20 267.30 1.46 1.49 2.95 -5.20 1.72 14.20 0.27 0.052
pedestrian -1 -1 -1.49 378.48 161.18 401.09 244.49 1.76 0.66 0.49 -5.50 1.77 18.20 -1.79 0.988
pedestrian -1 -1 -1.66 395.56 164.63 417.06 236.18 1.76 0.66 0.49 -5.30 1.46 19.00 -1.93 0.951
pedestrian -1 -1 -0.58 1049.63 152.60 1158.99 346.46 1.76 0.66 0.49 4.50 1.77 6.60 0.02 0.358
