car -1 -1 -1.69 720.90 173.65 871.19 286.57 1.46 1.49 2.95 2.60 1.39 10.80 -1.46 1.000
car -1 -1 1.88 277.25 192.32 461.16 327.77 1.54 1.62 3.91 -3.70 2.06 11.30 1.56 0.999
car -1 -1 -1.70 817.07 187.66 1153.35 367.90 1.46 1.49 2.95 3.40 1.72 7.40 -1.27 0.999
car -1 -1 0.21 668.01 178.33 731.08 223.69 1.54 1.62 3.91 3.10 1.72 25.90 0.33 0.999
car -1 -1 1.79 533.71 175.77 571.49 203.36 1.54 1.62 3.91 -3.30 1.72 42.10 1.71 0.995
car -1 -1 1.71 464.92 167.94 539.27 234.90 1.54 1.62 3.91 -3.10 1.72 21.90 1.56 0.992
car -1 -1 -1.65 695.91 176.28 782.36 248.98 1.54 1.62 3.91 3.30 1.72 18.90 -1.48 0.986
car -1 -1 -1.64 640.37 175.60 675.75 201.82 1.46 1.49 2.95 2.60 1.72 39.40 -1.57 0.816
car -1 -1 -1.74 654.03 177.69 688.66 205.40 1.46 1.49 2.95 3.40 1.72 39.60 -1.66 0.206
car -1 -1 1.91 0.05 216.94 334.44 372.39 1.46 1.49 2.95 -3.80 1.72 6.40 1.38 0.184
