car -1 -1 -1.26 156.73 166.08 462.51 373.21 1.54 1.62 3.91 -2.70 1.72 7.50 -1.61 0.999
car -1 -1 -1.53 591.54 167.85 618.44 195.59 1.46 1.49 2.95 -0.20 1.39 42.00 -1.53 0.987
car -1 -1 0.58 323.57 176.64 430.85 213.84 1.54 1.62 3.91 -9.90 1.72 31.10 0.27 0.136
pedestrian -1 -1 2.30 686.40 164.98 710.44 231.25 1.76 0.66 0.49 2.40 1.46 19.90 2.42 1.000
pedestrian -1 -1 0.46 747.02 147.87 772.06 243.02 1.76 0.66 0.49 4.10 1.15 19.80 0.66 0.943
pedestrian -1 -1 2.94 710.98 161.84 735.21 230.48 1.75 0.62 1.83 4.00 1.56 26.00 3.09 0.876
pedestrian -1 -1 2.76 727.90 157.49 750.63 230.65 1.77 0.62 0.88 4.30 1.46 24.20 2.94 0.099
pedestrian -1 -1 0.11 328.91 162.85 341.53 219.73 1.76 0.66 0.49 -13.10 1.46 34.20 -0.25 0.066
cyclist -1 -1 0.50 710.64 149.50 800.87 249.17 1.75 0.62 1.83 4.00 1.56 19.00 0.71 0.973
cyclist -1 -1 0.55 861.31 184.47 888.13 214.82 1.41 0.50 1.32 10.20 1.91 27.80 0.90 0.050
