car -1 -1 -1.42 297.10 185.02 419.71 262.30 1.54 1.62 3.91 -6.10 1.72 18.10 -1.74 1.000
car -1 -1 -1.07 8.00 179.01 269.46 370.70 1.54 1.62 3.91 -5.70 1.72 8.50 -1.66 0.998
car -1 -1 -1.63 539.02 181.33 580.89 220.55 2.48 1.81 4.73 -2.60 2.06 40.10 -1.70 0.998
car -1 -1 -1.34 423.50 183.59 473.92 221.21 1.46 1.49 2.95 -6.00 1.39 27.20 -1.55 0.997
car -1 -1 -1.67 662.65 177.45 816.60 289.30 1.54 1.62 3.91 2.10 1.39 12.50 -1.50 0.995
car -1 -1 -1.39 381.75 185.48 459.99 237.93 1.54 1.62 3.91 -6.50 1.72 24.50 -1.65 0.993
car -1 -1 -1.37 455.62 184.43 498.96 208.96 1.54 1.62 3.91 -7.30 1.39 41.10 -1.55 0.937
car -1 -1 -1.53 526.24 184.28 561.64 211.00 1.54 1.62 3.91 -3.70 1.72 42.90 -1.62 0.714
car -1 -1 -1.37 211.32 167.09 313.67 237.47 2.48 1.81 4.73 -12.40 1.72 26.50 -1.81 0.113
pedestrian -1 -1 -0.21 569.08 165.21 583.17 213.43 1.75 0.62 1.83 -1.60 1.21 36.00 -0.25 0.063
