car -1 -1 -1.55 632.01 177.19 678.09 213.39 1.54 1.62 3.91 1.70 1.72 29.30 -1.49 0.999
car -1 -1 -0.86 893.46 181.86 1188.48 314.94 1.54 1.62 3.91 5.50 1.72 10.10 -0.36 0.995
car -1 -1 -2.06 367.85 176.51 501.02 215.50 1.54 1.62 3.91 -6.10 1.72 25.10 -2.30 0.994
car -1 -1 -2.39 91.42 166.36 372.77 272.86 2.48 1.81 4.73 -7.90 2.06 15.40 -2.86 0.987
car -1 -1 -1.73 1033.38 188.84 1241.00 374.00 1.46 1.49 2.95 5.80 1.72 7.20 -1.06 0.964
car -1 -1 1.69 759.51 179.28 1038.23 267.34 1.54 1.62 3.91 5.70 1.72 14.90 2.06 0.941
car -1 -1 -1.78 616.68 173.89 648.34 197.93 1.54 1.62 3.91 1.30 1.72 42.70 -1.75 0.864
car -1 -1 -1.84 4.57 175.05 253.01 350.09 1.54 1.62 3.91 -6.30 1.72 9.10 -2.45 0.826
car -1 -1 1.79 742.92 174.58 893.14 247.52 1.46 1.49 2.95 4.20 1.39 15.00 2.06 0.606
car -1 -1 -0.76 494.08 173.78 527.64 200.82 1.46 1.49 2.95 -6.00 1.72 44.80 -0.90 0.238
car -1 -1 -0.39 231.99 166.56 400.59 251.19 1.54 1.62 3.91 -5.50 1.39 14.70 -0.75 0.155
car -1 -1 -1.55 435.84 176.71 520.99 207.08 1.54 1.62 3.91 -5.70 1.72 33.10 -1.72 0.097
cyclist -1 -1 0.91 505.05 172.14 528.76 222.29 1.76 0.66 0.49 -2.80 1.46 22.10 0.78 1.000
