car -1 -1 1.19 614.41 171.74 648.49 201.55 2.48 1.81 4.73 2.40 1.72 52.70 1.23 0.808
car -1 -1 1.47 548.68 169.61 602.09 217.75 1.54 1.62 3.91 -1.10 1.39 28.10 1.43 0.735
pedestrian -1 -1 -1.63 1010.73 165.79 1067.45 307.92 1.76 0.66 0.49 5.90 1.46 9.80 -1.09 1.000
pedestrian -1 -1 1.81 902.74 163.04 929.77 228.52 1.76 0.66 0.49 9.70 1.46 22.00 2.22 0.999
pedestrian -1 -1 -0.62 233.82 155.84 299.17 358.11 1.76 0.66 0.49 -2.90 1.77 6.00 -1.07 0.999
pedestrian -1 -1 0.78 506.31 179.08 520.24 222.73 1.76 0.66 0.49 -3.90 1.77 32.00 0.66 0.966
pedestrian -1 -1 -1.77 812.12 168.37 842.95 268.21 1.76 0.66 0.49 5.50 1.46 17.40 -1.46 0.935
pedestrian -1 -1 -1.75 757.83 154.21 853.82 353.78 1.77 0.62 0.88 1.50 1.77 5.40 -1.48 0.929
pedestrian -1 -1 -1.41 815.08 153.73 895.24 368.08 1.76 0.66 0.49 2.30 1.77 6.40 -1.07 0.592
pedestrian -1 -1 0.59 1126.65 166.54 1178.50 259.33 1.41 0.50 1.32 12.20 1.56 16.00 1.24 0.269
pedestrian -1 -1 -0.40 952.78 202.62 975.92 258.21 1.41 0.50 1.32 13.80 2.27 27.20 0.07 0.145
pedestrian -1 -1 -1.76 842.78 163.66 872.80 242.52 1.76 0.66 0.49 6.50 1.46 18.00 -1.41 0.064
cyclist -1 -1 -0.72 988.52 165.21 1076.86 328.41 1.77 0.62 0.88 4.40 1.77 7.50 -0.19 0.184
cyclist -1 -1 0.52 391.61 176.77 455.09 247.82 1.41 0.50 1.32 -4.60 1.56 19.00 0.29 0.070
