pedestrian -1 -1 -0.98 830.45 149.41 864.05 263.51 1.76 0.66 0.49 4.60 1.46 13.30 -0.65 0.997
pedestrian -1 -1 -0.49 609.01 161.54 630.44 207.24 1.87 0.84 1.11 0.90 1.46 35.70 -0.47 0.994
pedestrian -1 -1 1.88 447.02 153.55 474.50 247.06 1.75 0.62 1.83 -4.20 1.21 21.20 1.68 0.992
pedestrian -1 -1 1.77 526.52 154.86 552.75 231.35 1.75 0.62 1.83 -2.00 1.56 22.60 1.68 0.990
pedestrian -1 -1 -0.76 578.28 170.03 600.64 242.03 1.77 0.62 0.88 -0.40 2.08 23.90 -0.78 0.987
pedestrian -1 -1 2.17 290.48 163.04 378.98 357.37 1.77 0.62 0.88 -2.70 1.77 7.40 1.82 0.977
pedestrian -1 -1 1.83 720.01 147.67 752.17 227.47 1.87 0.84 1.11 4.90 0.84 26.10 2.02 0.804
pedestrian -1 -1 -1.15 1157.91 135.16 1231.99 327.78 1.76 0.66 0.49 6.20 1.46 7.50 -0.46 0.401
pedestrian -1 -1 -0.17 593.71 160.45 615.89 210.17 1.87 0.84 1.11 0.10 1.15 32.30 -0.17 0.256
pedestrian -1 -1 0.08 418.94 174.49 434.34 232.66 1.77 0.62 0.88 -5.80 1.46 23.90 -0.16 0.134
cyclist -1 -1 0.98 705.57 142.33 775.36 260.57 1.87 0.84 1.11 2.50 1.46 12.30 1.18 0.996
cyclist -1 -1 1.93 257.85 169.41 406.36 350.83 1.68 0.41 1.64 -1.70 1.56 4.70 1.58 0.893
cyclist -1 -1 -0.73 661.02 153.41 699.10 207.65 1.75 0.62 1.83 2.80 0.85 26.60 -0.62 0.416
cyclist -1 -1 1.92 45.85 168.46 357.95 348.82 1.75 0.62 1.83 -2.40 1.56 4.40 1.43 0.061
