car -1 -1 -1.42 420.05 173.99 515.92 240.30 1.54 1.62 3.91 -3.70 1.39 19.50 -1.61 1.000
pedestrian -1 -1 0.27 533.72 158.42 558.84 212.44 1.87 0.84 1.11 -2.70 1.15 31.90 0.19 0.998
pedestrian -1 -1 1.36 260.82 177.24 278.91 219.58 1.77 0.62 0.88 -17.70 1.77 37.20 0.92 0.996
pedestrian -1 -1 -1.61 346.02 167.32 366.60 219.57 1.68 0.41 1.64 -8.50 1.21 24.50 -1.94 0.988
pedestrian -1 -1 0.08 897.58 142.16 928.92 197.51 1.76 0.66 0.49 7.90 0.84 18.00 0.50 0.964
pedestrian -1 -1 0.46 412.88 162.21 432.09 214.40 1.87 0.84 1.11 -9.30 1.15 36.30 0.21 0.960
pedestrian -1 -1 -1.17 222.13 177.08 259.26 253.12 1.77 0.62 0.88 -10.50 1.77 20.40 -1.64 0.072
cyclist -1 -1 -0.59 293.80 167.90 348.35 227.05 1.77 0.62 0.88 -7.40 1.46 18.10 -0.98 0.996
cyclist -1 -1 0.19 681.10 156.63 716.63 196.99 1.68 0.41 1.64 4.70 0.85 35.10 0.33 0.994
cyclist -1 -1 -0.10 813.58 149.03 864.17 199.16 1.75 0.62 1.83 8.80 0.85 26.00 0.23 0.990
cyclist -1 -1 -0.12 877.32 144.26 954.56 198.50 1.75 0.62 1.83 8.40 0.85 19.60 0.29 0.969
cyclist -1 -1 -1.65 328.93 170.44 378.19 220.46 1.87 0.84 1.11 -7.10 1.46 20.30 -1.99 0.339
