car -1 -1 -1.32 344.51 181.98 459.61 248.90 1.54 1.62 3.91 -4.70 1.39 17.30 -1.58 0.999
car -1 -1 -1.38 449.44 180.56 506.60 220.53 1.46 1.49 2.95 -5.00 1.39 27.80 -1.56 0.999
car -1 -1 -1.23 2.56 172.86 330.98 368.75 1.54 1.62 3.91 -4.30 1.39 7.10 -1.78 0.997
car -1 -1 -1.62 575.98 174.43 609.87 208.71 2.48 1.81 4.73 -1.00 1.72 49.50 -1.64 0.995
car -1 -1 -1.11 298.16 181.20 406.88 227.47 1.46 1.49 2.95 -8.00 1.39 23.20 -1.44 0.989
car -1 -1 -1.27 477.22 176.15 514.88 210.50 2.48 1.81 4.73 -7.40 1.72 49.30 -1.42 0.665
car -1 -1 -0.48 86.00 176.27 289.00 254.89 1.54 1.62 3.91 -9.70 1.39 16.50 -1.01 0.603
car -1 -1 0.07 8.69 152.20 137.71 225.60 2.48 1.81 4.73 -19.00 1.39 24.90 -0.58 0.443
car -1 -1 -0.88 4.94 142.26 154.83 307.95 2.48 1.81 4.73 -10.60 1.72 13.30 -1.55 0.289
car -1 -1 -1.32 197.96 173.43 326.50 224.91 2.48 1.81 4.73 -14.90 2.06 30.60 -1.78 0.062
