car -1 -1 -1.76 780.63 177.16 1052.01 370.43 1.54 1.62 3.91 3.10 1.72 8.50 -1.41 0.999
car -1 -1 -1.66 635.66 175.04 669.50 203.29 1.54 1.62 3.91 2.30 1.72 39.50 -1.60 0.999
car -1 -1 -2.59 292.16 165.81 476.00 231.53 1.54 1.62 3.91 -5.90 1.39 18.70 -2.89 0.997
car -1 -1 -0.28 12.90 165.84 364.55 308.34 1.46 1.49 2.95 -5.40 1.39 8.40 -0.85 0.944
car -1 -1 -0.93 472.32 173.35 532.83 201.28 1.46 1.49 2.95 -6.00 1.72 40.40 -1.07 0.853
car -1 -1 0.52 767.08 175.16 875.17 238.99 1.54 1.62 3.91 5.30 1.72 18.70 0.80 0.731
car -1 -1 -0.66 708.13 171.91 807.51 221.11 1.46 1.49 2.95 5.00 1.39 24.60 -0.46 0.623
car -1 -1 -2.12 248.31 174.75 409.05 252.10 1.46 1.49 2.95 -5.40 1.39 13.40 -2.50 0.615
car -1 -1 0.67 933.19 183.11 1101.96 272.99 1.46 1.49 2.95 7.80 1.72 14.00 1.18 0.395
car -1 -1 -1.50 625.12 171.06 651.24 193.71 1.46 1.49 2.95 1.60 1.39 44.00 -1.46 0.160
car -1 -1 -1.39 432.91 176.18 516.27 214.04 1.46 1.49 2.95 -5.20 1.72 28.40 -1.57 0.096
pedestrian -1 -1 0.45 962.88 154.62 976.78 211.05 1.76 0.66 0.49 15.50 1.15 31.20 0.91 0.496
pedestrian -1 -1 -0.83 1133.05 163.47 1158.47 220.60 1.77 0.62 0.88 22.20 1.77 29.90 -0.19 0.118
cyclist -1 -1 0.97 543.78 171.65 562.44 200.70 1.41 0.50 1.32 -3.20 1.56 39.00 0.89 0.926
