car -1 -1 -1.69 743.52 188.94 993.69 349.36 1.54 1.62 3.91 2.70 1.72 8.70 -1.39 0.999
car -1 -1 -1.71 668.00 177.03 753.44 246.27 1.54 1.62 3.91 2.50 1.72 19.70 -1.59 0.999
car -1 -1 -2.73 45.22 165.77 379.70 287.59 1.54 1.62 3.91 -5.70 1.39 10.30 -3.24 0.998
car -1 -1 -2.59 262.57 182.11 454.22 248.15 1.54 1.62 3.91 -5.90 1.72 16.90 -2.93 0.992
car -1 -1 -1.70 656.59 180.67 708.00 227.12 1.46 1.49 2.95 2.40 1.72 25.00 -1.60 0.991
car -1 -1 -1.01 483.60 176.05 548.59 203.69 1.46 1.49 2.95 -5.20 1.72 40.00 -1.14 0.905
car -1 -1 0.11 631.94 180.07 660.44 204.54 1.54 1.62 3.91 2.10 2.06 41.90 0.16 0.878
car -1 -1 -1.03 640.78 179.53 679.46 211.39 1.46 1.49 2.95 2.00 1.72 29.60 -0.96 0.837
car -1 -1 -1.64 441.03 175.52 528.61 213.33 1.54 1.62 3.91 -4.90 1.72 30.10 -1.81 0.835
car -1 -1 -2.05 363.72 181.31 473.24 229.12 1.46 1.49 2.95 -6.00 1.72 23.00 -2.31 0.642
car -1 -1 -1.81 422.36 183.94 489.57 223.29 1.54 1.62 3.91 -6.50 2.06 31.30 -2.01 0.056
