car -1 -1 -1.70 655.40 174.77 745.63 240.34 1.54 1.62 3.91 2.50 1.72 20.10 -1.57 0.998
car -1 -1 -2.45 161.86 180.79 401.52 260.61 1.54 1.62 3.91 -7.10 1.72 15.10 -2.89 0.990
car -1 -1 -1.66 630.29 169.39 676.11 207.75 1.54 1.62 3.91 1.70 1.39 28.30 -1.60 0.982
car -1 -1 -2.12 394.89 176.59 493.82 212.52 1.54 1.62 3.91 -7.30 1.72 31.70 -2.35 0.693
car -1 -1 -1.30 282.13 180.94 431.22 239.25 1.54 1.62 3.91 -6.90 1.72 19.50 -1.64 0.589
car -1 -1 -1.38 469.77 171.36 545.58 199.63 1.54 1.62 3.91 -4.70 1.39 35.70 -1.51 0.275
car -1 -1 1.91 258.98 176.32 327.17 202.86 1.46 1.49 2.95 -17.80 1.72 40.60 1.49 0.057
car -1 -1 -1.55 624.12 170.27 653.40 197.66 1.46 1.49 2.95 1.40 1.39 38.60 -1.51 0.052
pedestrian -1 -1 1.65 109.27 191.70 227.13 374.00 1.76 0.66 0.49 -3.90 2.08 6.40 1.11 0.967
cyclist -1 -1 1.39 66.09 188.70 268.36 374.00 1.41 0.50 1.32 -2.40 1.56 3.40 0.78 0.993
