car -1 -1 -2.26 159.78 184.00 322.13 240.82 1.46 1.49 2.95 -9.20 1.72 18.00 -2.73 1.000
car -1 -1 2.24 833.65 170.45 948.71 211.90 1.54 1.62 3.91 10.90 1.39 27.10 2.62 0.992
car -1 -1 -0.64 296.46 182.80 406.27 216.80 1.54 1.62 3.91 -9.90 1.72 27.50 -0.99 0.820
car -1 -1 -1.75 0.54 204.20 88.81 249.32 1.46 1.49 2.95 -15.80 2.06 19.00 -2.44 0.543
car -1 -1 -0.80 280.14 183.88 347.73 217.72 1.46 1.49 2.95 -13.40 2.06 32.00 -1.20 0.312
car -1 -1 2.54 976.29 160.64 1112.63 206.31 2.48 1.81 4.73 22.30 1.72 37.20 3.08 0.286
car -1 -1 1.63 958.52 177.83 1025.47 205.73 1.46 1.49 2.95 18.20 1.72 34.80 2.11 0.179
car -1 -1 2.21 836.81 182.91 888.50 211.30 1.46 1.49 2.95 14.20 2.06 40.60 2.55 0.095
car -1 -1 -1.30 135.81 191.37 218.38 225.26 1.46 1.49 2.95 -17.00 2.06 28.60 -1.84 0.069
car -1 -1 -1.70 260.94 183.27 321.19 227.66 1.46 1.49 2.95 -13.20 2.06 30.20 -2.11 0.064
pedestrian -1 -1 -1.72 1049.06 130.62 1118.71 309.58 1.76 0.66 0.49 5.90 1.46 9.20 -1.15 0.999
pedestrian -1 -1 -1.98 1097.57 116.92 1202.69 323.91 1.77 0.62 0.88 5.50 1.46 7.40 -1.34 0.968
pedestrian -1 -1 0.53 1185.30 132.98 1218.03 244.07 1.76 0.66 0.49 14.70 1.15 18.00 1.21 0.139
pedestrian -1 -1 -1.89 414.87 174.77 430.16 205.99 1.41 0.50 1.32 -10.60 1.91 40.80 -2.14 0.084
pedestrian -1 -1 -0.54 1117.97 153.37 1144.35 227.35 1.76 0.66 0.49 20.70 1.77 28.60 0.09 0.061
cyclist -1 -1 1.19 762.75 174.62 784.61 210.85 1.68 0.41 1.64 8.30 1.91 37.10 1.41 0.210
