car -1 -1 1.64 213.03 177.21 402.80 301.91 1.54 1.62 3.91 -4.50 1.72 11.90 1.28 0.995
car -1 -1 0.25 139.18 184.40 276.11 266.32 1.54 1.62 3.91 -8.90 1.72 16.70 -0.24 0.114
pedestrian -1 -1 -2.01 198.56 167.49 296.03 353.84 1.77 0.62 0.88 -3.80 1.77 7.50 -2.48 1.000
pedestrian -1 -1 0.94 0.00 155.56 107.57 367.92 1.76 0.66 0.49 -3.90 1.46 4.80 0.26 0.999
pedestrian -1 -1 0.70 650.73 158.96 680.38 228.78 1.75 0.62 1.83 1.80 1.21 21.60 0.78 0.999
pedestrian -1 -1 0.43 498.64 172.27 520.82 213.28 1.87 0.84 1.11 -4.70 1.46 37.30 0.30 0.998
pedestrian -1 -1 -1.34 139.77 159.24 231.82 351.56 1.76 0.66 0.49 -4.50 1.77 7.80 -1.87 0.997
pedestrian -1 -1 -0.47 101.91 165.55 177.45 337.67 1.76 0.66 0.49 -5.70 1.46 8.80 -1.05 0.955
pedestrian -1 -1 -0.67 199.72 163.43 235.54 219.78 1.68 0.41 1.64 -12.30 1.21 23.10 -1.16 0.843
pedestrian -1 -1 1.13 429.97 167.11 463.92 245.70 1.87 0.84 1.11 -5.10 1.46 23.90 0.92 0.719
pedestrian -1 -1 -0.10 380.81 173.11 400.49 221.28 1.76 0.66 0.49 -6.50 1.46 22.00 -0.38 0.666
pedestrian -1 -1 -0.75 515.24 167.55 527.30 212.43 1.76 0.66 0.49 -3.70 1.46 33.60 -0.86 0.151
pedestrian -1 -1 -0.95 189.61 170.62 208.44 224.94 1.76 0.66 0.49 -16.90 1.46 30.20 -1.46 0.143
pedestrian -1 -1 -1.03 143.16 172.49 196.37 259.96 1.87 0.84 1.11 -13.90 1.46 23.30 -1.56 0.109
pedestrian -1 -1 -0.14 183.18 161.67 251.44 267.65 1.87 0.84 1.11 -8.30 1.46 15.50 -0.63 0.097
cyclist -1 -1 0.12 427.34 161.39 470.24 258.29 1.87 0.84 1.11 -4.70 2.08 22.90 -0.08 0.908
cyclist -1 -1 -0.70 586.24 190.36 615.44 239.56 1.41 0.50 1.32 0.00 1.91 26.20 -0.70 0.083
