car -1 -1 -1.96 731.89 184.61 896.39 298.01 1.54 1.62 3.91 2.90 1.72 11.70 -1.71 1.000
car -1 -1 -2.43 220.49 172.59 415.73 251.31 1.46 1.49 2.95 -5.60 1.39 13.80 -2.82 0.999
car -1 -1 0.48 8.50 172.38 327.24 321.33 1.54 1.62 3.91 -6.30 1.72 10.10 -0.08 0.985
car -1 -1 -1.40 805.75 180.12 941.48 248.92 1.46 1.49 2.95 5.80 1.72 16.20 -1.05 0.978
car -1 -1 2.22 705.55 171.89 839.61 218.53 1.54 1.62 3.91 5.10 1.39 22.90 2.44 0.914
car -1 -1 -1.41 404.25 172.36 526.91 205.82 1.54 1.62 3.91 -6.10 1.39 30.30 -1.61 0.893
car -1 -1 -0.11 631.11 153.35 678.11 203.74 2.48 1.81 4.73 2.20 1.72 36.90 -0.05 0.663
car -1 -1 -1.37 313.61 168.02 476.37 234.23 1.46 1.49 2.95 -4.80 1.39 16.40 -1.65 0.523
car -1 -1 -0.18 153.02 170.48 356.39 283.75 1.46 1.49 2.95 -4.60 1.39 10.00 -0.62 0.158
pedestrian -1 -1 0.36 319.12 157.27 330.94 202.64 1.76 0.66 0.49 -13.20 1.15 33.50 -0.02 0.051
