car -1 -1 1.70 519.46 178.53 547.71 202.53 1.54 1.62 3.91 -4.90 1.39 51.90 1.61 0.770
car -1 -1 0.81 87.56 205.10 372.20 361.10 1.54 1.62 3.91 -3.70 1.72 8.10 0.38 0.210
pedestrian -1 -1 0.51 595.60 174.32 613.78 236.19 1.76 0.66 0.49 0.10 1.46 19.80 0.52 0.999
pedestrian -1 -1 -0.34 558.69 172.85 576.48 234.66 1.76 0.66 0.49 -1.10 1.46 23.80 -0.39 0.999
pedestrian -1 -1 -0.07 493.06 171.93 521.44 234.35 1.87 0.84 1.11 -3.10 1.77 22.70 -0.20 0.999
pedestrian -1 -1 2.02 49.71 149.79 216.80 373.00 1.76 0.66 0.49 -3.20 1.15 4.90 1.44 0.998
pedestrian -1 -1 -1.85 689.29 162.72 737.42 322.15 1.76 0.66 0.49 1.40 1.77 8.70 -1.69 0.998
pedestrian -1 -1 1.44 476.56 177.07 491.91 237.25 1.76 0.66 0.49 -3.90 1.77 23.60 1.28 0.988
pedestrian -1 -1 1.06 242.07 189.84 385.38 367.98 1.77 0.62 0.88 -2.20 1.46 5.30 0.67 0.987
pedestrian -1 -1 -0.46 938.13 118.37 995.88 271.94 1.76 0.66 0.49 4.20 1.15 8.30 0.01 0.975
pedestrian -1 -1 -1.77 807.32 161.73 825.76 209.99 1.76 0.66 0.49 8.40 1.15 27.70 -1.48 0.916
pedestrian -1 -1 -0.22 580.86 170.75 593.41 223.35 1.76 0.66 0.49 -0.50 1.46 27.20 -0.24 0.868
pedestrian -1 -1 0.54 1135.23 116.61 1208.90 352.63 1.87 0.84 1.11 5.30 1.46 6.30 1.24 0.652
pedestrian -1 -1 1.03 188.91 188.13 267.48 361.60 1.76 0.66 0.49 -3.50 1.77 6.60 0.54 0.553
pedestrian -1 -1 0.07 588.14 171.25 600.39 226.23 1.76 0.66 0.49 -0.30 1.77 32.60 0.06 0.093
pedestrian -1 -1 -1.02 848.58 165.35 863.97 216.19 1.76 0.66 0.49 11.00 1.46 31.10 -0.68 0.070
cyclist -1 -1 -1.12 799.96 162.75 831.38 213.50 1.75 0.62 1.83 8.80 1.21 29.80 -0.83 0.285
cyclist -1 -1 0.28 207.11 188.40 434.10 348.38 1.68 0.41 1.64 -1.90 1.56 5.70 -0.04 0.159
