car -1 -1 1.60 490.79 178.38 540.38 214.30 1.54 1.62 3.91 -3.90 1.72 30.30 1.48 1.000
car -1 -1 2.02 0.00 179.44 256.08 354.72 1.54 1.62 3.91 -5.70 1.72 8.30 1.42 0.999
car -1 -1 1.45 387.71 185.36 456.63 226.80 1.54 1.62 3.91 -7.50 2.06 28.70 1.19 0.999
car -1 -1 1.82 221.46 182.81 375.73 271.53 1.54 1.62 3.91 -6.50 1.72 14.90 1.41 0.998
car -1 -1 1.47 470.95 181.82 508.99 209.21 1.54 1.62 3.91 -6.70 2.06 41.30 1.31 0.997
car -1 -1 2.61 697.14 161.73 789.46 196.14 2.48 1.81 4.73 7.90 1.72 43.00 2.80 0.990
car -1 -1 -0.37 522.41 176.50 556.44 202.20 1.54 1.62 3.91 -3.90 1.72 40.10 -0.47 0.976
car -1 -1 -0.88 628.25 175.65 655.16 197.20 1.54 1.62 3.91 2.10 1.72 46.70 -0.83 0.836
car -1 -1 2.08 80.33 185.81 255.04 257.82 1.54 1.62 3.91 -9.50 1.72 16.10 1.55 0.058
pedestrian -1 -1 -1.59 677.56 156.33 696.08 211.83 1.76 0.66 0.49 2.70 1.46 25.60 -1.48 0.839
