car -1 -1 1.50 508.61 173.61 568.59 221.22 1.54 1.62 3.91 -2.10 1.39 24.30 1.41 0.998
car -1 -1 -0.82 572.87 170.03 610.60 203.69 2.48 1.81 4.73 -0.60 1.72 48.30 -0.84 0.814
pedestrian -1 -1 -2.28 740.87 171.98 769.62 257.38 1.76 0.66 0.49 3.10 1.46 14.40 -2.07 1.000
pedestrian -1 -1 -1.13 189.80 155.95 261.11 370.35 1.76 0.66 0.49 -3.60 1.77 6.90 -1.61 0.999
pedestrian -1 -1 1.87 1147.64 156.90 1208.98 255.84 1.77 0.62 0.88 11.60 1.15 14.50 2.54 0.996
pedestrian -1 -1 0.51 850.49 134.14 930.43 369.35 1.77 0.62 0.88 2.50 1.77 6.60 0.87 0.988
pedestrian -1 -1 -1.46 763.59 149.92 835.63 373.00 1.76 0.66 0.49 1.70 1.46 6.20 -1.20 0.974
pedestrian -1 -1 0.47 847.59 154.71 873.62 220.57 1.77 0.62 0.88 8.10 1.15 22.60 0.81 0.962
pedestrian -1 -1 1.37 1119.70 132.60 1184.37 331.02 1.76 0.66 0.49 7.90 1.77 10.40 2.01 0.818
pedestrian -1 -1 0.11 472.53 175.63 487.55 223.58 1.68 0.41 1.64 -4.30 1.56 25.30 -0.06 0.658
pedestrian -1 -1 1.83 897.86 168.02 927.73 211.73 1.87 0.84 1.11 14.90 1.15 34.10 2.24 0.478
pedestrian -1 -1 -0.89 711.00 185.67 721.17 216.66 1.76 0.66 0.49 5.70 1.77 35.40 -0.73 0.424
pedestrian -1 -1 1.16 900.50 160.70 940.68 275.79 1.76 0.66 0.49 6.60 1.46 14.70 1.58 0.225
pedestrian -1 -1 1.21 226.93 178.75 264.68 245.18 1.41 0.50 1.32 -10.80 1.56 22.00 0.75 0.106
pedestrian -1 -1 -0.32 482.78 180.41 495.83 227.48 1.76 0.66 0.49 -5.90 2.08 38.60 -0.47 0.075
cyclist -1 -1 2.03 580.97 182.58 596.86 215.93 1.41 0.50 1.32 -0.40 1.56 29.20 2.02 0.195
cyclist -1 -1 0.07 320.70 165.47 382.85 266.65 1.77 0.62 0.88 -3.90 1.46 11.60 -0.25 0.169
cyclist -1 -1 -0.20 837.09 155.72 888.00 224.23 1.77 0.62 0.88 5.90 0.84 16.00 0.16 0.051
