car -1 -1 -1.61 628.76 179.05 689.87 224.90 1.54 1.62 3.91 1.50 1.72 23.90 -1.54 1.000
car -1 -1 0.77 906.19 189.17 1231.10 349.95 1.46 1.49 2.95 5.00 1.72 8.60 1.30 0.994
car -1 -1 -0.68 9.80 159.05 266.89 341.47 1.54 1.62 3.91 -5.50 1.39 7.70 -1.30 0.985
car -1 -1 -1.58 612.70 175.95 648.94 205.57 1.46 1.49 2.95 1.20 1.72 38.80 -1.55 0.966
car -1 -1 -0.89 270.49 178.31 464.27 235.18 1.54 1.62 3.91 -6.10 1.72 18.50 -1.21 0.954
car -1 -1 0.09 813.69 183.91 1148.13 293.78 1.54 1.62 3.91 5.30 1.72 11.50 0.52 0.944
car -1 -1 -0.93 368.02 177.74 469.03 224.43 1.46 1.49 2.95 -5.80 1.72 23.20 -1.17 0.399
car -1 -1 -1.89 435.48 176.49 505.09 209.56 1.54 1.62 3.91 -6.30 1.72 33.70 -2.07 0.125
car -1 -1 -1.21 466.14 175.89 531.97 198.97 1.54 1.62 3.91 -6.90 1.72 44.70 -1.37 0.095
car -1 -1 1.38 333.92 175.86 374.32 202.46 1.46 1.49 2.95 -15.80 1.72 44.80 1.04 0.090
car -1 -1 0.04 1.26 174.77 101.82 213.24 1.46 1.49 2.95 -24.60 1.72 32.00 -0.62 0.052
pedestrian -1 -1 -0.49 1167.38 187.74 1225.92 299.85 1.41 0.50 1.32 9.00 1.91 10.80 0.21 0.094
cyclist -1 -1 1.24 438.71 177.51 478.28 258.65 1.68 0.41 1.64 -3.70 1.91 17.30 1.03 0.998
