car -1 -1 -1.94 758.67 180.73 911.93 283.61 1.54 1.62 3.91 4.30 1.72 14.10 -1.65 1.000
car -1 -1 1.89 224.11 190.08 416.77 298.23 1.46 1.49 2.95 -4.00 1.72 10.40 1.52 1.000
car -1 -1 -1.84 845.94 180.07 1233.59 373.40 1.54 1.62 3.91 4.10 1.72 7.90 -1.36 1.000
car -1 -1 1.56 431.19 185.54 504.90 233.49 1.54 1.62 3.91 -4.70 2.06 24.70 1.37 0.998
car -1 -1 1.72 367.30 186.89 474.09 253.44 1.54 1.62 3.91 -4.70 2.06 18.70 1.47 0.998
car -1 -1 -1.60 716.05 179.19 829.98 246.57 1.54 1.62 3.91 3.50 1.72 16.70 -1.39 0.998
car -1 -1 -1.68 694.20 177.24 761.10 223.37 1.54 1.62 3.91 3.90 1.72 24.50 -1.52 0.997
car -1 -1 1.65 519.32 178.80 557.10 207.17 1.54 1.62 3.91 -4.30 2.06 44.70 1.55 0.996
car -1 -1 -1.49 683.71 180.30 730.76 213.64 1.54 1.62 3.91 4.30 2.06 33.70 -1.36 0.650
pedestrian -1 -1 -1.12 669.34 168.30 676.43 190.78 1.76 0.66 0.49 3.90 1.46 44.40 -1.03 0.433
