car -1 -1 1.93 51.28 181.56 323.35 316.80 1.54 1.62 3.91 -5.70 1.72 10.50 1.44 1.000
car -1 -1 1.17 409.51 184.74 466.01 220.15 1.46 1.49 2.95 -7.20 2.06 30.00 0.93 0.998
car -1 -1 1.51 503.77 179.95 548.75 212.51 1.54 1.62 3.91 -3.50 1.72 31.10 1.40 0.997
car -1 -1 1.76 278.03 183.17 406.29 256.81 1.46 1.49 2.95 -5.60 1.72 14.80 1.40 0.997
car -1 -1 1.39 478.45 182.08 515.57 207.30 1.46 1.49 2.95 -6.20 2.06 40.40 1.24 0.995
car -1 -1 2.43 696.71 163.16 783.60 194.72 2.48 1.81 4.73 9.10 1.72 49.80 2.61 0.991
car -1 -1 -0.91 628.65 176.15 654.57 197.66 1.46 1.49 2.95 2.00 1.72 48.20 -0.87 0.427
car -1 -1 -0.14 530.98 176.70 558.48 202.35 1.46 1.49 2.95 -4.00 1.72 43.40 -0.24 0.232
pedestrian -1 -1 1.94 961.61 158.21 976.80 202.43 1.76 0.66 0.49 15.50 1.46 31.20 2.40 0.521
pedestrian -1 -1 -1.72 671.21 160.99 691.35 209.38 1.76 0.66 0.49 2.50 1.46 25.40 -1.62 0.354
