car -1 -1 -1.45 600.97 175.04 630.75 204.28 1.54 1.62 3.91 0.30 1.72 37.90 -1.44 0.998
car -1 -1 1.86 370.58 187.48 431.61 218.17 1.46 1.49 2.95 -8.80 2.06 30.80 1.58 0.992
car -1 -1 1.51 397.48 183.24 435.76 210.46 1.46 1.49 2.95 -10.60 2.06 39.80 1.25 0.108
pedestrian -1 -1 1.61 778.76 164.50 829.79 303.67 1.76 0.66 0.49 2.90 1.77 11.20 1.86 0.998
pedestrian -1 -1 2.55 846.15 145.13 935.32 347.13 1.87 0.84 1.11 3.30 1.77 8.70 2.91 0.974
pedestrian -1 -1 0.87 0.00 175.39 78.78 355.50 1.41 0.50 1.32 -5.80 1.56 7.00 0.18 0.870
pedestrian -1 -1 0.11 971.23 120.35 1058.50 367.48 1.76 0.66 0.49 4.10 1.77 7.40 0.61 0.776
cyclist -1 -1 1.49 894.47 132.53 1140.84 351.80 1.87 0.84 1.11 2.50 1.46 4.50 2.00 0.987
cyclist -1 -1 2.32 792.89 143.80 999.76 337.21 1.87 0.84 1.11 1.90 1.77 4.90 2.69 0.814
cyclist -1 -1 0.45 776.83 166.54 833.32 297.68 1.68 0.41 1.64 3.10 1.56 10.90 0.72 0.086
