car -1 -1 -1.76 704.83 187.09 801.74 252.90 1.46 1.49 2.95 3.00 1.72 15.60 -1.57 0.999
car -1 -1 -1.78 682.28 182.26 752.47 231.57 1.54 1.62 3.91 3.70 2.06 25.70 -1.64 0.999
car -1 -1 1.82 482.40 184.14 533.39 219.29 1.54 1.62 3.91 -4.90 2.06 34.70 1.68 0.997
car -1 -1 0.39 1012.43 167.31 1226.27 244.18 1.46 1.49 2.95 9.80 1.39 14.00 1.00 0.997
car -1 -1 1.73 507.45 183.50 549.03 215.12 1.46 1.49 2.95 -4.00 2.06 35.80 1.61 0.968
car -1 -1 -0.07 664.98 175.63 695.33 201.98 1.46 1.49 2.95 3.80 1.72 40.80 0.03 0.903
car -1 -1 1.80 973.69 177.48 1119.32 235.13 1.46 1.49 2.95 11.80 1.72 19.60 2.34 0.653
car -1 -1 1.81 886.95 175.60 1047.76 219.64 1.54 1.62 3.91 10.30 1.39 20.90 2.26 0.341
car -1 -1 1.88 534.92 182.93 567.92 207.82 1.54 1.62 3.91 -3.10 2.06 40.50 1.81 0.217
pedestrian -1 -1 -0.73 1177.15 165.09 1216.79 211.64 1.68 0.41 1.64 22.70 1.56 28.10 -0.05 0.633
pedestrian -1 -1 -0.59 993.05 160.84 1005.00 196.96 1.76 0.66 0.49 20.10 1.15 37.20 -0.09 0.618
