car -1 -1 1.74 377.00 187.64 471.39 238.42 1.54 1.62 3.91 -5.90 2.06 23.30 1.49 1.000
car -1 -1 -1.83 808.87 175.11 1221.55 374.00 1.54 1.62 3.91 3.30 1.72 7.10 -1.39 0.999
car -1 -1 1.16 710.48 180.33 813.12 252.65 1.54 1.62 3.91 3.50 1.72 17.50 1.36 0.999
car -1 -1 2.04 191.55 190.43 367.80 290.72 1.46 1.49 2.95 -6.20 2.06 13.40 1.61 0.998
car -1 -1 1.67 476.09 176.96 520.91 210.47 1.54 1.62 3.91 -5.30 1.72 35.30 1.52 0.998
car -1 -1 -1.57 682.89 182.11 756.93 227.15 1.54 1.62 3.91 3.30 1.72 23.10 -1.43 0.995
car -1 -1 -1.57 655.90 177.61 712.63 214.78 1.54 1.62 3.91 3.10 1.72 30.50 -1.47 0.995
car -1 -1 1.97 6.23 203.05 239.77 374.00 1.46 1.49 2.95 -6.00 1.72 8.00 1.32 0.966
car -1 -1 -0.30 802.10 187.39 956.53 264.75 1.46 1.49 2.95 5.20 1.72 14.60 0.04 0.212
car -1 -1 1.60 726.70 178.86 772.65 210.00 1.54 1.62 3.91 6.90 1.72 36.10 1.79 0.114
