car -1 -1 -1.72 512.42 184.87 650.71 268.23 1.46 1.49 2.95 -0.40 1.72 14.20 -1.75 0.999
car -1 -1 -1.99 667.09 129.48 1138.12 367.79 2.48 1.81 4.73 2.90 2.06 8.20 -1.65 0.998
car -1 -1 -1.05 2.88 197.98 159.90 304.24 1.46 1.49 2.95 -8.80 2.06 11.20 -1.72 0.997
car -1 -1 1.80 223.39 183.51 276.43 215.74 1.46 1.49 2.95 -17.60 2.06 35.80 1.34 0.996
car -1 -1 -1.59 397.07 179.52 444.01 212.14 1.54 1.62 3.91 -10.50 2.06 40.30 -1.85 0.996
car -1 -1 -1.70 412.12 182.73 467.66 221.01 1.46 1.49 2.95 -6.60 1.72 28.00 -1.93 0.993
car -1 -1 0.82 1108.00 151.22 1240.43 235.54 2.48 1.81 4.73 19.10 2.06 23.40 1.51 0.993
car -1 -1 0.70 593.93 166.12 679.40 201.57 2.48 1.81 4.73 1.90 2.06 49.40 0.74 0.716
car -1 -1 -1.18 380.29 173.95 411.75 195.06 1.46 1.49 2.95 -14.80 1.72 50.20 -1.47 0.240
car -1 -1 0.17 1.10 185.79 87.21 222.45 1.46 1.49 2.95 -24.60 2.06 31.40 -0.49 0.147
pedestrian -1 -1 -0.58 918.72 149.09 943.48 235.68 1.77 0.62 0.88 9.00 1.46 20.30 -0.16 0.054
