car -1 -1 -1.63 661.61 171.04 717.03 214.43 1.46 1.49 2.95 2.60 1.39 24.20 -1.52 1.000
car -1 -1 -1.34 146.43 168.20 464.24 373.74 1.54 1.62 3.91 -3.10 1.72 8.10 -1.71 0.999
car -1 -1 -1.39 547.24 169.46 586.42 199.42 1.54 1.62 3.91 -2.10 1.39 37.10 -1.44 0.997
car -1 -1 -1.65 718.17 173.84 912.41 305.59 1.54 1.62 3.91 2.90 1.72 11.30 -1.40 0.996
car -1 -1 -1.28 369.15 177.91 532.32 278.68 1.54 1.62 3.91 -2.50 1.72 12.90 -1.47 0.992
car -1 -1 -2.19 769.51 155.07 1206.55 372.89 1.54 1.62 3.91 3.10 1.39 6.90 -1.77 0.931
car -1 -1 -1.48 648.27 168.74 688.49 203.71 1.46 1.49 2.95 2.60 1.39 30.80 -1.39 0.813
car -1 -1 -1.53 638.86 167.71 670.21 198.27 2.48 1.81 4.73 3.00 2.06 52.70 -1.47 0.496
pedestrian -1 -1 -1.83 413.89 163.63 426.40 214.17 1.76 0.66 0.49 -10.10 1.46 38.60 -2.08 0.255
pedestrian -1 -1 -0.79 391.31 160.13 410.74 236.11 1.76 0.66 0.49 -5.30 1.77 18.40 -1.07 0.207
pedestrian -1 -1 1.18 893.22 119.95 924.73 239.65 1.76 0.66 0.49 5.90 1.15 14.20 1.57 0.084
