car -1 -1 1.89 114.76 179.48 346.99 299.08 1.54 1.62 3.91 -5.70 1.72 11.50 1.43 1.000
car -1 -1 0.48 419.17 183.97 473.30 220.01 1.54 1.62 3.91 -7.50 2.06 33.10 0.26 0.999
car -1 -1 1.79 299.43 179.12 418.09 251.43 1.46 1.49 2.95 -6.00 1.72 17.60 1.46 0.999
car -1 -1 1.60 510.83 178.07 552.03 208.39 1.46 1.49 2.95 -4.00 1.72 35.80 1.49 0.997
car -1 -1 1.53 484.51 180.77 520.61 205.48 1.46 1.49 2.95 -6.40 2.06 44.00 1.39 0.993
car -1 -1 2.27 697.33 163.36 781.81 194.04 2.48 1.81 4.73 8.90 1.72 49.60 2.44 0.988
car -1 -1 -1.14 630.11 174.88 654.82 196.70 1.46 1.49 2.95 2.40 1.72 54.20 -1.10 0.354
pedestrian -1 -1 -1.57 668.34 154.51 690.92 208.12 1.76 0.66 0.49 2.10 1.15 22.00 -1.48 0.844
pedestrian -1 -1 1.33 939.50 159.13 953.65 196.94 1.76 0.66 0.49 19.40 1.46 41.70 1.77 0.273
cyclist -1 -1 0.72 932.27 159.60 962.24 196.36 1.87 0.84 1.11 19.50 1.46 41.70 1.16 0.095
