car -1 -1 1.37 553.23 167.19 582.80 194.42 2.48 1.81 4.73 -2.40 1.39 54.90 1.33 0.910
car -1 -1 -1.19 29.60 249.82 325.01 361.95 1.46 1.49 2.95 -3.80 2.06 5.60 -1.79 0.261
pedestrian -1 -1 -0.04 640.78 162.35 674.34 227.99 1.87 0.84 1.11 1.70 1.46 22.90 0.03 1.000
pedestrian -1 -1 1.72 679.86 165.13 697.47 228.60 1.76 0.66 0.49 2.50 1.15 20.20 1.84 0.999
pedestrian -1 -1 1.78 487.68 159.62 524.67 276.53 1.76 0.66 0.49 -1.90 1.46 13.60 1.64 0.998
pedestrian -1 -1 -1.23 1039.80 121.55 1220.56 371.14 1.41 0.50 1.32 3.80 1.56 5.40 -0.62 0.998
pedestrian -1 -1 1.49 451.53 164.18 495.37 281.06 1.75 0.62 1.83 -2.80 1.56 14.80 1.31 0.995
pedestrian -1 -1 -1.02 593.27 156.39 621.48 237.85 1.87 0.84 1.11 0.30 1.46 25.30 -1.01 0.989
pedestrian -1 -1 -0.63 713.62 153.89 729.88 217.40 1.76 0.66 0.49 4.30 0.84 26.00 -0.47 0.978
pedestrian -1 -1 1.59 62.95 215.71 166.31 373.00 1.76 0.66 0.49 -4.90 2.08 7.20 1.00 0.683
pedestrian -1 -1 -0.30 989.03 136.50 1013.80 222.88 1.76 0.66 0.49 8.70 0.84 15.80 0.20 0.489
pedestrian -1 -1 0.48 669.67 164.04 681.27 221.16 1.76 0.66 0.49 2.30 1.15 21.80 0.59 0.312
pedestrian -1 -1 -1.30 615.77 157.29 625.95 214.71 1.68 0.41 1.64 0.90 1.21 30.70 -1.27 0.132
pedestrian -1 -1 1.03 0.00 222.11 88.27 373.00 1.76 0.66 0.49 -4.90 2.08 6.00 0.35 0.074
pedestrian -1 -1 -1.14 978.00 143.98 999.09 216.47 1.76 0.66 0.49 13.00 0.84 24.10 -0.65 0.056
pedestrian -1 -1 -1.92 441.36 165.52 452.17 208.09 1.76 0.66 0.49 -8.90 0.84 41.40 -2.13 0.055
cyclist -1 -1 -0.21 702.37 153.21 748.57 276.94 1.75 0.62 1.83 2.20 1.56 13.20 -0.04 0.952
