car -1 -1 1.76 0.00 205.69 238.17 369.69 1.46 1.49 2.95 -6.20 2.06 8.80 1.15 0.999
car -1 -1 1.84 207.98 199.16 379.78 284.73 1.46 1.49 2.95 -6.00 2.06 14.20 1.44 0.998
car -1 -1 -1.52 683.96 176.28 760.12 228.86 1.54 1.62 3.91 3.50 1.72 23.30 -1.37 0.998
car -1 -1 1.87 361.12 189.99 462.34 248.73 1.54 1.62 3.91 -5.70 2.06 20.50 1.60 0.997
car -1 -1 1.75 474.56 184.50 525.35 215.17 1.54 1.62 3.91 -5.50 2.06 36.90 1.60 0.996
car -1 -1 1.96 428.65 186.49 487.35 229.01 1.46 1.49 2.95 -5.40 2.06 26.60 1.76 0.993
car -1 -1 -1.27 661.89 176.48 715.15 216.05 1.54 1.62 3.91 3.10 1.72 28.10 -1.16 0.989
car -1 -1 -1.62 704.14 175.02 824.67 251.14 1.54 1.62 3.91 3.10 1.72 16.10 -1.43 0.982
car -1 -1 1.73 516.01 181.35 543.68 201.66 1.54 1.62 3.91 -5.90 2.06 53.10 1.61 0.911
car -1 -1 2.44 1008.43 128.24 1235.63 244.89 2.48 1.81 4.73 12.30 1.39 17.00 3.06 0.906
car -1 -1 -1.39 643.70 176.50 685.22 204.75 1.54 1.62 3.91 2.70 1.72 36.90 -1.32 0.890
car -1 -1 2.44 849.93 151.36 1044.15 229.04 2.48 1.81 4.73 10.10 1.72 22.80 2.86 0.584
car -1 -1 2.62 938.73 146.16 1159.33 227.52 2.48 1.81 4.73 12.70 1.72 21.00 3.17 0.410
car -1 -1 0.68 1088.54 180.53 1241.00 250.77 1.46 1.49 2.95 15.60 2.06 20.20 1.34 0.056
