car -1 -1 -1.41 728.00 162.71 763.92 197.54 2.48 1.81 4.73 9.00 1.39 45.50 -1.21 0.782
pedestrian -1 -1 1.37 1051.10 114.68 1211.01 365.67 1.77 0.62 0.88 4.90 1.77 6.60 2.01 0.997
pedestrian -1 -1 1.49 994.34 120.07 1077.51 352.04 1.76 0.66 0.49 3.70 1.46 6.20 2.03 0.989
pedestrian -1 -1 2.38 1068.64 138.17 1121.38 309.68 1.76 0.66 0.49 7.60 1.46 11.10 2.98 0.874
pedestrian -1 -1 1.50 1085.29 137.66 1184.78 253.05 1.87 0.84 1.11 10.70 0.84 14.30 2.14 0.564
pedestrian -1 -1 1.51 1022.04 142.35 1065.38 223.88 1.87 0.84 1.11 14.90 1.15 23.90 2.06 0.559
pedestrian -1 -1 1.04 1058.12 140.31 1091.86 256.58 1.76 0.66 0.49 12.00 1.15 18.10 1.62 0.480
pedestrian -1 -1 0.06 564.11 174.11 576.21 210.26 1.68 0.41 1.64 -1.70 1.56 34.70 0.01 0.104
pedestrian -1 -1 1.57 1027.34 155.54 1043.94 215.28 1.76 0.66 0.49 20.80 1.46 34.10 2.12 0.066
pedestrian -1 -1 0.60 712.84 163.19 724.82 200.25 1.76 0.66 0.49 5.50 1.15 33.60 0.76 0.065
cyclist -1 -1 1.48 987.57 135.51 1100.64 240.64 1.87 0.84 1.11 7.70 0.84 12.30 2.04 0.057
