car -1 -1 2.16 0.00 193.51 217.31 368.21 1.46 1.49 2.95 -5.60 1.72 7.40 1.51 1.000
car -1 -1 -1.43 627.81 178.44 661.72 206.28 1.54 1.62 3.91 1.90 1.72 38.50 -1.39 0.999
car -1 -1 1.63 433.62 185.33 516.33 239.59 1.54 1.62 3.91 -4.50 2.06 24.30 1.45 0.999
car -1 -1 0.81 301.76 193.34 402.83 247.06 1.46 1.49 2.95 -6.80 2.06 19.80 0.48 0.998
car -1 -1 -0.26 489.80 182.33 534.84 217.23 1.46 1.49 2.95 -3.80 1.72 29.60 -0.39 0.991
car -1 -1 2.52 703.18 166.07 822.90 202.69 1.54 1.62 3.91 6.70 1.39 30.70 2.74 0.989
pedestrian -1 -1 -1.99 651.56 176.34 667.03 205.98 1.77 0.62 0.88 2.90 2.08 41.20 -1.92 0.821
pedestrian -1 -1 -1.11 1009.59 163.48 1023.72 199.85 1.76 0.66 0.49 20.00 1.46 35.30 -0.59 0.288
pedestrian -1 -1 -0.48 694.79 155.38 730.01 221.78 1.87 0.84 1.11 3.70 1.46 26.50 -0.34 0.101
cyclist -1 -1 -0.62 1004.10 165.40 1028.97 198.33 1.76 0.66 0.49 20.00 1.46 35.30 -0.10 0.057
