car -1 -1 -1.65 665.87 178.29 773.03 256.70 1.54 1.62 3.91 2.30 1.72 16.70 -1.52 0.999
car -1 -1 -1.40 501.88 175.63 553.48 215.21 1.54 1.62 3.91 -3.50 1.72 31.90 -1.51 0.998
car -1 -1 -1.60 628.01 175.06 674.96 216.14 1.54 1.62 3.91 1.50 1.72 28.90 -1.55 0.995
car -1 -1 0.43 1.99 184.65 371.47 358.39 1.54 1.62 3.91 -4.10 1.72 7.70 -0.06 0.971
car -1 -1 1.58 202.73 184.66 326.16 230.86 1.54 1.62 3.91 -12.70 2.06 27.10 1.15 0.493
car -1 -1 -1.44 618.63 172.16 659.63 202.81 1.46 1.49 2.95 1.20 1.39 33.40 -1.40 0.434
car -1 -1 -1.58 534.33 179.54 563.79 204.93 1.46 1.49 2.95 -3.60 2.06 43.40 -1.66 0.430
car -1 -1 1.87 55.18 193.79 253.86 300.41 1.54 1.62 3.91 -8.90 2.06 14.50 1.32 0.233
pedestrian -1 -1 -1.36 39.06 157.04 99.11 281.15 1.76 0.66 0.49 -9.90 1.77 13.20 -2.01 0.984
pedestrian -1 -1 0.01 168.88 167.24 201.35 252.42 1.76 0.66 0.49 -9.30 1.46 15.80 -0.53 0.980
pedestrian -1 -1 -1.30 214.15 167.03 234.37 253.99 1.76 0.66 0.49 -12.60 1.77 23.50 -1.80 0.339
pedestrian -1 -1 -0.54 353.79 169.51 363.42 196.09 1.76 0.66 0.49 -14.70 1.46 42.40 -0.87 0.055
