car -1 -1 1.70 513.54 178.23 543.01 201.76 1.54 1.62 3.91 -5.30 1.39 52.70 1.60 0.224
car -1 -1 -1.16 617.71 188.97 683.80 247.51 1.54 1.62 3.91 1.30 1.72 20.30 -1.09 0.051
pedestrian -1 -1 1.25 490.03 172.34 507.21 232.19 1.76 0.66 0.49 -3.30 1.46 23.60 1.11 1.000
pedestrian -1 -1 -0.53 554.16 174.68 574.89 233.23 1.87 0.84 1.11 -1.10 1.77 23.70 -0.57 1.000
pedestrian -1 -1 1.13 900.64 130.27 954.08 260.34 1.76 0.66 0.49 5.70 1.15 12.60 1.55 1.000
pedestrian -1 -1 -1.58 638.23 157.99 689.73 312.21 1.75 0.62 1.83 1.00 1.56 10.80 -1.49 0.999
pedestrian -1 -1 2.00 207.66 163.46 319.43 373.00 1.77 0.62 0.88 -2.70 1.46 5.80 1.56 0.999
pedestrian -1 -1 -0.16 584.85 172.79 604.48 232.47 1.77 0.62 0.88 -0.20 1.46 25.10 -0.17 0.999
pedestrian -1 -1 1.39 465.24 174.14 487.07 232.04 1.75 0.62 1.83 -4.00 1.56 23.60 1.22 0.998
pedestrian -1 -1 1.28 1028.34 109.49 1169.95 373.00 1.75 0.62 1.83 4.20 1.21 6.20 1.88 0.955
pedestrian -1 -1 -1.53 510.56 174.13 527.26 228.48 1.75 0.62 1.83 -3.20 1.56 27.80 -1.65 0.922
pedestrian -1 -1 -0.25 604.66 170.33 618.07 229.22 1.76 0.66 0.49 0.30 1.46 21.40 -0.24 0.707
pedestrian -1 -1 1.53 330.00 195.94 380.08 332.45 1.76 0.66 0.49 -3.80 2.08 10.90 1.20 0.672
pedestrian -1 -1 1.34 365.01 175.71 441.70 361.31 1.76 0.66 0.49 -2.30 1.77 8.40 1.07 0.663
pedestrian -1 -1 -1.85 801.30 164.83 815.75 216.64 1.76 0.66 0.49 9.90 1.15 33.60 -1.56 0.528
pedestrian -1 -1 -0.68 581.07 168.95 591.22 220.56 1.68 0.41 1.64 -0.70 1.56 33.70 -0.70 0.508
pedestrian -1 -1 1.10 483.67 176.83 493.79 229.62 1.76 0.66 0.49 -4.90 2.08 31.40 0.94 0.370
pedestrian -1 -1 2.60 177.70 203.17 227.02 335.40 1.76 0.66 0.49 -5.20 2.08 9.30 2.09 0.312
pedestrian -1 -1 -0.70 573.49 174.55 581.34 222.64 1.76 0.66 0.49 -1.10 1.77 33.60 -0.73 0.103
cyclist -1 -1 1.45 318.06 173.77 469.20 367.18 1.68 0.41 1.64 -1.30 1.56 5.10 1.20 0.971
cyclist -1 -1 1.21 935.88 115.03 1225.76 355.60 1.87 0.84 1.11 1.70 1.46 2.70 1.77 0.342
cyclist -1 -1 1.78 173.61 176.38 385.55 363.71 1.77 0.62 0.88 -1.50 1.77 3.80 1.40 0.146
cyclist -1 -1 -1.52 509.71 174.94 530.38 226.64 1.87 0.84 1.11 -2.90 1.77 26.50 -1.62 0.052
