car -1 -1 -1.64 735.11 182.17 866.18 277.89 1.46 1.49 2.95 3.60 1.72 13.80 -1.39 0.999
car -1 -1 -1.60 705.78 178.76 802.40 247.18 1.54 1.62 3.91 3.70 1.72 18.70 -1.40 0.998
car -1 -1 -1.42 678.79 182.83 727.73 218.78 1.46 1.49 2.95 4.00 2.06 32.00 -1.30 0.998
car -1 -1 -2.55 248.04 181.67 445.49 249.17 1.54 1.62 3.91 -6.10 1.72 16.70 -2.90 0.997
car -1 -1 0.48 35.28 180.00 367.92 304.88 1.54 1.62 3.91 -5.30 1.72 9.30 -0.04 0.984
car -1 -1 -1.35 474.01 177.51 558.57 210.66 1.54 1.62 3.91 -4.10 1.72 31.90 -1.47 0.955
car -1 -1 -2.77 319.03 181.66 500.18 231.08 1.54 1.62 3.91 -5.50 1.72 19.50 -3.04 0.585
car -1 -1 -1.35 423.98 177.34 541.17 220.61 1.54 1.62 3.91 -5.10 1.72 28.10 -1.53 0.208
car -1 -1 1.12 652.16 167.58 685.19 199.81 1.54 1.62 3.91 2.90 1.39 35.90 1.20 0.195
car -1 -1 -1.50 514.34 180.17 569.43 207.09 1.46 1.49 2.95 -4.00 2.06 43.80 -1.59 0.083
