car -1 -1 1.65 486.69 179.70 525.79 208.37 1.54 1.62 3.91 -5.90 2.06 41.50 1.51 1.000
car -1 -1 -1.90 766.19 179.08 1029.52 340.26 1.54 1.62 3.91 3.50 1.72 9.70 -1.55 1.000
car -1 -1 1.99 0.00 197.55 310.45 354.20 1.46 1.49 2.95 -5.60 2.06 8.80 1.42 0.999
car -1 -1 1.80 401.99 185.53 485.62 233.72 1.46 1.49 2.95 -6.20 2.06 26.20 1.57 0.998
car -1 -1 1.86 265.34 190.67 401.39 272.36 1.46 1.49 2.95 -5.00 1.72 13.00 1.50 0.997
car -1 -1 1.24 701.27 185.52 783.24 244.47 1.54 1.62 3.91 3.90 2.06 22.70 1.41 0.997
car -1 -1 -1.30 676.44 180.64 741.01 222.92 1.54 1.62 3.91 3.50 1.72 25.30 -1.16 0.986
car -1 -1 -1.44 650.10 180.93 709.51 211.14 1.46 1.49 2.95 3.20 1.72 32.80 -1.35 0.937
car -1 -1 0.92 1044.46 216.80 1241.00 359.02 1.46 1.49 2.95 7.60 2.06 9.40 1.60 0.363
car -1 -1 -0.14 740.09 182.25 934.81 259.84 1.54 1.62 3.91 4.50 1.72 14.90 0.16 0.212
car -1 -1 -1.60 532.95 174.17 575.00 196.53 1.46 1.49 2.95 -4.00 1.72 53.00 -1.67 0.126
pedestrian -1 -1 -2.14 735.16 167.59 747.82 214.66 1.76 0.66 0.49 5.50 1.46 30.00 -1.96 0.889
