car -1 -1 -1.86 677.47 166.21 762.33 236.12 1.54 1.62 3.91 2.70 1.39 18.70 -1.72 0.999
car -1 -1 1.65 448.13 165.43 518.83 213.60 1.54 1.62 3.91 -4.10 1.39 23.90 1.48 0.999
car -1 -1 -1.71 723.98 174.03 889.90 289.44 1.54 1.62 3.91 3.10 1.72 12.70 -1.47 0.999
car -1 -1 0.46 769.46 181.53 1183.40 370.34 1.54 1.62 3.91 3.70 1.72 7.90 0.90 0.999
car -1 -1 -1.63 645.76 166.02 717.34 216.83 1.54 1.62 3.91 2.30 1.39 24.10 -1.54 0.996
car -1 -1 -1.66 633.90 165.47 675.66 205.28 2.48 1.81 4.73 2.40 2.06 40.50 -1.61 0.991
car -1 -1 1.76 137.64 163.94 417.67 365.99 1.54 1.62 3.91 -3.90 1.72 8.70 1.34 0.964
car -1 -1 1.51 486.84 165.38 525.54 202.31 2.48 1.81 4.73 -6.60 2.06 47.90 1.37 0.778
car -1 -1 -1.39 624.82 163.43 655.87 194.48 2.48 1.81 4.73 2.00 1.72 51.10 -1.35 0.721
car -1 -1 1.59 204.56 175.00 405.83 265.98 1.54 1.62 3.91 -6.70 1.72 16.10 1.20 0.234
car -1 -1 1.58 503.95 168.23 537.01 193.79 1.46 1.49 2.95 -5.40 1.39 44.60 1.45 0.224
