car -1 -1 -1.68 629.57 177.92 678.81 217.23 1.54 1.62 3.91 1.70 1.72 28.30 -1.62 0.999
car -1 -1 -1.17 966.26 181.24 1240.66 353.98 1.54 1.62 3.91 5.50 1.72 7.30 -0.52 0.999
car -1 -1 -2.37 359.97 178.73 495.89 217.95 1.54 1.62 3.91 -6.50 1.72 25.90 -2.61 0.996
car -1 -1 -2.46 12.90 168.15 354.70 293.21 1.54 1.62 3.91 -6.30 1.72 10.50 -3.00 0.995
car -1 -1 -1.63 616.51 176.15 650.14 201.73 1.46 1.49 2.95 1.40 1.72 39.60 -1.59 0.954
car -1 -1 1.35 788.53 183.57 1088.49 283.68 1.54 1.62 3.91 5.50 1.72 12.50 1.76 0.915
car -1 -1 -2.04 481.32 174.81 521.70 200.25 1.54 1.62 3.91 -6.90 1.72 46.50 -2.18 0.604
car -1 -1 -0.05 757.68 179.48 943.27 268.19 1.54 1.62 3.91 3.90 1.72 12.90 0.24 0.447
car -1 -1 -1.44 2.58 190.08 151.31 360.69 1.46 1.49 2.95 -7.60 1.72 9.40 -2.12 0.331
car -1 -1 0.27 187.90 164.03 370.42 255.52 2.48 1.81 4.73 -9.70 2.06 22.20 -0.14 0.130
car -1 -1 -1.79 436.28 176.63 512.59 205.50 1.54 1.62 3.91 -6.50 1.72 35.90 -1.97 0.055
cyclist -1 -1 1.47 493.76 174.67 520.70 229.86 1.75 0.62 1.83 -3.60 1.56 25.80 1.33 0.995
