car -1 -1 1.55 617.40 170.76 645.62 198.60 2.48 1.81 4.73 2.40 1.72 54.10 1.59 0.837
car -1 -1 1.47 550.94 170.71 599.38 212.28 2.48 1.81 4.73 -1.20 1.72 38.70 1.44 0.590
pedestrian -1 -1 -1.48 949.76 161.78 1004.62 282.43 1.76 0.66 0.49 5.10 1.46 9.80 -1.00 1.000
pedestrian -1 -1 -1.06 487.73 178.15 502.49 220.04 1.76 0.66 0.49 -4.70 1.77 31.40 -1.21 0.998
pedestrian -1 -1 -0.78 229.10 156.42 299.73 356.36 1.77 0.62 0.88 -3.60 1.77 7.90 -1.21 0.998
pedestrian -1 -1 -1.84 789.15 154.98 847.55 362.99 1.76 0.66 0.49 2.10 1.77 7.20 -1.55 0.816
pedestrian -1 -1 0.07 727.58 146.65 804.85 359.26 1.77 0.62 0.88 2.00 2.08 8.50 0.30 0.777
pedestrian -1 -1 -0.14 496.75 173.37 515.33 217.50 1.68 0.41 1.64 -3.70 1.56 28.90 -0.27 0.727
pedestrian -1 -1 2.59 430.73 173.64 451.45 233.20 1.77 0.62 0.88 -5.60 1.46 25.10 2.38 0.708
pedestrian -1 -1 -0.47 836.83 160.09 855.67 215.67 1.68 0.41 1.64 10.70 1.21 31.10 -0.14 0.179
pedestrian -1 -1 -0.92 735.70 162.18 774.32 244.40 1.75 0.62 1.83 4.20 1.21 20.00 -0.71 0.152
pedestrian -1 -1 -0.65 772.09 165.25 815.20 261.42 1.87 0.84 1.11 5.10 1.46 18.70 -0.39 0.148
cyclist -1 -1 2.46 422.69 169.04 462.79 240.69 1.87 0.84 1.11 -5.50 1.77 25.10 2.24 0.991
cyclist -1 -1 0.44 994.10 260.03 1159.30 364.97 1.41 0.50 1.32 4.40 2.27 6.40 1.04 0.256
