car -1 -1 2.03 0.00 193.06 356.58 369.95 1.54 1.62 3.91 -4.30 1.72 7.90 1.53 1.000
car -1 -1 2.03 9.61 210.57 127.34 340.95 1.46 1.49 2.95 -9.40 2.06 11.60 1.35 0.238
car -1 -1 1.72 41.40 202.25 320.97 281.89 1.54 1.62 3.91 -8.50 2.06 14.90 1.20 0.086
pedestrian -1 -1 0.61 737.99 155.45 776.85 255.48 1.76 0.66 0.49 2.50 1.15 11.60 0.82 1.000
pedestrian -1 -1 -1.46 41.18 193.48 115.80 287.91 1.41 0.50 1.32 -10.00 1.56 13.60 -2.09 0.980
pedestrian -1 -1 -0.44 408.81 178.60 426.23 228.23 1.76 0.66 0.49 -7.10 1.46 28.00 -0.69 0.958
pedestrian -1 -1 0.17 533.55 170.73 544.92 215.72 1.68 0.41 1.64 -2.90 1.56 33.90 0.08 0.945
pedestrian -1 -1 -0.22 727.03 171.45 742.07 227.84 1.76 0.66 0.49 5.10 1.77 28.00 -0.04 0.740
pedestrian -1 -1 -0.11 555.91 171.81 568.37 215.23 1.75 0.62 1.83 -1.80 1.56 33.60 -0.16 0.184
cyclist -1 -1 0.29 636.72 186.21 679.85 321.20 1.75 0.62 1.83 0.80 1.91 11.80 0.36 0.518
