car -1 -1 1.69 451.37 184.97 523.52 232.25 1.54 1.62 3.91 -4.50 2.06 26.50 1.52 0.999
car -1 -1 -1.79 749.86 179.63 892.07 271.39 1.46 1.49 2.95 4.00 1.72 14.00 -1.51 0.999
car -1 -1 -1.41 723.93 181.36 808.97 240.54 1.46 1.49 2.95 4.00 1.72 19.40 -1.20 0.999
car -1 -1 -1.65 705.26 178.31 770.79 225.07 1.46 1.49 2.95 4.00 1.72 23.00 -1.48 0.999
car -1 -1 -2.12 815.62 191.34 1119.04 349.15 1.54 1.62 3.91 3.90 1.72 8.70 -1.70 0.998
car -1 -1 -1.62 686.73 179.45 738.33 215.78 1.54 1.62 3.91 4.10 1.72 30.10 -1.49 0.990
car -1 -1 1.44 498.40 184.44 545.83 218.51 1.46 1.49 2.95 -4.00 2.06 31.60 1.32 0.967
car -1 -1 1.18 519.22 183.97 559.25 211.15 1.54 1.62 3.91 -4.10 2.06 42.10 1.08 0.584
car -1 -1 1.92 559.63 179.56 596.63 200.82 1.46 1.49 2.95 -2.00 2.06 52.20 1.89 0.519
car -1 -1 -1.62 683.19 177.24 716.35 205.73 1.46 1.49 2.95 5.00 1.72 40.80 -1.50 0.180
car -1 -1 -1.58 931.80 176.44 985.18 203.66 1.46 1.49 2.95 19.00 1.72 39.60 -1.13 0.154
