car -1 -1 -1.70 689.52 182.36 806.55 266.18 1.54 1.62 3.91 2.70 1.72 15.10 -1.52 1.000
car -1 -1 -1.11 664.67 178.25 728.38 221.13 1.46 1.49 2.95 3.00 1.72 26.20 -1.00 0.995
car -1 -1 1.17 643.94 171.50 679.17 200.01 1.46 1.49 2.95 2.60 1.39 38.00 1.24 0.993
car -1 -1 0.12 276.72 181.53 474.13 242.90 1.54 1.62 3.91 -5.50 1.72 16.50 -0.21 0.991
car -1 -1 -2.15 439.12 176.29 535.77 211.63 1.54 1.62 3.91 -5.70 1.72 33.90 -2.31 0.980
car -1 -1 -1.97 74.97 183.89 331.60 294.35 1.54 1.62 3.91 -6.50 1.72 12.10 -2.47 0.959
car -1 -1 -2.13 837.21 206.69 1241.00 374.00 1.54 1.62 3.91 4.10 2.06 7.50 -1.63 0.952
car -1 -1 -1.93 479.09 170.55 549.93 203.24 1.46 1.49 2.95 -4.40 1.39 32.20 -2.06 0.898
car -1 -1 -2.44 2.33 196.70 264.49 339.50 1.54 1.62 3.91 -6.70 1.72 10.10 -3.03 0.872
car -1 -1 -1.48 364.30 168.81 476.65 222.90 1.46 1.49 2.95 -5.20 1.39 20.60 -1.73 0.816
