car -1 -1 -1.72 737.39 179.21 856.97 255.80 1.54 1.62 3.91 4.30 1.72 17.30 -1.48 1.000
car -1 -1 1.73 470.96 183.46 534.48 228.96 1.54 1.62 3.91 -4.10 2.06 27.30 1.59 1.000
car -1 -1 -1.49 714.42 182.03 789.00 232.93 1.46 1.49 2.95 4.00 1.72 21.20 -1.30 0.997
car -1 -1 -1.80 784.24 197.36 1000.80 309.50 1.46 1.49 2.95 4.60 2.06 11.60 -1.42 0.996
car -1 -1 1.50 508.52 184.68 552.91 216.66 1.46 1.49 2.95 -3.40 2.06 31.40 1.40 0.983
car -1 -1 -1.67 686.03 181.17 732.59 215.36 1.54 1.62 3.91 5.10 2.06 37.30 -1.54 0.980
car -1 -1 -0.67 908.35 162.93 1235.35 373.83 1.54 1.62 3.91 4.70 1.39 6.70 -0.06 0.784
car -1 -1 -1.46 917.02 176.38 973.17 207.94 1.46 1.49 2.95 16.40 1.72 35.80 -1.03 0.473
car -1 -1 1.87 564.04 180.53 600.08 201.34 1.46 1.49 2.95 -1.80 2.06 51.20 1.84 0.334
car -1 -1 1.28 528.71 183.16 567.93 211.58 1.54 1.62 3.91 -3.30 2.06 40.50 1.20 0.190
