car -1 -1 -0.98 922.50 180.53 1222.54 338.78 1.54 1.62 3.91 5.50 1.72 9.10 -0.44 0.999
car -1 -1 -2.23 73.61 165.07 354.91 280.16 1.54 1.62 3.91 -5.90 1.39 11.10 -2.72 0.998
car -1 -1 -1.55 631.82 178.85 680.19 216.62 1.54 1.62 3.91 1.90 1.72 28.90 -1.49 0.997
car -1 -1 -1.63 615.47 175.09 649.48 201.46 1.54 1.62 3.91 1.30 1.72 38.90 -1.59 0.979
car -1 -1 -1.52 359.74 178.56 492.59 218.93 1.54 1.62 3.91 -7.10 1.72 27.10 -1.78 0.978
car -1 -1 0.11 781.86 184.80 1066.00 272.59 1.54 1.62 3.91 5.50 1.72 13.70 0.49 0.965
car -1 -1 -1.74 1.48 180.58 201.90 356.32 1.54 1.62 3.91 -6.90 1.72 8.90 -2.40 0.961
car -1 -1 -0.36 489.38 174.56 524.21 202.27 1.46 1.49 2.95 -5.60 1.72 40.80 -0.50 0.834
car -1 -1 1.24 745.54 177.56 923.23 253.27 1.46 1.49 2.95 4.40 1.39 14.20 1.54 0.588
car -1 -1 0.30 209.71 165.95 387.63 257.01 1.54 1.62 3.91 -6.10 1.39 14.70 -0.09 0.447
car -1 -1 -1.43 444.79 176.29 520.48 205.97 1.54 1.62 3.91 -6.50 1.72 37.10 -1.60 0.230
pedestrian -1 -1 -1.36 719.12 167.52 729.93 201.22 1.76 0.66 0.49 6.50 1.46 40.80 -1.20 0.262
cyclist -1 -1 0.62 500.30 172.13 521.66 227.74 1.41 0.50 1.32 -3.60 1.56 25.40 0.48 0.997
