pedestrian -1 -1 -0.69 561.63 164.55 578.06 216.95 1.76 0.66 0.49 -1.20 1.46 27.50 -0.73 0.998
pedestrian -1 -1 2.29 448.01 165.83 495.08 256.38 1.87 0.84 1.11 -2.90 1.77 15.70 2.11 0.998
pedestrian -1 -1 1.46 746.25 148.19 790.18 260.62 1.75 0.62 1.83 3.80 0.85 16.60 1.68 0.991
pedestrian -1 -1 1.59 298.33 152.80 337.10 266.06 1.76 0.66 0.49 -5.90 1.15 14.80 1.21 0.991
pedestrian -1 -1 -0.86 868.09 145.28 906.69 291.65 1.76 0.66 0.49 4.10 1.46 10.20 -0.48 0.953
pedestrian -1 -1 -0.78 574.04 162.55 604.49 245.32 1.87 0.84 1.11 -0.30 1.46 22.50 -0.79 0.724
pedestrian -1 -1 -0.72 383.51 187.39 406.76 253.68 1.76 0.66 0.49 -6.70 2.08 23.60 -0.99 0.350
pedestrian -1 -1 1.21 492.45 165.19 503.09 219.63 1.68 0.41 1.64 -4.30 1.21 29.70 1.06 0.259
pedestrian -1 -1 -0.84 812.19 152.86 825.47 219.19 1.76 0.66 0.49 9.10 1.46 30.00 -0.55 0.069
pedestrian -1 -1 0.12 511.49 171.28 533.71 221.57 1.87 0.84 1.11 -4.10 1.46 37.10 0.01 0.066
cyclist -1 -1 0.83 722.71 136.35 809.33 310.65 1.87 0.84 1.11 2.30 1.46 9.50 1.07 0.996
cyclist -1 -1 0.25 510.26 165.75 534.84 246.84 1.77 0.62 0.88 -2.70 2.08 24.00 0.14 0.769
cyclist -1 -1 -1.18 641.63 156.25 688.90 217.66 1.68 0.41 1.64 2.10 1.21 23.90 -1.09 0.294
cyclist -1 -1 1.61 275.12 158.38 357.04 287.72 1.77 0.62 0.88 -4.10 1.46 10.40 1.23 0.062
