car -1 -1 -1.70 635.37 173.48 670.44 202.27 1.54 1.62 3.91 2.50 1.72 41.70 -1.64 0.999
car -1 -1 -1.47 782.29 170.50 1132.25 374.00 1.54 1.62 3.91 3.70 1.72 8.10 -1.04 0.999
car -1 -1 -2.69 269.35 162.39 461.93 234.45 1.54 1.62 3.91 -6.10 1.39 17.90 -3.02 0.998
car -1 -1 -0.22 10.18 161.61 336.14 318.40 1.54 1.62 3.91 -5.90 1.39 8.90 -0.81 0.992
car -1 -1 -2.23 200.85 169.59 389.27 257.47 1.46 1.49 2.95 -5.20 1.39 12.00 -2.64 0.983
car -1 -1 -1.66 457.41 172.86 529.79 198.16 1.54 1.62 3.91 -6.90 1.72 44.50 -1.82 0.731
car -1 -1 1.60 731.85 175.41 899.25 227.54 1.54 1.62 3.91 6.30 1.72 21.90 1.88 0.677
car -1 -1 0.60 790.65 171.67 940.23 250.80 1.46 1.49 2.95 4.20 1.39 12.40 0.92 0.547
car -1 -1 1.60 716.08 170.07 809.38 222.78 1.54 1.62 3.91 4.30 1.39 21.70 1.79 0.296
car -1 -1 -1.63 366.26 169.38 471.80 220.21 1.46 1.49 2.95 -5.00 1.39 20.40 -1.87 0.150
car -1 -1 -1.46 427.70 170.86 511.82 208.99 1.46 1.49 2.95 -4.80 1.39 25.00 -1.65 0.102
car -1 -1 -1.60 621.79 170.90 655.21 190.84 1.46 1.49 2.95 2.40 1.39 54.20 -1.56 0.081
cyclist -1 -1 1.02 540.55 168.08 561.05 200.25 1.68 0.41 1.64 -3.50 1.56 41.50 0.94 0.960
