car -1 -1 1.91 199.44 197.74 391.61 287.57 1.46 1.49 2.95 -6.00 2.06 13.80 1.50 1.000
car -1 -1 -1.82 778.18 184.58 1118.23 358.09 1.46 1.49 2.95 3.20 1.72 7.40 -1.41 0.999
car -1 -1 1.96 345.13 190.04 447.29 248.60 1.54 1.62 3.91 -6.30 2.06 21.30 1.67 0.999
car -1 -1 -1.56 723.48 177.82 871.80 274.08 1.54 1.62 3.91 3.30 1.72 14.10 -1.33 0.999
car -1 -1 1.77 441.29 185.99 501.95 227.12 1.54 1.62 3.91 -5.30 2.06 28.90 1.59 0.998
car -1 -1 1.59 498.62 181.05 532.82 206.81 1.54 1.62 3.91 -6.10 2.06 47.30 1.46 0.995
car -1 -1 0.91 682.57 180.24 748.80 230.05 1.46 1.49 2.95 3.40 1.72 24.20 1.05 0.994
car -1 -1 -1.23 665.22 183.65 718.05 215.79 1.54 1.62 3.91 3.50 2.06 31.30 -1.12 0.990
car -1 -1 -1.34 648.96 178.55 694.46 208.60 1.54 1.62 3.91 3.10 1.72 35.10 -1.26 0.963
car -1 -1 1.70 0.00 204.81 164.58 364.35 1.46 1.49 2.95 -6.60 1.72 8.20 1.03 0.717
car -1 -1 2.28 1095.79 149.73 1241.00 270.16 2.48 1.81 4.73 14.20 2.06 16.90 2.97 0.542
car -1 -1 1.19 25.73 187.39 125.18 230.37 1.46 1.49 2.95 -20.20 2.06 27.20 0.56 0.204
