car -1 -1 1.84 328.37 170.17 619.92 361.23 1.54 1.62 3.91 -1.10 1.47 6.70 1.68 0.999
car -1 -1 -1.85 942.59 203.38 1241.00 374.00 1.46 1.49 2.95 4.20 1.93 5.20 -1.17 0.997
car -1 -1 1.32 735.57 167.26 790.39 205.50 1.54 1.62 3.91 7.50 1.47 35.50 1.53 0.990
car -1 -1 -1.19 589.48 175.83 721.01 264.57 1.46 1.49 2.95 1.00 1.73 15.40 -1.13 0.984
car -1 -1 -1.50 882.52 178.98 956.41 237.34 1.46 1.49 2.95 8.40 1.73 20.20 -1.11 0.884
car -1 -1 -0.67 761.95 170.48 802.47 201.77 1.46 1.49 2.95 9.60 1.53 40.00 -0.44 0.837
car -1 -1 0.31 637.73 165.24 689.33 203.21 1.54 1.62 3.91 2.10 1.27 29.50 0.38 0.248
car -1 -1 0.91 858.43 175.70 888.65 195.57 1.46 1.49 2.95 21.20 1.93 58.20 1.26 0.148
pedestrian -1 -1 0.82 1016.42 167.33 1043.49 264.06 1.76 0.66 0.49 10.70 1.88 18.40 1.35 0.941
cyclist -1 -1 0.69 995.56 175.81 1062.13 263.02 1.87 0.84 1.11 10.30 1.93 17.30 1.23 0.336
