car -1 -1 1.28 711.61 179.63 801.92 237.43 1.54 1.62 3.91 3.70 1.67 19.30 1.47 1.000
car -1 -1 1.34 636.91 177.77 690.94 226.89 1.46 1.49 2.95 1.60 1.73 21.80 1.42 0.999
car -1 -1 -2.18 254.71 193.88 371.40 265.39 1.46 1.49 2.95 -6.80 1.93 17.00 -2.56 0.997
car -1 -1 -1.74 106.57 192.46 184.94 233.74 1.46 1.49 2.95 -18.60 2.33 29.40 -2.31 0.995
car -1 -1 -1.99 530.54 166.70 634.73 295.95 1.54 1.62 3.91 -0.50 1.67 11.90 -2.03 0.966
car -1 -1 -1.87 383.03 176.60 634.07 301.27 1.54 1.62 3.91 -1.70 1.87 11.90 -2.02 0.961
car -1 -1 2.03 302.81 180.31 411.39 218.89 1.54 1.62 3.91 -10.70 2.07 31.90 1.71 0.712
car -1 -1 0.80 265.96 185.81 354.46 216.78 1.54 1.62 3.91 -14.90 2.27 36.30 0.41 0.691
car -1 -1 -1.53 406.47 172.43 563.16 238.77 1.54 1.62 3.91 -3.30 1.67 20.50 -1.69 0.658
car -1 -1 -0.18 783.70 175.30 919.11 214.32 1.54 1.62 3.91 8.50 1.47 25.70 0.14 0.149
car -1 -1 0.27 358.41 181.37 406.96 214.79 1.46 1.49 2.95 -10.40 1.93 34.00 -0.03 0.083
cyclist -1 -1 -0.62 708.43 174.00 740.95 233.06 1.87 0.84 1.11 3.50 1.93 21.70 -0.46 0.995
