pedestrian -1 -1 -1.25 579.51 160.99 604.77 236.59 1.75 0.62 1.83 -0.20 1.28 18.60 -1.26 1.000
pedestrian -1 -1 -1.67 958.21 159.79 1009.48 292.69 1.76 0.66 0.49 4.90 1.48 9.40 -1.19 0.999
pedestrian -1 -1 1.68 163.13 181.53 283.75 373.00 1.87 0.84 1.11 -3.70 1.73 6.90 1.19 0.998
pedestrian -1 -1 0.56 519.27 163.05 539.64 227.43 1.68 0.41 1.64 -2.10 1.14 21.30 0.46 0.985
pedestrian -1 -1 1.02 434.13 167.99 488.30 287.74 1.76 0.66 0.49 -2.10 1.48 11.00 0.83 0.973
pedestrian -1 -1 0.66 551.02 161.01 571.38 218.22 1.77 0.62 0.88 -1.20 1.28 22.70 0.61 0.939
pedestrian -1 -1 1.42 707.24 160.97 721.44 208.78 1.77 0.62 0.88 5.60 0.88 35.50 1.57 0.558
pedestrian -1 -1 -0.34 596.97 163.53 606.93 219.22 1.76 0.66 0.49 0.10 1.28 29.80 -0.33 0.468
pedestrian -1 -1 -0.63 608.43 165.85 617.81 209.59 1.68 0.41 1.64 0.50 1.34 29.70 -0.61 0.395
pedestrian -1 -1 -0.44 620.92 166.06 633.08 206.79 1.68 0.41 1.64 1.10 1.14 30.50 -0.41 0.195
pedestrian -1 -1 1.05 228.15 168.66 275.76 315.00 1.76 0.66 0.49 -6.50 1.48 13.40 0.59 0.112
cyclist -1 -1 1.08 408.17 168.75 496.79 290.34 1.41 0.50 1.32 -2.20 1.50 11.20 0.89 0.959
cyclist -1 -1 -2.40 664.78 162.19 695.90 204.14 1.75 0.62 1.83 3.80 0.88 34.60 -2.29 0.663
cyclist -1 -1 0.37 692.91 156.97 738.99 239.71 1.87 0.84 1.11 2.50 1.33 15.70 0.52 0.053
