car -1 -1 1.70 366.51 175.66 513.76 273.31 1.54 1.62 3.91 -2.90 1.67 13.10 1.48 0.999
car -1 -1 -1.76 722.37 169.70 786.60 214.12 1.54 1.62 3.91 5.30 1.47 26.50 -1.56 0.999
car -1 -1 1.82 536.32 167.17 593.35 217.25 1.54 1.62 3.91 -1.50 1.27 24.10 1.76 0.998
car -1 -1 1.87 446.10 161.71 553.56 248.85 1.54 1.62 3.91 -2.10 1.27 15.30 1.74 0.996
car -1 -1 0.62 893.49 127.66 1101.20 212.11 2.48 1.81 4.73 11.50 1.34 21.00 1.12 0.966
car -1 -1 -1.47 711.07 163.02 767.22 200.44 1.54 1.62 3.91 6.10 1.27 34.30 -1.30 0.642
car -1 -1 1.81 561.82 167.77 603.07 206.92 1.54 1.62 3.91 -1.10 1.47 30.90 1.77 0.111
car -1 -1 0.55 587.69 166.26 613.57 191.23 1.54 1.62 3.91 -0.50 1.27 45.70 0.54 0.110
pedestrian -1 -1 -0.32 1162.44 177.21 1238.61 330.19 1.41 0.50 1.32 8.40 1.71 10.40 0.36 0.143
cyclist -1 -1 1.22 1140.93 209.23 1241.00 374.00 1.41 0.50 1.32 2.80 1.71 3.00 1.97 0.605
