car -1 -1 1.95 232.48 168.48 579.44 372.32 1.54 1.62 3.91 -1.90 1.47 7.10 1.69 1.000
car -1 -1 -1.75 920.49 198.87 1241.00 374.00 1.46 1.49 2.95 3.80 1.73 4.80 -1.08 0.999
car -1 -1 -1.25 544.44 170.19 668.79 262.85 1.54 1.62 3.91 -0.10 1.47 11.90 -1.25 0.997
car -1 -1 -1.66 835.26 178.74 907.50 237.07 1.46 1.49 2.95 7.20 1.73 20.60 -1.32 0.988
car -1 -1 1.44 689.39 165.50 742.17 204.83 1.54 1.62 3.91 4.90 1.27 34.70 1.58 0.942
car -1 -1 -0.27 715.09 170.78 753.72 199.14 1.46 1.49 2.95 7.00 1.53 40.60 -0.10 0.755
car -1 -1 0.57 567.27 162.89 645.71 203.16 1.46 1.49 2.95 -0.20 1.13 28.20 0.57 0.724
car -1 -1 1.39 808.71 167.41 836.85 191.55 2.48 1.81 4.73 22.60 1.94 75.90 1.68 0.168
pedestrian -1 -1 0.87 970.57 162.39 997.27 254.89 1.76 0.66 0.49 9.30 1.68 18.00 1.34 0.388
cyclist -1 -1 -0.38 1007.41 177.38 1049.65 279.34 1.76 0.66 0.49 8.30 1.88 14.40 0.15 0.104
cyclist -1 -1 1.02 945.88 176.05 1029.00 258.06 1.75 0.62 1.83 9.40 1.88 18.00 1.50 0.058
