car -1 -1 -1.28 330.00 179.05 486.61 279.45 1.54 1.62 3.91 -3.30 1.47 12.30 -1.54 1.000
car -1 -1 1.65 471.11 169.52 497.76 192.26 1.54 1.62 3.91 -8.70 0.87 50.90 1.48 0.862
car -1 -1 -0.52 1045.91 157.00 1145.74 191.18 1.46 1.49 2.95 19.60 0.53 28.40 0.08 0.502
car -1 -1 -1.40 1119.21 138.95 1223.00 187.23 2.48 1.81 4.73 27.50 0.34 33.60 -0.71 0.390
pedestrian -1 -1 -2.21 240.17 175.28 269.13 237.73 1.76 0.66 0.49 -10.10 1.48 20.40 -2.66 0.999
pedestrian -1 -1 -0.31 564.10 157.74 595.20 226.64 1.87 0.84 1.11 -0.70 1.33 20.10 -0.34 0.999
pedestrian -1 -1 -2.37 209.11 172.04 243.11 241.59 1.76 0.66 0.49 -10.40 1.48 19.30 -2.87 0.998
pedestrian -1 -1 0.44 193.99 174.90 221.80 236.76 1.76 0.66 0.49 -12.30 1.48 21.80 -0.07 0.940
pedestrian -1 -1 -0.39 1013.20 134.06 1039.74 200.08 1.76 0.66 0.49 12.40 0.68 20.70 0.15 0.940
pedestrian -1 -1 -0.17 301.21 160.72 329.24 235.98 1.76 0.66 0.49 -7.10 1.28 17.60 -0.55 0.686
pedestrian -1 -1 -1.21 1114.02 131.20 1148.67 206.28 1.76 0.66 0.49 11.70 0.88 15.80 -0.57 0.285
pedestrian -1 -1 -0.56 869.16 149.96 884.43 202.00 1.76 0.66 0.49 11.50 0.48 30.00 -0.19 0.090
cyclist -1 -1 -1.22 1083.74 134.90 1198.81 210.01 1.75 0.62 1.83 12.20 0.88 16.00 -0.57 0.999
cyclist -1 -1 -0.63 864.66 153.02 887.45 201.45 1.87 0.84 1.11 11.70 0.73 30.30 -0.27 0.995
cyclist -1 -1 -0.48 287.34 160.71 342.51 237.33 1.77 0.62 0.88 -7.30 1.48 17.40 -0.87 0.971
cyclist -1 -1 -2.14 1040.48 158.79 1076.17 197.60 1.41 0.50 1.32 18.60 0.50 28.80 -1.57 0.835
cyclist -1 -1 -0.42 991.49 139.55 1067.38 201.91 1.75 0.62 1.83 11.60 0.68 19.20 0.13 0.667
cyclist -1 -1 -0.39 798.25 155.10 824.54 193.77 1.41 0.50 1.32 11.20 0.31 38.20 -0.11 0.193
