car -1 -1 -0.13 768.08 180.47 1088.48 300.09 1.54 1.62 3.91 4.50 1.67 10.10 0.29 1.000
car -1 -1 -2.32 105.04 176.91 316.04 258.08 1.54 1.62 3.91 -8.70 1.67 16.10 -2.81 0.997
car -1 -1 -0.04 727.52 184.28 939.07 274.33 1.46 1.49 2.95 3.60 1.73 12.40 0.24 0.981
car -1 -1 -1.86 455.13 177.69 489.45 203.49 1.54 1.62 3.91 -10.10 2.27 52.90 -2.04 0.941
car -1 -1 -2.88 0.00 179.71 265.55 291.82 1.54 1.62 3.91 -6.70 1.67 11.10 -3.42 0.895
car -1 -1 -2.03 201.97 176.74 357.56 243.48 1.46 1.49 2.95 -7.80 1.73 17.20 -2.46 0.867
car -1 -1 -1.01 1099.75 185.97 1160.86 223.93 1.46 1.49 2.95 25.00 2.13 35.00 -0.39 0.292
car -1 -1 -1.43 274.65 174.47 372.14 216.82 1.54 1.62 3.91 -11.30 1.67 28.90 -1.80 0.179
car -1 -1 0.53 348.67 179.81 388.61 205.38 1.54 1.62 3.91 -14.90 2.07 45.30 0.22 0.070
pedestrian -1 -1 -1.07 1087.66 156.91 1113.05 222.67 1.76 0.66 0.49 15.70 1.48 23.20 -0.47 0.115
