car -1 -1 -1.80 677.85 180.70 741.46 225.24 1.54 1.62 3.91 3.30 1.87 24.90 -1.67 1.000
car -1 -1 -1.59 743.94 178.33 937.58 301.32 1.54 1.62 3.91 3.10 1.47 10.30 -1.30 0.999
car -1 -1 -2.37 182.42 181.70 410.57 257.84 1.54 1.62 3.91 -6.90 1.67 14.90 -2.81 0.997
car -1 -1 -1.99 833.18 189.24 1229.58 374.00 1.54 1.62 3.91 3.10 1.67 6.30 -1.53 0.992
car -1 -1 -1.14 396.94 173.83 500.27 224.24 1.54 1.62 3.91 -5.70 1.67 25.30 -1.36 0.982
car -1 -1 -2.31 299.98 178.61 471.89 243.29 1.54 1.62 3.91 -6.10 1.67 18.90 -2.62 0.952
car -1 -1 -0.68 705.15 173.61 774.65 214.30 1.54 1.62 3.91 4.90 1.47 27.70 -0.50 0.939
car -1 -1 0.18 432.99 172.86 537.50 208.41 1.54 1.62 3.91 -5.30 1.47 31.70 0.02 0.844
car -1 -1 -0.99 503.16 175.22 564.77 196.48 1.54 1.62 3.91 -4.90 1.67 46.50 -1.10 0.494
car -1 -1 -1.88 14.85 184.49 288.32 309.70 1.46 1.49 2.95 -5.60 1.73 9.60 -2.41 0.471
car -1 -1 -0.97 735.27 181.28 810.45 211.87 1.46 1.49 2.95 8.40 1.93 36.60 -0.74 0.411
car -1 -1 -1.48 685.39 178.11 817.40 225.72 1.54 1.62 3.91 4.90 1.87 23.70 -1.27 0.152
car -1 -1 0.32 639.64 162.30 674.01 196.97 2.48 1.81 4.73 3.00 1.94 46.50 0.39 0.077
pedestrian -1 -1 -1.87 659.90 168.26 673.60 195.42 1.87 0.84 1.11 4.70 1.93 57.50 -1.79 0.062
