car -1 -1 -1.41 467.57 177.72 540.27 233.19 1.54 1.62 3.91 -3.30 1.67 22.30 -1.55 1.000
car -1 -1 -1.58 684.46 176.17 785.83 252.69 1.54 1.62 3.91 2.50 1.67 15.30 -1.42 0.999
car -1 -1 -1.83 734.66 183.43 933.26 317.07 1.54 1.62 3.91 2.70 1.67 10.10 -1.57 0.998
car -1 -1 -1.69 635.37 175.44 669.23 202.73 1.54 1.62 3.91 2.30 1.67 39.10 -1.64 0.996
car -1 -1 -1.60 669.05 175.85 727.11 224.97 1.46 1.49 2.95 2.80 1.73 24.60 -1.49 0.995
car -1 -1 -1.85 648.19 178.55 690.19 212.49 1.46 1.49 2.95 2.60 1.73 30.80 -1.76 0.990
car -1 -1 -1.37 502.74 176.21 548.95 215.33 1.54 1.62 3.91 -3.30 1.67 29.10 -1.48 0.901
car -1 -1 -0.25 791.60 183.22 1211.30 373.35 1.46 1.49 2.95 2.40 1.73 5.60 0.16 0.204
car -1 -1 0.85 725.95 175.65 776.37 211.18 1.54 1.62 3.91 6.90 1.67 34.90 1.05 0.127
car -1 -1 1.02 757.90 184.49 834.74 235.09 1.46 1.49 2.95 5.80 1.73 22.60 1.27 0.055
