car -1 -1 -0.96 281.48 181.65 391.41 239.06 1.54 1.62 3.91 -7.50 1.47 20.10 -1.32 1.000
car -1 -1 -1.49 482.36 181.51 540.61 224.55 1.54 1.62 3.91 -3.50 1.47 25.90 -1.63 1.000
car -1 -1 -1.36 321.86 180.88 474.86 279.74 1.54 1.62 3.91 -3.50 1.47 12.30 -1.64 1.000
car -1 -1 -1.47 579.99 177.97 620.50 216.86 1.54 1.62 3.91 -0.30 1.27 30.70 -1.48 0.999
car -1 -1 -1.11 72.43 174.15 296.65 274.16 1.54 1.62 3.91 -7.70 1.47 13.90 -1.61 0.998
car -1 -1 -1.57 440.39 179.91 491.55 210.96 1.54 1.62 3.91 -6.50 1.27 33.70 -1.76 0.861
car -1 -1 -1.02 534.38 161.34 569.30 195.45 2.48 1.81 4.73 -3.80 0.94 52.30 -1.09 0.659
car -1 -1 -0.39 256.82 180.70 321.18 221.92 1.46 1.49 2.95 -12.00 1.33 27.40 -0.80 0.621
car -1 -1 -0.68 201.75 180.62 305.88 242.08 1.46 1.49 2.95 -8.60 1.33 17.80 -1.13 0.589
car -1 -1 -1.40 356.16 180.67 398.16 204.93 1.46 1.49 2.95 -13.20 1.13 41.40 -1.71 0.425
car -1 -1 -0.98 591.98 182.49 665.55 214.68 1.46 1.49 2.95 1.00 1.33 32.20 -0.95 0.117
