car -1 -1 -2.06 293.61 162.73 358.22 200.66 1.46 1.49 2.95 -14.00 1.13 35.80 -2.43 0.991
car -1 -1 -2.27 354.55 163.83 431.34 197.27 1.46 1.49 2.95 -11.20 1.13 37.20 -2.56 0.956
car -1 -1 -1.36 571.80 164.88 619.24 189.40 1.46 1.49 2.95 -0.80 1.13 41.80 -1.38 0.890
car -1 -1 -1.53 596.70 156.67 670.42 188.50 2.48 1.81 4.73 2.10 1.34 55.60 -1.49 0.373
car -1 -1 -1.50 394.98 163.74 452.90 190.65 1.54 1.62 3.91 -9.70 1.07 38.10 -1.75 0.073
pedestrian -1 -1 0.26 524.96 167.06 547.81 194.68 1.41 0.50 1.32 -4.20 1.30 42.40 0.16 0.200
pedestrian -1 -1 -0.15 547.14 166.66 556.93 194.29 1.41 0.50 1.32 -3.40 1.30 43.20 -0.23 0.097
pedestrian -1 -1 -1.15 272.46 160.35 288.24 202.63 1.41 0.50 1.32 -14.80 1.11 32.60 -1.58 0.089
pedestrian -1 -1 -0.11 554.11 166.66 564.17 194.19 1.41 0.50 1.32 -3.00 1.30 44.00 -0.18 0.070
pedestrian -1 -1 0.53 522.43 165.16 531.94 192.85 1.41 0.50 1.32 -4.80 1.11 43.20 0.42 0.061
