car -1 -1 -1.83 757.89 174.89 1022.09 347.40 1.54 1.62 3.91 2.70 1.47 8.30 -1.52 1.000
car -1 -1 -1.77 582.62 172.37 639.54 216.29 1.54 1.62 3.91 -0.10 1.47 25.10 -1.78 0.996
car -1 -1 -1.55 559.65 174.17 594.47 205.01 1.46 1.49 2.95 -1.80 1.53 37.40 -1.60 0.993
car -1 -1 -1.58 407.31 179.68 448.31 215.46 1.46 1.49 2.95 -9.00 1.93 36.40 -1.82 0.986
car -1 -1 -1.27 144.38 194.81 358.80 315.84 1.46 1.49 2.95 -5.00 1.93 10.60 -1.71 0.985
car -1 -1 1.66 276.64 185.20 402.78 267.24 1.46 1.49 2.95 -5.60 1.73 14.80 1.29 0.981
car -1 -1 -1.47 420.67 176.59 459.47 205.03 1.46 1.49 2.95 -9.40 1.93 40.60 -1.70 0.723
car -1 -1 -1.01 542.58 170.62 573.74 193.81 1.54 1.62 3.91 -3.10 1.47 43.70 -1.08 0.505
car -1 -1 -0.08 652.48 182.74 796.49 252.67 1.46 1.49 2.95 2.40 1.73 15.60 0.08 0.143
pedestrian -1 -1 1.79 281.88 172.92 337.84 326.09 1.76 0.66 0.49 -3.70 1.48 8.80 1.39 0.568
pedestrian -1 -1 1.30 406.05 167.32 415.64 210.50 1.76 0.66 0.49 -9.70 1.68 35.60 1.03 0.273
cyclist -1 -1 1.74 361.88 172.74 419.31 294.48 1.68 0.41 1.64 -3.30 1.74 11.10 1.45 0.999
cyclist -1 -1 1.98 261.55 170.28 353.45 327.33 1.41 0.50 1.32 -3.60 1.71 8.60 1.58 0.996
