car -1 -1 1.43 408.37 184.14 484.32 232.12 1.54 1.62 3.91 -5.30 1.87 24.30 1.22 0.999
car -1 -1 -1.40 639.44 174.05 670.28 198.63 1.54 1.62 3.91 2.70 1.47 44.90 -1.34 0.979
car -1 -1 1.47 0.61 192.68 307.79 368.96 1.46 1.49 2.95 -4.80 1.93 8.40 0.95 0.968
car -1 -1 1.82 506.80 175.83 544.62 204.66 1.54 1.62 3.91 -4.30 1.67 37.90 1.70 0.783
car -1 -1 -1.28 837.85 182.58 1232.68 365.45 1.54 1.62 3.91 3.70 1.47 5.70 -0.70 0.764
pedestrian -1 -1 -0.69 702.31 164.09 720.56 210.67 1.77 0.62 0.88 4.90 1.68 35.40 -0.56 0.920
pedestrian -1 -1 2.49 451.83 170.39 471.88 242.94 1.75 0.62 1.83 -5.80 1.68 28.40 2.29 0.135
cyclist -1 -1 2.20 440.34 169.68 480.91 255.56 1.77 0.62 0.88 -3.80 1.68 18.10 1.99 0.998
cyclist -1 -1 0.64 477.88 171.46 511.15 248.76 1.77 0.62 0.88 -3.00 1.88 18.10 0.47 0.976
cyclist -1 -1 2.04 520.95 171.61 537.61 209.42 1.87 0.84 1.11 -5.10 1.93 46.50 1.93 0.921
