car -1 -1 -1.21 512.39 176.28 567.25 221.20 1.54 1.62 3.91 -2.50 1.67 25.50 -1.31 0.999
car -1 -1 1.42 454.08 171.89 541.90 240.93 1.54 1.62 3.91 -2.90 1.67 18.50 1.27 0.998
car -1 -1 -1.75 704.36 189.35 834.37 290.23 1.54 1.62 3.91 2.50 1.67 12.70 -1.55 0.997
car -1 -1 -2.41 88.61 176.68 371.14 261.52 1.54 1.62 3.91 -7.10 1.47 13.30 -2.90 0.997
car -1 -1 -1.94 759.16 178.43 996.07 374.00 1.46 1.49 2.95 2.20 1.53 7.40 -1.65 0.996
car -1 -1 1.41 637.08 175.62 673.43 203.49 1.54 1.62 3.91 2.90 1.87 43.30 1.48 0.992
car -1 -1 -1.69 778.61 191.10 966.84 253.94 1.54 1.62 3.91 5.70 1.67 15.90 -1.34 0.435
pedestrian -1 -1 1.86 577.16 168.22 595.07 234.31 1.68 0.41 1.64 -0.70 1.94 19.90 1.82 0.917
pedestrian -1 -1 -0.71 731.03 183.69 750.23 224.98 1.41 0.50 1.32 5.20 1.90 28.40 -0.52 0.170
cyclist -1 -1 1.56 569.73 164.95 605.21 232.91 1.77 0.62 0.88 -0.50 1.48 20.40 1.53 0.996
cyclist -1 -1 -0.22 802.21 177.91 844.62 250.58 1.77 0.62 0.88 5.00 1.68 17.10 0.07 0.102
