car -1 -1 -1.74 695.44 179.38 829.27 271.71 1.54 1.62 3.91 2.50 1.67 13.10 -1.55 0.999
car -1 -1 -1.76 656.36 170.77 707.10 212.62 1.54 1.62 3.91 2.90 1.47 29.10 -1.67 0.999
car -1 -1 0.05 230.64 180.19 407.51 254.85 1.46 1.49 2.95 -6.20 1.73 15.60 -0.33 0.992
car -1 -1 -2.02 72.63 187.10 369.03 294.94 1.46 1.49 2.95 -5.40 1.73 10.20 -2.51 0.992
car -1 -1 -2.17 385.84 176.75 503.86 217.38 1.54 1.62 3.91 -6.10 1.67 27.90 -2.38 0.975
car -1 -1 -1.47 476.49 174.15 553.15 203.10 1.54 1.62 3.91 -4.50 1.67 35.90 -1.59 0.960
car -1 -1 -1.55 650.02 172.35 684.20 200.21 1.54 1.62 3.91 3.10 1.47 38.50 -1.47 0.902
car -1 -1 -2.52 441.53 177.11 518.44 206.70 1.46 1.49 2.95 -6.60 1.73 37.20 -2.69 0.384
car -1 -1 1.70 117.52 192.82 239.69 234.64 1.46 1.49 2.95 -14.00 1.93 23.40 1.16 0.127
cyclist -1 -1 0.68 5.24 192.26 58.15 240.69 1.41 0.50 1.32 -20.40 2.11 25.40 0.00 0.155
