car -1 -1 -2.22 725.82 175.72 817.24 213.15 1.54 1.62 3.91 6.70 1.67 31.10 -2.00 0.999
car -1 -1 -2.43 282.38 177.31 445.64 240.09 1.54 1.62 3.91 -6.90 1.67 19.70 -2.77 0.997
car -1 -1 -0.69 38.17 178.18 346.29 310.94 1.46 1.49 2.95 -5.20 1.73 9.00 -1.22 0.997
car -1 -1 -1.64 625.72 174.45 663.29 203.39 1.54 1.62 3.91 2.10 1.87 42.50 -1.59 0.972
car -1 -1 0.43 203.58 182.87 363.00 245.56 1.54 1.62 3.91 -8.30 1.87 18.70 0.01 0.888
car -1 -1 -1.86 437.47 174.38 509.47 203.70 1.54 1.62 3.91 -6.90 1.67 37.70 -2.04 0.755
car -1 -1 -1.86 367.98 173.09 470.90 224.04 1.54 1.62 3.91 -6.50 1.67 25.30 -2.11 0.644
car -1 -1 0.45 11.41 162.84 158.31 223.74 2.48 1.81 4.73 -21.50 1.94 29.60 -0.18 0.547
car -1 -1 -0.69 462.43 172.33 535.38 196.09 1.54 1.62 3.91 -6.70 1.47 43.50 -0.84 0.213
car -1 -1 -1.09 609.12 176.11 643.22 194.61 1.46 1.49 2.95 1.20 1.93 65.00 -1.07 0.053
