car -1 -1 -1.78 740.65 164.62 1200.79 371.69 1.54 1.62 3.91 2.30 1.67 5.70 -1.39 0.999
car -1 -1 -1.32 223.46 177.46 482.39 356.56 1.54 1.62 3.91 -2.50 1.67 8.30 -1.61 0.999
car -1 -1 -1.59 645.23 176.04 688.87 208.54 1.54 1.62 3.91 2.70 1.67 34.10 -1.51 0.999
car -1 -1 -1.43 406.15 184.75 536.50 280.01 1.46 1.49 2.95 -2.40 1.73 13.00 -1.61 0.998
car -1 -1 -1.68 710.20 184.45 878.96 299.32 1.54 1.62 3.91 2.50 1.67 11.10 -1.45 0.998
car -1 -1 -1.51 551.08 176.92 588.70 207.05 1.54 1.62 3.91 -2.10 1.87 39.70 -1.56 0.998
car -1 -1 -1.70 663.58 180.73 715.67 222.33 1.46 1.49 2.95 3.20 1.93 28.40 -1.59 0.996
car -1 -1 1.11 427.53 182.33 519.00 216.01 1.54 1.62 3.91 -6.90 2.07 36.30 0.92 0.060
pedestrian -1 -1 -0.61 405.01 169.56 425.06 246.78 1.77 0.62 0.88 -4.80 1.68 17.70 -0.87 0.909
pedestrian -1 -1 -1.45 423.64 167.56 442.98 231.38 1.77 0.62 0.88 -4.80 1.68 19.30 -1.69 0.412
pedestrian -1 -1 0.27 882.39 140.27 948.27 277.41 1.75 0.62 1.83 4.80 1.48 11.60 0.66 0.099
