car -1 -1 1.42 550.51 179.16 595.85 217.76 1.54 1.62 3.91 -1.30 1.47 33.70 1.38 0.973
car -1 -1 -0.75 644.65 170.74 694.44 198.01 2.48 1.81 4.73 6.50 1.54 69.80 -0.65 0.114
pedestrian -1 -1 2.25 371.50 170.70 416.57 284.07 1.76 0.66 0.49 -3.30 1.68 11.40 1.97 1.000
pedestrian -1 -1 1.42 870.67 168.27 913.00 281.78 1.76 0.66 0.49 4.30 1.48 10.80 1.80 0.998
pedestrian -1 -1 -0.54 687.57 179.71 721.60 273.04 1.76 0.66 0.49 1.90 1.68 13.40 -0.40 0.998
pedestrian -1 -1 0.24 747.53 168.38 796.90 307.31 1.77 0.62 0.88 2.20 1.68 9.50 0.47 0.997
pedestrian -1 -1 -1.91 639.10 168.75 671.42 243.35 1.87 0.84 1.11 1.30 1.53 19.50 -1.84 0.996
pedestrian -1 -1 -1.71 714.92 175.47 746.21 285.53 1.76 0.66 0.49 2.10 1.68 12.00 -1.54 0.996
pedestrian -1 -1 -1.69 789.01 165.88 815.63 245.04 1.76 0.66 0.49 4.90 1.28 17.40 -1.42 0.993
pedestrian -1 -1 0.92 916.69 172.44 953.60 285.48 1.76 0.66 0.49 4.70 1.68 10.40 1.35 0.987
pedestrian -1 -1 1.66 290.68 168.93 337.73 286.14 1.76 0.66 0.49 -4.50 1.68 11.40 1.28 0.984
pedestrian -1 -1 -1.80 776.67 170.87 802.05 260.29 1.76 0.66 0.49 4.20 1.48 16.10 -1.55 0.827
pedestrian -1 -1 -0.88 721.30 182.10 731.72 208.01 1.41 0.50 1.32 8.00 1.50 46.00 -0.70 0.542
pedestrian -1 -1 -0.77 739.10 175.99 753.71 216.79 1.68 0.41 1.64 7.50 1.54 37.30 -0.57 0.197
pedestrian -1 -1 -0.80 729.12 179.28 739.94 211.22 1.68 0.41 1.64 7.90 1.54 42.10 -0.61 0.182
pedestrian -1 -1 -0.16 675.84 182.59 697.28 253.83 1.68 0.41 1.64 2.10 1.74 17.90 -0.05 0.058
cyclist -1 -1 1.79 265.85 173.47 359.57 290.26 1.87 0.84 1.11 -5.10 1.73 12.10 1.39 0.997
cyclist -1 -1 -0.20 0.00 210.85 152.83 307.25 1.41 0.50 1.32 -8.00 1.90 10.60 -0.85 0.141
cyclist -1 -1 -1.89 635.61 169.96 678.68 246.87 1.41 0.50 1.32 1.60 1.30 19.20 -1.80 0.093
