car -1 -1 -2.55 15.66 181.30 342.75 286.62 1.54 1.62 3.91 -6.50 1.67 11.10 -3.08 1.000
car -1 -1 -1.03 729.80 179.57 898.47 281.83 1.54 1.62 3.91 3.10 1.67 12.70 -0.79 0.999
car -1 -1 -1.99 789.60 187.08 1066.07 366.57 1.54 1.62 3.91 3.10 1.67 8.10 -1.63 0.998
car -1 -1 -1.57 415.47 173.32 519.54 219.05 1.54 1.62 3.91 -5.70 1.67 28.10 -1.77 0.998
car -1 -1 -1.61 676.72 180.84 733.56 222.71 1.54 1.62 3.91 3.50 1.87 26.10 -1.48 0.997
car -1 -1 -2.47 238.55 179.11 431.72 247.62 1.54 1.62 3.91 -6.30 1.67 17.30 -2.82 0.997
car -1 -1 -2.34 350.44 178.53 497.45 231.86 1.54 1.62 3.91 -5.90 1.67 22.50 -2.59 0.967
car -1 -1 -1.09 692.96 172.73 775.93 220.71 1.54 1.62 3.91 4.10 1.67 24.10 -0.92 0.714
car -1 -1 -1.13 452.86 176.50 548.33 207.18 1.54 1.62 3.91 -4.70 1.67 34.30 -1.27 0.546
car -1 -1 -0.65 704.05 176.16 747.91 208.49 1.54 1.62 3.91 6.10 1.87 38.90 -0.50 0.106
