car -1 -1 -1.59 460.03 164.03 540.74 217.41 2.48 1.81 4.73 -5.10 1.54 38.60 -1.72 0.480
pedestrian -1 -1 -1.78 542.18 160.92 582.98 257.93 1.75 0.62 1.83 -0.80 1.48 14.40 -1.84 1.000
pedestrian -1 -1 2.06 952.31 151.32 987.56 249.65 1.76 0.66 0.49 6.70 1.28 13.20 2.53 0.999
pedestrian -1 -1 -2.40 721.74 160.71 743.25 238.56 1.76 0.66 0.49 3.10 1.28 17.20 -2.22 0.999
pedestrian -1 -1 -0.86 875.50 147.40 945.07 358.69 1.76 0.66 0.49 2.70 1.48 6.60 -0.47 0.998
pedestrian -1 -1 -1.66 776.59 160.30 836.75 356.30 1.76 0.66 0.49 1.90 1.48 6.40 -1.38 0.997
pedestrian -1 -1 2.70 1122.77 145.80 1182.92 278.05 1.76 0.66 0.49 8.50 1.08 11.20 3.35 0.974
pedestrian -1 -1 1.55 998.08 151.17 1038.40 274.15 1.76 0.66 0.49 6.40 1.48 10.90 2.08 0.968
pedestrian -1 -1 0.97 495.47 172.94 507.06 229.87 1.76 0.66 0.49 -3.30 1.48 23.60 0.83 0.902
pedestrian -1 -1 1.89 516.27 171.84 530.80 225.87 1.68 0.41 1.64 -2.50 1.54 23.50 1.78 0.889
pedestrian -1 -1 -1.10 883.82 158.06 930.59 218.78 1.75 0.62 1.83 10.00 0.88 23.80 -0.70 0.848
pedestrian -1 -1 -2.06 220.14 159.40 274.54 353.08 1.76 0.66 0.49 -3.70 1.68 7.60 -2.52 0.789
pedestrian -1 -1 0.72 433.53 168.64 448.97 220.71 1.76 0.66 0.49 -6.10 1.48 27.40 0.50 0.545
pedestrian -1 -1 1.25 698.99 176.55 713.98 217.54 1.41 0.50 1.32 3.40 1.30 23.80 1.39 0.108
pedestrian -1 -1 0.80 898.74 155.01 967.48 258.05 1.75 0.62 1.83 6.00 1.28 13.00 1.23 0.086
cyclist -1 -1 2.57 1108.64 148.94 1200.49 266.56 1.77 0.62 0.88 8.70 1.28 11.20 3.23 0.325
cyclist -1 -1 1.47 487.85 172.85 519.96 232.38 1.87 0.84 1.11 -3.10 1.53 23.70 1.34 0.051
