car -1 -1 -1.78 793.15 195.34 1093.85 374.00 1.46 1.49 2.95 2.80 1.73 6.80 -1.38 1.000
car -1 -1 -2.58 90.70 181.59 352.56 288.33 1.46 1.49 2.95 -6.20 1.73 11.80 -3.06 0.999
car -1 -1 2.73 716.07 178.24 871.36 230.45 1.54 1.62 3.91 4.90 1.67 19.10 2.98 0.989
car -1 -1 -2.03 433.83 178.57 523.63 213.64 1.54 1.62 3.91 -6.30 1.87 35.50 -2.20 0.984
car -1 -1 0.31 795.37 184.88 991.01 252.14 1.54 1.62 3.91 6.50 1.87 16.90 0.68 0.927
car -1 -1 1.06 848.51 190.53 1050.42 287.57 1.54 1.62 3.91 6.30 1.87 13.50 1.50 0.865
car -1 -1 -1.61 264.96 184.97 447.56 253.97 1.54 1.62 3.91 -5.90 1.87 16.70 -1.95 0.747
car -1 -1 -1.16 373.98 183.03 454.40 226.62 1.46 1.49 2.95 -6.40 1.73 23.60 -1.43 0.623
car -1 -1 1.28 810.24 184.76 902.23 238.99 1.46 1.49 2.95 7.80 1.93 23.00 1.61 0.224
car -1 -1 -0.37 492.08 178.78 549.37 200.58 1.54 1.62 3.91 -6.70 2.27 54.90 -0.49 0.179
car -1 -1 -0.12 623.67 164.94 657.44 202.40 2.48 1.81 4.73 2.00 2.14 49.30 -0.08 0.136
car -1 -1 -0.01 634.17 163.17 689.55 216.04 2.48 1.81 4.73 2.40 2.14 34.90 0.05 0.090
car -1 -1 1.32 517.77 173.14 562.51 198.72 2.48 1.81 4.73 -6.30 2.54 69.60 1.23 0.050
cyclist -1 -1 -0.38 988.35 207.42 1078.45 270.68 1.41 0.50 1.32 8.40 1.90 14.20 0.16 0.051
