car -1 -1 1.81 111.70 191.20 377.75 333.47 1.54 1.62 3.91 -4.10 1.67 9.10 1.39 1.000
car -1 -1 -1.75 723.78 178.13 847.08 253.28 1.54 1.62 3.91 3.50 1.67 15.30 -1.52 0.999
car -1 -1 -1.92 777.45 179.19 984.98 300.75 1.54 1.62 3.91 3.50 1.67 10.50 -1.59 0.999
car -1 -1 1.70 316.64 186.72 458.67 264.74 1.46 1.49 2.95 -4.80 1.93 15.80 1.41 0.998
car -1 -1 1.58 403.27 182.32 494.95 239.06 1.54 1.62 3.91 -4.30 1.87 19.90 1.37 0.997
car -1 -1 -1.73 698.09 175.87 779.56 231.00 1.54 1.62 3.91 3.70 1.67 20.90 -1.56 0.996
car -1 -1 1.50 510.16 177.25 552.03 207.64 1.54 1.62 3.91 -4.30 1.87 39.10 1.39 0.991
car -1 -1 -1.99 688.22 175.22 737.73 213.71 1.46 1.49 2.95 4.00 1.53 28.80 -1.85 0.981
car -1 -1 -2.38 910.51 171.28 982.54 205.08 1.46 1.49 2.95 14.80 1.33 32.00 -1.95 0.916
car -1 -1 -1.76 902.04 182.10 1228.28 371.76 1.46 1.49 2.95 3.20 1.73 6.20 -1.29 0.373
car -1 -1 -1.61 1011.38 172.41 1071.41 203.89 1.46 1.49 2.95 23.00 1.53 38.60 -1.08 0.198
car -1 -1 1.31 531.12 175.41 564.57 206.21 1.54 1.62 3.91 -3.50 1.87 44.10 1.23 0.129
car -1 -1 -1.89 684.63 173.95 716.49 202.72 1.46 1.49 2.95 5.40 1.53 43.60 -1.77 0.055
