car -1 -1 -1.21 78.28 191.83 284.56 292.54 1.46 1.49 2.95 -6.80 1.53 11.80 -1.74 1.000
car -1 -1 -1.21 248.77 184.42 352.88 241.54 1.46 1.49 2.95 -9.00 1.53 21.60 -1.61 1.000
car -1 -1 -1.68 441.04 180.57 502.09 229.94 1.46 1.49 2.95 -4.20 1.33 23.20 -1.85 0.999
car -1 -1 -1.55 540.81 177.85 618.64 246.25 1.54 1.62 3.91 -0.70 1.27 17.50 -1.59 0.998
car -1 -1 -1.15 349.08 182.39 403.77 219.09 1.46 1.49 2.95 -10.20 1.33 32.00 -1.46 0.993
car -1 -1 -1.27 371.20 181.97 420.44 209.22 1.46 1.49 2.95 -11.60 1.33 39.20 -1.55 0.823
car -1 -1 -1.78 454.10 178.90 494.87 210.13 1.46 1.49 2.95 -7.20 1.13 39.40 -1.96 0.083
car -1 -1 0.38 229.14 171.34 305.77 213.70 1.54 1.62 3.91 -14.30 1.07 31.10 -0.05 0.073
car -1 -1 -0.00 143.54 188.00 255.33 244.08 1.46 1.49 2.95 -12.40 1.53 22.00 -0.52 0.060
pedestrian -1 -1 0.63 339.12 179.74 352.99 218.79 1.41 0.50 1.32 -12.20 1.30 33.80 0.28 0.287
cyclist -1 -1 0.50 333.26 181.39 359.23 220.79 1.41 0.50 1.32 -12.20 1.30 33.80 0.15 0.153
