car -1 -1 1.81 126.91 176.09 364.30 317.46 1.54 1.62 3.91 -4.90 1.47 10.30 1.37 0.999
pedestrian -1 -1 -1.82 76.93 163.86 192.73 371.78 1.76 0.66 0.49 -4.10 1.68 6.20 -2.41 1.000
pedestrian -1 -1 1.40 636.34 156.82 661.49 228.79 1.77 0.62 0.88 1.20 1.08 17.90 1.46 0.999
pedestrian -1 -1 -0.10 353.82 176.86 371.92 228.13 1.76 0.66 0.49 -8.30 1.48 24.80 -0.42 0.723
pedestrian -1 -1 -1.88 138.43 186.36 197.09 293.73 1.76 0.66 0.49 -8.40 1.68 13.90 -2.43 0.694
pedestrian -1 -1 0.02 473.02 159.91 490.06 212.33 1.76 0.66 0.49 -4.70 1.28 28.00 -0.15 0.526
pedestrian -1 -1 0.10 0.00 160.79 114.85 286.60 1.75 0.62 1.83 -10.40 1.48 13.80 -0.55 0.422
pedestrian -1 -1 1.05 633.41 159.76 644.39 220.20 1.68 0.41 1.64 1.30 0.94 25.30 1.10 0.218
pedestrian -1 -1 0.15 330.78 176.28 347.63 219.03 1.41 0.50 1.32 -10.20 1.30 28.20 -0.20 0.053
cyclist -1 -1 1.61 374.41 161.90 425.96 283.31 1.77 0.62 0.88 -3.20 1.48 11.50 1.34 1.000
cyclist -1 -1 -0.01 466.53 161.82 500.44 213.39 1.87 0.84 1.11 -4.70 1.33 27.30 -0.18 0.975
cyclist -1 -1 1.32 628.25 160.45 666.21 232.56 1.87 0.84 1.11 0.90 1.33 18.10 1.37 0.156
