pedestrian -1 -1 0.50 895.88 135.49 989.50 326.47 1.76 0.66 0.49 3.30 1.48 7.00 0.94 1.000
pedestrian -1 -1 1.01 632.37 149.47 693.75 358.42 1.68 0.41 1.64 0.50 1.54 6.70 1.09 1.000
pedestrian -1 -1 0.70 747.87 154.90 823.34 336.83 1.68 0.41 1.64 1.70 1.34 7.30 0.93 0.999
pedestrian -1 -1 -2.24 533.74 144.60 549.19 202.66 1.68 0.41 1.64 -1.90 0.74 21.50 -2.33 0.987
pedestrian -1 -1 -1.14 519.88 139.47 539.84 198.82 1.68 0.41 1.64 -2.30 0.74 21.50 -1.25 0.986
pedestrian -1 -1 0.96 783.46 147.41 923.85 356.79 1.77 0.62 0.88 1.20 1.48 3.70 1.28 0.905
pedestrian -1 -1 0.38 232.30 131.34 283.30 300.14 1.76 0.66 0.49 -4.00 1.28 8.10 -0.07 0.670
pedestrian -1 -1 1.33 577.55 138.33 806.55 360.44 1.75 0.62 1.83 0.40 1.48 3.60 1.44 0.545
pedestrian -1 -1 -1.26 551.54 143.80 563.77 185.94 1.41 0.50 1.32 -2.00 -0.09 33.00 -1.32 0.481
pedestrian -1 -1 0.10 1024.15 163.70 1223.00 369.00 1.77 0.62 0.88 1.70 1.68 2.20 0.76 0.376
pedestrian -1 -1 -1.84 542.43 144.18 558.95 204.99 1.75 0.62 1.83 -1.80 0.48 24.20 -1.91 0.258
pedestrian -1 -1 1.67 640.42 144.44 653.95 197.61 1.41 0.50 1.32 1.40 0.31 24.60 1.73 0.203
pedestrian -1 -1 0.34 489.47 143.07 503.28 177.36 1.75 0.62 1.83 -5.60 -0.12 36.80 0.19 0.153
pedestrian -1 -1 0.65 432.20 146.55 443.52 176.95 1.41 0.50 1.32 -9.40 -0.29 40.00 0.42 0.120
pedestrian -1 -1 0.84 317.82 139.90 338.49 190.29 1.75 0.62 1.83 -11.00 0.08 28.00 0.46 0.109
cyclist -1 -1 0.86 313.03 136.58 342.56 203.23 1.76 0.66 0.49 -7.90 0.68 19.80 0.48 0.590
cyclist -1 -1 0.61 228.76 137.86 301.38 271.40 1.87 0.84 1.11 -5.70 1.13 12.10 0.17 0.141
cyclist -1 -1 1.46 321.77 142.07 395.65 205.53 1.75 0.62 1.83 -7.00 0.68 19.80 1.12 0.076
