car -1 -1 -1.56 736.15 180.74 901.07 304.04 1.46 1.49 2.95 2.80 1.53 10.40 -1.30 1.000
car -1 -1 -1.87 799.30 190.42 1141.95 370.58 1.46 1.49 2.95 2.80 1.53 6.40 -1.46 1.000
car -1 -1 1.63 439.64 177.45 504.99 223.88 1.46 1.49 2.95 -4.80 1.73 25.00 1.44 0.999
car -1 -1 -1.67 674.19 176.28 760.01 238.34 1.46 1.49 2.95 2.80 1.53 19.00 -1.52 0.999
car -1 -1 -1.62 660.24 173.56 717.01 220.37 1.54 1.62 3.91 2.50 1.67 24.10 -1.51 0.995
car -1 -1 -1.52 646.00 173.60 692.09 208.86 1.54 1.62 3.91 2.70 1.67 33.50 -1.44 0.994
car -1 -1 1.98 0.00 199.16 318.90 374.00 1.46 1.49 2.95 -5.00 1.93 8.40 1.45 0.973
car -1 -1 1.61 474.95 174.42 522.87 214.78 1.46 1.49 2.95 -4.60 1.73 31.00 1.46 0.923
car -1 -1 1.86 497.70 171.82 540.30 208.21 1.54 1.62 3.91 -4.50 1.67 35.90 1.73 0.785
car -1 -1 0.86 213.75 176.31 352.53 231.27 1.54 1.62 3.91 -9.70 1.67 21.50 0.44 0.567
