car -1 -1 -1.78 759.19 190.07 1178.34 374.00 1.46 1.49 2.95 2.40 1.53 5.60 -1.37 1.000
car -1 -1 -1.05 167.76 194.21 468.24 366.37 1.46 1.49 2.95 -2.60 1.73 7.20 -1.40 0.999
car -1 -1 -1.63 659.69 179.58 729.40 233.65 1.46 1.49 2.95 2.40 1.73 22.00 -1.52 0.999
car -1 -1 -1.54 532.46 179.30 570.31 211.54 1.54 1.62 3.91 -3.10 2.07 39.70 -1.62 0.998
car -1 -1 -1.64 638.59 176.58 689.07 212.47 1.54 1.62 3.91 2.10 1.67 28.70 -1.57 0.995
car -1 -1 -1.04 334.72 185.08 477.79 333.90 1.46 1.49 2.95 -2.40 1.73 9.60 -1.28 0.575
car -1 -1 -1.67 633.31 181.45 670.72 204.37 1.46 1.49 2.95 3.20 2.33 57.00 -1.61 0.233
car -1 -1 1.19 372.48 188.12 475.69 266.85 1.46 1.49 2.95 -3.40 1.53 13.80 0.94 0.084
car -1 -1 1.75 402.64 187.60 470.48 226.81 1.54 1.62 3.91 -7.10 2.07 30.50 1.53 0.064
pedestrian -1 -1 -1.39 354.26 171.75 388.37 262.22 1.76 0.66 0.49 -5.10 1.68 15.20 -1.72 1.000
pedestrian -1 -1 -0.90 314.94 167.39 341.04 264.33 1.76 0.66 0.49 -5.30 1.68 13.80 -1.26 0.983
pedestrian -1 -1 -1.33 325.67 170.48 369.52 278.40 1.87 0.84 1.11 -4.50 1.73 12.30 -1.68 0.277
cyclist -1 -1 1.37 433.63 185.29 455.08 220.93 1.41 0.50 1.32 -7.00 1.90 30.60 1.15 0.070
