car -1 -1 -1.63 665.79 176.70 763.16 247.13 1.54 1.62 3.91 2.30 1.67 17.50 -1.50 0.999
car -1 -1 -1.60 509.20 175.16 555.27 213.89 1.54 1.62 3.91 -3.50 1.67 31.70 -1.71 0.999
car -1 -1 -1.46 639.30 173.76 695.60 216.61 1.54 1.62 3.91 2.10 1.67 27.10 -1.39 0.998
car -1 -1 1.12 114.31 191.48 390.89 327.66 1.46 1.49 2.95 -4.20 1.73 8.80 0.68 0.989
car -1 -1 -1.50 627.42 172.65 667.80 209.20 1.54 1.62 3.91 1.50 1.47 31.70 -1.45 0.527
car -1 -1 -1.53 528.12 174.97 566.16 203.92 1.54 1.62 3.91 -3.10 1.67 36.30 -1.62 0.524
car -1 -1 -1.38 547.16 173.24 571.81 199.92 2.48 1.81 4.73 -3.80 2.34 55.90 -1.45 0.117
car -1 -1 -0.00 261.50 185.87 368.36 235.73 1.46 1.49 2.95 -9.40 1.93 23.20 -0.39 0.106
car -1 -1 -1.12 622.68 172.35 648.81 198.04 1.54 1.62 3.91 1.70 1.67 50.10 -1.08 0.087
pedestrian -1 -1 -1.46 109.41 164.17 176.78 314.42 1.77 0.62 0.88 -5.80 1.68 9.10 -2.03 0.971
pedestrian -1 -1 -1.11 141.53 156.24 247.06 330.12 1.87 0.84 1.11 -4.70 1.73 8.10 -1.63 0.264
