car -1 -1 1.73 533.63 164.01 593.30 206.93 1.46 1.49 2.95 -1.20 0.93 28.20 1.68 0.978
pedestrian -1 -1 0.32 825.53 150.88 900.36 358.00 1.76 0.66 0.49 2.20 1.48 6.30 0.66 1.000
pedestrian -1 -1 -0.09 708.88 163.32 748.96 278.39 1.76 0.66 0.49 1.70 1.48 10.20 0.08 1.000
pedestrian -1 -1 -2.16 604.02 149.20 637.74 235.35 1.87 0.84 1.11 0.50 1.13 16.70 -2.13 0.999
pedestrian -1 -1 2.18 142.20 149.35 258.75 373.00 1.76 0.66 0.49 -3.10 1.68 5.60 1.67 0.999
pedestrian -1 -1 -0.59 755.95 151.94 802.34 278.18 1.76 0.66 0.49 2.50 1.48 10.20 -0.35 0.999
pedestrian -1 -1 -1.66 796.07 151.22 850.17 321.51 1.76 0.66 0.49 2.70 1.48 9.00 -1.36 0.980
pedestrian -1 -1 -0.24 682.29 157.24 692.70 207.38 1.76 0.66 0.49 3.30 0.88 28.20 -0.13 0.658
pedestrian -1 -1 -1.27 800.40 159.05 840.38 209.54 1.41 0.50 1.32 8.00 0.70 25.80 -0.97 0.435
pedestrian -1 -1 2.04 15.04 153.46 187.89 373.00 1.87 0.84 1.11 -3.90 1.53 5.70 1.44 0.337
pedestrian -1 -1 -1.57 287.41 132.32 317.14 228.59 1.76 0.66 0.49 -5.30 1.08 12.80 -1.96 0.060
cyclist -1 -1 -2.14 595.76 155.26 654.35 235.46 1.75 0.62 1.83 0.80 1.28 16.40 -2.09 0.304
cyclist -1 -1 1.80 63.17 160.77 270.28 373.00 1.87 0.84 1.11 -3.70 1.53 5.70 1.22 0.108
