car -1 -1 1.98 0.00 185.25 356.84 369.26 1.54 1.62 3.91 -4.50 1.67 8.30 1.48 1.000
car -1 -1 1.75 384.27 182.22 486.19 251.41 1.46 1.49 2.95 -4.20 1.73 17.20 1.51 0.999
car -1 -1 1.74 289.28 192.18 436.91 283.99 1.46 1.49 2.95 -4.40 1.93 13.80 1.43 0.999
car -1 -1 -1.66 715.38 169.13 800.56 231.45 1.54 1.62 3.91 4.30 1.67 21.70 -1.46 0.985
car -1 -1 1.64 551.58 173.93 589.64 202.15 1.54 1.62 3.91 -2.30 1.67 39.70 1.58 0.979
car -1 -1 0.58 0.74 170.57 115.89 216.42 2.48 1.81 4.73 -27.40 2.14 35.90 -0.07 0.957
car -1 -1 -1.49 704.20 174.36 754.33 208.93 1.54 1.62 3.91 5.10 1.67 31.90 -1.33 0.769
car -1 -1 -1.55 691.26 172.97 730.43 196.03 1.46 1.49 2.95 7.60 1.53 53.60 -1.41 0.448
pedestrian -1 -1 -1.44 456.35 175.05 469.82 208.52 1.75 0.62 1.83 -9.00 1.88 44.80 -1.64 0.057
cyclist -1 -1 -0.52 76.07 171.33 115.38 218.36 1.77 0.62 0.88 -17.60 1.68 24.70 -1.14 0.190
