car -1 -1 -1.64 669.78 175.37 763.83 247.55 1.54 1.62 3.91 2.70 1.67 17.70 -1.49 0.998
car -1 -1 -1.98 351.43 172.40 490.64 226.88 1.54 1.62 3.91 -5.10 1.47 19.70 -2.23 0.997
car -1 -1 -2.14 139.86 181.67 392.32 274.55 1.54 1.62 3.91 -6.70 1.67 13.50 -2.60 0.996
car -1 -1 -2.78 270.08 181.17 447.79 242.49 1.54 1.62 3.91 -6.50 1.67 18.90 -3.11 0.993
car -1 -1 -1.90 465.64 172.47 536.69 203.42 1.54 1.62 3.91 -6.10 1.67 40.70 -2.05 0.993
car -1 -1 -1.56 652.47 180.41 706.60 222.74 1.54 1.62 3.91 2.50 1.87 26.70 -1.47 0.990
car -1 -1 -1.23 637.70 179.62 669.84 205.37 1.46 1.49 2.95 2.60 1.93 43.00 -1.17 0.984
car -1 -1 -2.31 433.81 175.29 506.46 213.13 1.46 1.49 2.95 -6.20 1.73 32.80 -2.50 0.599
car -1 -1 -1.26 39.90 187.44 302.02 331.66 1.54 1.62 3.91 -6.10 1.87 10.30 -1.80 0.412
car -1 -1 1.66 170.80 183.58 311.43 238.26 1.46 1.49 2.95 -10.20 1.73 19.60 1.18 0.299
