car -1 -1 1.44 490.30 171.18 533.14 210.95 2.48 1.81 4.73 -5.80 1.74 48.10 1.32 0.918
pedestrian -1 -1 -1.09 763.68 164.35 794.80 245.37 1.76 0.66 0.49 3.90 1.28 15.80 -0.85 0.999
pedestrian -1 -1 -0.88 625.35 159.63 671.77 324.53 1.68 0.41 1.64 0.50 1.54 8.10 -0.82 0.999
pedestrian -1 -1 -1.37 187.80 162.60 252.16 333.70 1.76 0.66 0.49 -4.20 1.68 7.70 -1.87 0.728
pedestrian -1 -1 -1.22 675.33 155.98 714.97 326.38 1.76 0.66 0.49 0.90 1.68 7.80 -1.11 0.658
pedestrian -1 -1 -0.98 739.70 161.85 757.80 244.53 1.76 0.66 0.49 3.90 1.28 19.20 -0.78 0.369
pedestrian -1 -1 1.34 241.52 164.32 338.21 346.02 1.41 0.50 1.32 -3.40 1.30 7.60 0.92 0.357
pedestrian -1 -1 0.04 672.85 171.15 682.07 211.58 1.75 0.62 1.83 4.40 1.68 41.20 0.14 0.181
pedestrian -1 -1 1.66 400.22 171.53 439.83 249.73 1.75 0.62 1.83 -5.80 1.48 21.80 1.40 0.098
cyclist -1 -1 1.54 384.36 161.48 451.24 292.60 1.77 0.62 0.88 -2.80 1.48 10.50 1.28 1.000
cyclist -1 -1 1.25 215.01 159.34 359.42 373.00 1.77 0.62 0.88 -2.20 1.68 5.50 0.87 0.996
cyclist -1 -1 -0.50 716.44 160.53 773.15 298.31 1.76 0.66 0.49 1.70 1.48 8.60 -0.31 0.728
cyclist -1 -1 -0.58 14.37 204.94 140.54 357.31 1.41 0.50 1.32 -5.20 1.71 7.20 -1.21 0.282
cyclist -1 -1 -1.32 662.63 166.00 836.28 315.86 1.75 0.62 1.83 1.60 1.68 7.80 -1.12 0.222
