car -1 -1 -1.57 489.46 182.27 543.44 223.63 1.54 1.62 3.91 -3.30 1.47 26.70 -1.70 1.000
car -1 -1 -1.42 351.35 181.05 481.68 272.41 1.54 1.62 3.91 -3.50 1.47 13.50 -1.67 1.000
car -1 -1 -1.07 151.74 176.85 323.38 261.63 1.54 1.62 3.91 -7.70 1.47 15.50 -1.53 0.999
car -1 -1 -1.63 577.11 179.24 618.50 217.85 1.54 1.62 3.91 -0.50 1.27 30.50 -1.65 0.999
car -1 -1 -1.05 309.32 183.07 408.97 233.07 1.54 1.62 3.91 -7.30 1.47 21.50 -1.38 0.996
car -1 -1 -1.44 8.55 185.66 164.24 256.41 1.46 1.49 2.95 -11.80 1.53 16.40 -2.07 0.993
car -1 -1 -0.02 255.57 178.86 371.64 229.58 1.46 1.49 2.95 -8.20 1.33 20.40 -0.40 0.978
car -1 -1 -1.55 442.32 177.33 491.78 207.48 1.54 1.62 3.91 -7.30 1.27 38.10 -1.74 0.510
car -1 -1 -1.11 582.30 184.59 671.27 218.26 1.54 1.62 3.91 1.10 1.47 31.90 -1.08 0.360
pedestrian -1 -1 0.14 448.57 193.54 485.14 268.72 1.41 0.50 1.32 -2.80 1.71 14.40 -0.05 0.061
