car -1 -1 -1.36 264.49 176.18 474.32 276.95 1.46 1.49 2.95 -3.40 1.33 10.40 -1.68 0.100
pedestrian -1 -1 1.21 830.42 139.11 894.13 335.33 1.76 0.66 0.49 2.50 1.48 7.20 1.55 0.999
pedestrian -1 -1 1.55 753.12 145.19 809.67 255.40 1.77 0.62 0.88 2.70 1.28 11.20 1.79 0.999
pedestrian -1 -1 1.78 448.31 144.76 463.05 197.21 1.76 0.66 0.49 -5.70 0.48 27.00 1.57 0.999
pedestrian -1 -1 1.33 478.59 149.32 495.30 210.52 1.76 0.66 0.49 -3.30 0.88 20.00 1.17 0.997
pedestrian -1 -1 1.81 649.35 141.06 667.29 197.89 1.75 0.62 1.83 1.80 0.68 23.60 1.89 0.991
pedestrian -1 -1 1.53 497.27 149.54 514.45 209.17 1.76 0.66 0.49 -2.90 0.88 20.20 1.38 0.906
pedestrian -1 -1 0.11 355.97 145.27 378.92 196.99 1.77 0.62 0.88 -8.20 0.68 24.30 -0.21 0.900
pedestrian -1 -1 1.31 423.72 141.72 443.35 206.23 1.76 0.66 0.49 -4.10 0.68 17.00 1.07 0.814
pedestrian -1 -1 -2.17 276.59 134.70 312.20 244.60 1.76 0.66 0.49 -5.00 1.08 11.70 -2.57 0.473
pedestrian -1 -1 0.80 253.31 136.45 288.33 253.67 1.77 0.62 0.88 -6.20 1.08 12.90 0.35 0.416
pedestrian -1 -1 -1.05 620.72 145.72 633.75 189.96 1.41 0.50 1.32 0.80 0.50 25.40 -1.02 0.106
pedestrian -1 -1 0.37 339.59 144.42 362.65 188.24 1.41 0.50 1.32 -11.20 0.10 31.20 0.03 0.074
cyclist -1 -1 1.64 492.90 152.93 517.94 206.35 1.41 0.50 1.32 -2.80 0.70 20.60 1.51 0.768
cyclist -1 -1 1.44 415.29 144.67 460.63 200.75 1.75 0.62 1.83 -6.40 0.48 27.00 1.21 0.720
cyclist -1 -1 -0.14 337.44 144.53 396.12 197.26 1.41 0.50 1.32 -7.20 0.70 21.80 -0.46 0.602
cyclist -1 -1 -1.31 249.96 137.24 321.87 246.91 1.77 0.62 0.88 -5.30 1.08 11.80 -1.73 0.506
cyclist -1 -1 1.30 474.42 149.99 504.08 210.39 1.77 0.62 0.88 -3.10 0.88 19.40 1.14 0.327
cyclist -1 -1 1.16 439.78 145.08 452.20 195.66 1.76 0.66 0.49 -6.10 0.48 27.20 0.94 0.271
cyclist -1 -1 1.44 390.23 137.73 489.53 255.77 1.87 0.84 1.11 -2.30 1.33 9.70 1.21 0.056
