car -1 -1 -1.70 662.06 180.20 756.94 249.26 1.54 1.62 3.91 2.30 1.67 17.30 -1.57 1.000
car -1 -1 -1.69 633.66 172.97 681.11 210.35 1.54 1.62 3.91 1.90 1.67 31.70 -1.63 0.995
car -1 -1 -1.71 258.11 185.47 428.31 243.85 1.54 1.62 3.91 -6.90 1.87 19.30 -2.05 0.995
car -1 -1 -2.46 18.62 193.66 343.25 287.31 1.54 1.62 3.91 -6.70 1.87 11.50 -2.98 0.994
car -1 -1 -2.51 169.07 188.24 398.69 265.22 1.54 1.62 3.91 -6.30 1.67 13.90 -2.93 0.966
car -1 -1 -1.42 463.48 176.21 539.69 203.30 1.54 1.62 3.91 -5.70 1.67 38.10 -1.57 0.949
car -1 -1 -1.84 413.21 181.11 497.08 215.90 1.46 1.49 2.95 -6.60 1.93 31.00 -2.05 0.896
car -1 -1 -1.61 628.72 174.54 655.31 198.79 1.54 1.62 3.91 2.10 1.67 48.70 -1.56 0.643
car -1 -1 -0.66 798.45 171.30 838.21 201.82 1.46 1.49 2.95 11.40 1.53 39.60 -0.38 0.068
pedestrian -1 -1 -0.73 4.19 190.09 107.23 374.00 1.77 0.62 0.88 -6.60 1.88 8.70 -1.38 0.335
pedestrian -1 -1 0.26 7.77 200.58 41.87 247.83 1.41 0.50 1.32 -22.60 2.51 28.00 -0.42 0.139
