car -1 -1 1.85 25.31 185.34 343.98 351.31 1.54 1.62 3.91 -4.90 1.67 8.70 1.34 1.000
car -1 -1 -1.90 782.59 174.82 1234.87 374.00 1.54 1.62 3.91 2.50 1.67 5.50 -1.47 0.995
car -1 -1 1.69 417.28 181.09 498.48 225.85 1.46 1.49 2.95 -6.00 1.93 27.20 1.48 0.984
car -1 -1 -1.48 639.30 173.61 669.29 198.41 1.54 1.62 3.91 2.70 1.47 44.30 -1.41 0.957
car -1 -1 1.82 509.46 175.34 543.76 202.42 1.54 1.62 3.91 -4.70 1.67 41.50 1.71 0.638
car -1 -1 -1.23 1064.42 171.28 1234.36 364.05 1.54 1.62 3.91 6.30 1.47 6.50 -0.46 0.150
pedestrian -1 -1 0.06 701.93 161.51 711.86 208.28 1.68 0.41 1.64 4.90 1.74 36.50 0.19 0.257
cyclist -1 -1 2.06 459.89 168.34 489.12 245.31 1.76 0.66 0.49 -3.80 1.88 19.70 1.87 0.999
cyclist -1 -1 1.94 522.42 169.64 543.98 209.45 1.87 0.84 1.11 -4.30 1.73 41.30 1.84 0.990
cyclist -1 -1 -0.16 486.40 171.60 521.17 243.86 1.75 0.62 1.83 -2.80 1.88 19.40 -0.30 0.905
