car -1 -1 -2.17 772.82 188.09 890.04 232.41 1.46 1.49 2.95 7.40 1.93 23.80 -1.87 0.999
car -1 -1 -0.57 705.24 182.88 816.73 267.99 1.54 1.62 3.91 2.90 1.67 14.50 -0.38 0.999
car -1 -1 -0.76 323.81 176.87 456.01 236.53 1.46 1.49 2.95 -6.00 1.73 20.00 -1.05 0.996
car -1 -1 -1.35 227.41 180.75 420.29 258.77 1.54 1.62 3.91 -6.10 1.67 15.30 -1.73 0.979
car -1 -1 2.31 692.43 178.66 809.10 219.90 1.54 1.62 3.91 5.10 1.67 26.30 2.50 0.949
car -1 -1 -1.27 402.69 179.56 500.96 224.07 1.46 1.49 2.95 -5.20 1.73 23.80 -1.49 0.925
car -1 -1 -1.20 435.78 178.30 526.96 208.81 1.54 1.62 3.91 -7.10 2.07 40.10 -1.37 0.825
car -1 -1 -1.63 482.82 177.24 539.74 205.39 1.46 1.49 2.95 -5.40 1.93 41.00 -1.76 0.822
car -1 -1 0.44 517.23 170.34 568.41 196.59 2.48 1.81 4.73 -5.90 2.34 68.00 0.35 0.448
car -1 -1 0.22 766.27 180.28 819.48 214.17 1.46 1.49 2.95 8.20 1.73 32.00 0.47 0.416
car -1 -1 -0.33 148.46 176.97 364.27 293.20 1.54 1.62 3.91 -4.90 1.67 10.70 -0.76 0.240
car -1 -1 0.08 633.47 163.59 673.24 206.92 2.48 1.81 4.73 2.60 1.94 44.50 0.14 0.172
car -1 -1 0.51 3.54 182.10 269.67 356.53 1.46 1.49 2.95 -4.80 1.93 8.00 -0.04 0.093
car -1 -1 2.60 709.18 176.81 762.75 212.55 1.54 1.62 3.91 6.30 1.87 36.10 2.77 0.060
car -1 -1 1.26 300.98 173.84 361.15 208.14 2.48 1.81 4.73 -17.80 2.34 46.30 0.89 0.057
pedestrian -1 -1 -0.51 356.46 169.78 373.27 206.16 1.87 0.84 1.11 -17.70 1.93 52.30 -0.83 0.218
pedestrian -1 -1 -1.58 1172.44 178.03 1196.68 230.18 1.76 0.66 0.49 23.80 2.08 29.90 -0.91 0.218
