car -1 -1 0.89 736.52 173.54 939.55 318.62 1.54 1.62 3.91 2.70 1.47 9.70 1.16 0.998
car -1 -1 -1.58 647.07 179.92 744.00 239.46 1.46 1.49 2.95 2.20 1.73 20.80 -1.47 0.994
car -1 -1 -1.63 558.50 179.70 599.17 209.58 1.54 1.62 3.91 -1.70 1.87 37.90 -1.67 0.993
car -1 -1 1.13 367.07 189.49 437.50 242.66 1.46 1.49 2.95 -6.00 1.93 20.40 0.84 0.912
car -1 -1 -1.01 613.58 180.51 707.06 224.20 1.46 1.49 2.95 1.80 1.73 25.60 -0.93 0.816
car -1 -1 -0.97 854.68 153.22 1232.75 374.00 1.46 1.49 2.95 2.60 1.53 4.60 -0.45 0.520
car -1 -1 -1.54 536.90 178.37 566.70 203.61 1.54 1.62 3.91 -3.70 2.07 46.30 -1.62 0.455
pedestrian -1 -1 1.56 445.76 174.62 462.44 231.46 1.76 0.66 0.49 -5.30 1.68 24.00 1.35 0.082
cyclist -1 -1 1.57 467.21 174.86 491.79 225.64 1.75 0.62 1.83 -4.60 1.88 26.40 1.39 0.999
cyclist -1 -1 1.50 439.43 174.53 468.22 234.00 1.75 0.62 1.83 -5.20 1.88 24.60 1.29 0.985
