car -1 -1 -1.58 563.78 181.57 622.66 235.57 1.54 1.62 3.91 -0.50 1.47 22.70 -1.60 1.000
car -1 -1 -1.26 367.96 174.75 503.46 272.90 1.54 1.62 3.91 -3.30 1.47 14.30 -1.48 1.000
car -1 -1 -1.54 489.15 179.53 548.66 222.91 1.54 1.62 3.91 -3.30 1.27 26.50 -1.67 0.998
car -1 -1 -1.15 0.00 188.57 424.45 373.40 1.46 1.49 2.95 -3.40 1.53 7.00 -1.60 0.995
car -1 -1 -1.86 300.06 184.61 356.54 220.37 1.46 1.49 2.95 -12.40 1.53 31.60 -2.23 0.864
car -1 -1 1.14 92.43 178.32 286.85 273.27 1.54 1.62 3.91 -7.50 1.47 13.50 0.63 0.819
car -1 -1 -1.06 348.03 174.78 428.64 228.79 1.54 1.62 3.91 -7.70 1.47 25.10 -1.35 0.710
car -1 -1 1.87 89.81 183.96 222.70 228.34 1.54 1.62 3.91 -16.10 1.47 25.30 1.30 0.269
car -1 -1 0.30 198.00 183.41 281.20 221.66 1.54 1.62 3.91 -15.50 1.47 30.70 -0.16 0.123
pedestrian -1 -1 -1.29 668.72 165.92 677.41 207.24 1.68 0.41 1.64 3.10 0.94 34.30 -1.20 0.491
pedestrian -1 -1 -1.29 673.62 163.34 682.88 206.40 1.76 0.66 0.49 3.50 0.88 34.80 -1.18 0.211
