car -1 -1 -1.62 668.37 179.13 785.34 261.30 1.54 1.62 3.91 2.10 1.67 14.90 -1.48 0.999
car -1 -1 -1.49 497.67 176.01 548.62 219.25 1.54 1.62 3.91 -3.50 1.67 29.50 -1.61 0.999
car -1 -1 -1.50 637.23 174.74 698.56 219.34 1.54 1.62 3.91 2.10 1.67 25.50 -1.42 0.994
car -1 -1 -2.15 182.08 186.35 324.24 254.99 1.46 1.49 2.95 -9.00 1.93 18.00 -2.62 0.969
car -1 -1 -1.66 529.34 179.87 560.05 207.19 1.46 1.49 2.95 -3.60 1.93 40.40 -1.75 0.732
car -1 -1 -1.32 619.62 172.77 652.99 203.27 1.54 1.62 3.91 1.50 1.67 41.90 -1.28 0.664
car -1 -1 -1.04 59.76 198.93 333.44 369.25 1.46 1.49 2.95 -3.40 1.73 7.00 -1.50 0.452
car -1 -1 -1.64 625.43 176.93 667.83 216.43 1.46 1.49 2.95 1.40 1.93 33.00 -1.59 0.098
pedestrian -1 -1 -1.26 168.09 182.70 201.70 255.96 1.75 0.62 1.83 -13.80 2.08 23.60 -1.79 0.098
cyclist -1 -1 -0.34 160.40 192.80 215.09 251.17 1.41 0.50 1.32 -12.80 2.11 22.00 -0.87 0.175
