car -1 -1 -0.95 346.81 181.78 469.67 266.79 1.54 1.62 3.91 -4.50 1.87 15.90 -1.23 1.000
car -1 -1 -1.05 10.20 218.12 348.75 370.26 1.46 1.49 2.95 -4.40 1.93 8.00 -1.55 1.000
car -1 -1 -0.59 658.67 174.94 712.52 220.73 1.54 1.62 3.91 2.90 1.67 28.50 -0.49 1.000
car -1 -1 -1.56 715.10 182.79 866.29 294.14 1.46 1.49 2.95 2.60 1.73 11.40 -1.34 0.999
car -1 -1 1.08 467.97 185.69 518.36 222.17 1.54 1.62 3.91 -5.10 2.27 32.10 0.93 0.999
car -1 -1 1.69 515.95 181.63 549.02 208.17 1.54 1.62 3.91 -4.50 2.07 41.50 1.58 0.990
car -1 -1 0.34 402.71 183.90 460.96 227.28 1.54 1.62 3.91 -7.50 2.07 31.10 0.10 0.248
pedestrian -1 -1 2.29 251.33 182.81 288.86 276.28 1.77 0.62 0.88 -7.80 2.08 16.70 1.85 0.992
pedestrian -1 -1 2.52 200.86 191.38 235.09 306.35 1.76 0.66 0.49 -6.70 1.88 12.40 2.02 0.948
pedestrian -1 -1 2.35 216.76 186.51 262.88 299.94 1.77 0.62 0.88 -6.30 2.08 12.40 1.88 0.131
cyclist -1 -1 2.81 179.78 190.14 249.99 290.80 1.41 0.50 1.32 -7.00 1.90 12.80 2.31 0.258
