car -1 -1 -1.38 722.37 179.30 836.27 252.66 1.54 1.62 3.91 3.50 1.67 15.70 -1.17 1.000
car -1 -1 -1.90 761.47 183.42 966.48 306.76 1.54 1.62 3.91 3.30 1.67 10.50 -1.60 0.999
car -1 -1 1.80 155.23 193.76 375.32 313.29 1.46 1.49 2.95 -4.80 1.73 10.00 1.35 0.999
car -1 -1 1.48 453.09 177.61 513.54 221.25 1.54 1.62 3.91 -4.90 1.87 28.70 1.31 0.998
car -1 -1 -1.63 697.74 176.85 778.35 229.77 1.46 1.49 2.95 3.60 1.53 20.40 -1.46 0.994
car -1 -1 1.42 479.92 176.53 534.56 213.57 1.54 1.62 3.91 -3.90 1.67 28.90 1.28 0.946
car -1 -1 -2.11 845.18 186.30 1241.00 374.00 1.46 1.49 2.95 3.20 1.73 6.00 -1.62 0.945
car -1 -1 -1.48 1009.35 169.81 1106.69 212.32 1.54 1.62 3.91 17.90 1.47 29.10 -0.93 0.704
car -1 -1 -0.22 49.30 186.45 141.71 214.11 1.46 1.49 2.95 -26.60 2.13 37.20 -0.84 0.133
car -1 -1 -1.86 1107.71 174.26 1218.18 215.44 1.46 1.49 2.95 21.60 1.53 28.00 -1.20 0.115
cyclist -1 -1 1.08 24.83 198.94 119.82 263.48 1.41 0.50 1.32 -12.20 1.90 16.40 0.44 0.595
