car -1 -1 -1.43 455.25 185.44 532.54 237.46 1.54 1.62 3.91 -3.10 1.47 20.90 -1.58 0.999
car -1 -1 -1.14 143.14 181.75 421.44 350.52 1.54 1.62 3.91 -3.50 1.47 8.30 -1.54 0.999
car -1 -1 -1.53 583.41 179.50 622.04 215.92 1.46 1.49 2.95 -0.20 1.33 33.80 -1.53 0.996
car -1 -1 -1.25 350.85 180.70 425.19 226.22 1.46 1.49 2.95 -8.40 1.33 27.60 -1.55 0.993
car -1 -1 -0.59 5.54 184.04 196.72 253.82 1.46 1.49 2.95 -10.40 1.53 15.20 -1.19 0.993
car -1 -1 -0.82 129.52 182.94 302.28 275.34 1.54 1.62 3.91 -6.90 1.47 13.50 -1.29 0.986
car -1 -1 -1.61 417.84 182.48 468.83 213.47 1.54 1.62 3.91 -7.50 1.27 32.70 -1.83 0.968
car -1 -1 0.18 308.65 182.94 367.75 215.36 1.46 1.49 2.95 -12.80 1.33 34.00 -0.18 0.927
car -1 -1 -0.87 593.56 185.28 676.31 222.39 1.46 1.49 2.95 1.00 1.53 27.80 -0.83 0.258
cyclist -1 -1 0.41 379.84 188.64 431.12 311.73 1.76 0.66 0.49 -2.90 1.68 10.40 0.14 0.064
