car -1 -1 -1.58 658.91 174.59 723.35 222.80 1.54 1.62 3.91 2.70 1.67 23.90 -1.46 0.999
car -1 -1 -2.17 472.82 169.49 546.39 197.92 1.54 1.62 3.91 -5.70 1.47 41.90 -2.31 0.994
car -1 -1 -0.20 249.92 175.34 435.89 241.48 1.54 1.62 3.91 -5.90 1.47 16.50 -0.55 0.990
car -1 -1 -0.26 0.50 177.47 294.37 328.15 1.54 1.62 3.91 -5.10 1.67 8.90 -0.78 0.970
car -1 -1 -0.26 348.13 168.32 509.63 218.41 1.54 1.62 3.91 -5.70 1.47 22.70 -0.51 0.951
car -1 -1 -0.96 716.71 171.66 778.04 208.24 1.54 1.62 3.91 5.30 1.47 29.10 -0.78 0.822
car -1 -1 0.30 733.56 169.72 833.81 250.08 1.46 1.49 2.95 3.20 1.33 14.00 0.53 0.822
car -1 -1 -2.35 427.53 169.07 527.44 203.95 1.54 1.62 3.91 -5.50 1.47 31.10 -2.52 0.635
car -1 -1 -1.49 147.16 177.29 406.13 266.64 1.54 1.62 3.91 -5.70 1.47 12.30 -1.93 0.553
car -1 -1 -0.67 737.61 158.17 965.42 257.18 1.54 1.62 3.91 3.90 1.27 12.30 -0.37 0.284
car -1 -1 -1.95 733.81 113.19 1201.70 356.29 2.48 1.81 4.73 3.50 1.74 8.20 -1.54 0.282
