car -1 -1 -1.54 663.39 172.74 734.31 226.85 1.46 1.49 2.95 2.60 1.53 21.60 -1.42 1.000
car -1 -1 -0.66 184.55 174.20 422.59 257.02 1.54 1.62 3.91 -5.90 1.67 13.90 -1.06 0.996
car -1 -1 -2.39 463.32 170.19 544.53 199.02 1.54 1.62 3.91 -5.50 1.47 39.70 -2.53 0.995
car -1 -1 -0.47 724.49 170.79 811.93 213.91 1.46 1.49 2.95 6.00 1.53 26.80 -0.25 0.988
car -1 -1 0.46 330.16 167.82 503.72 221.64 1.54 1.62 3.91 -5.70 1.47 21.30 0.20 0.909
car -1 -1 -2.42 419.03 170.09 524.00 207.40 1.54 1.62 3.91 -5.30 1.47 28.70 -2.60 0.881
car -1 -1 -0.32 765.25 164.80 996.24 265.83 1.54 1.62 3.91 4.70 1.47 12.90 0.03 0.764
car -1 -1 0.25 788.16 185.43 1194.41 373.37 1.46 1.49 2.95 2.40 1.73 5.60 0.66 0.764
car -1 -1 -1.51 36.19 172.73 371.43 316.67 1.54 1.62 3.91 -4.50 1.67 8.50 -1.99 0.637
car -1 -1 0.23 304.09 174.18 435.87 239.34 1.46 1.49 2.95 -6.20 1.73 19.20 -0.08 0.224
