car -1 -1 1.44 557.08 170.24 593.62 193.17 1.46 1.49 2.95 -1.80 0.93 55.20 1.41 0.983
pedestrian -1 -1 0.12 609.71 159.92 639.10 235.56 1.75 0.62 1.83 0.60 1.28 17.00 0.15 1.000
pedestrian -1 -1 0.63 656.56 159.36 682.72 230.31 1.76 0.66 0.49 1.60 1.28 17.10 0.73 0.999
pedestrian -1 -1 2.21 474.17 152.57 514.58 288.94 1.76 0.66 0.49 -1.50 1.48 10.00 2.06 0.999
pedestrian -1 -1 2.19 690.95 161.47 716.06 227.97 1.77 0.62 0.88 2.60 1.28 18.50 2.33 0.999
pedestrian -1 -1 1.96 430.69 163.34 473.03 298.28 1.76 0.66 0.49 -2.10 1.48 9.80 1.75 0.999
pedestrian -1 -1 -0.65 1125.27 94.65 1232.44 352.75 1.76 0.66 0.49 4.20 1.28 5.10 0.04 0.994
pedestrian -1 -1 -1.43 720.62 153.28 740.91 229.91 1.76 0.66 0.49 2.70 1.08 15.00 -1.25 0.909
pedestrian -1 -1 1.35 674.48 162.54 690.36 231.17 1.76 0.66 0.49 2.10 1.28 18.20 1.46 0.828
pedestrian -1 -1 -0.14 389.04 187.94 438.89 294.78 1.41 0.50 1.32 -2.80 1.50 10.60 -0.40 0.627
pedestrian -1 -1 -0.40 370.37 194.10 407.60 288.77 1.41 0.50 1.32 -3.60 1.50 12.00 -0.69 0.402
pedestrian -1 -1 -0.21 643.80 162.91 658.96 214.85 1.77 0.62 0.88 1.60 1.28 23.10 -0.14 0.266
pedestrian -1 -1 0.11 653.41 166.02 665.24 219.99 1.76 0.66 0.49 1.70 1.28 21.60 0.19 0.086
pedestrian -1 -1 -0.71 1064.85 143.39 1099.25 226.22 1.77 0.62 0.88 11.00 0.88 16.50 -0.12 0.069
pedestrian -1 -1 -0.08 710.52 157.04 728.63 228.54 1.77 0.62 0.88 2.60 1.28 16.30 0.08 0.054
cyclist -1 -1 -1.33 711.93 150.32 756.28 244.07 1.75 0.62 1.83 2.80 1.28 14.80 -1.15 0.499
