car -1 -1 1.82 480.27 185.23 523.75 214.99 1.54 1.62 3.91 -5.90 2.27 39.90 1.67 1.000
car -1 -1 1.85 374.71 189.70 467.29 242.33 1.54 1.62 3.91 -5.70 2.07 22.70 1.61 0.999
car -1 -1 -1.42 680.26 176.40 752.03 227.77 1.46 1.49 2.95 2.80 1.53 20.00 -1.29 0.999
car -1 -1 1.92 434.24 184.69 493.69 228.81 1.54 1.62 3.91 -5.90 2.07 29.50 1.72 0.999
car -1 -1 1.91 246.44 196.19 392.13 278.43 1.54 1.62 3.91 -6.10 2.07 15.10 1.53 0.999
car -1 -1 -1.49 702.94 174.09 802.30 244.39 1.46 1.49 2.95 3.40 1.53 16.80 -1.29 0.993
car -1 -1 -1.20 656.45 177.49 722.77 210.60 1.46 1.49 2.95 3.60 1.73 31.60 -1.09 0.987
car -1 -1 1.87 0.00 205.83 280.73 355.44 1.46 1.49 2.95 -6.00 2.13 10.00 1.33 0.980
car -1 -1 3.00 916.55 132.41 1182.21 234.50 2.48 1.81 4.73 9.70 1.54 16.40 3.54 0.928
car -1 -1 2.65 846.97 149.35 1083.19 223.93 1.54 1.62 3.91 7.30 1.07 15.10 3.10 0.927
car -1 -1 -0.75 641.33 178.58 679.96 199.01 1.46 1.49 2.95 4.00 1.93 57.20 -0.68 0.298
car -1 -1 2.43 851.79 157.79 967.45 212.90 1.54 1.62 3.91 8.50 1.07 21.50 2.81 0.175
