pedestrian -1 -1 0.21 817.14 178.64 948.20 369.00 1.41 0.50 1.32 2.00 1.30 5.60 0.55 0.999
pedestrian -1 -1 1.25 545.07 138.42 581.32 259.04 1.68 0.41 1.64 -0.70 1.14 11.50 1.19 0.999
pedestrian -1 -1 1.13 479.01 144.53 498.55 208.56 1.68 0.41 1.64 -3.30 0.74 20.30 0.97 0.999
pedestrian -1 -1 0.92 507.78 143.38 540.78 208.55 1.77 0.62 0.88 -2.20 0.88 19.30 0.81 0.999
pedestrian -1 -1 1.34 616.83 138.84 663.10 251.22 1.77 0.62 0.88 0.60 1.08 11.90 1.40 0.999
pedestrian -1 -1 1.17 398.35 141.46 424.71 203.21 1.77 0.62 0.88 -5.60 0.68 19.90 0.90 0.998
pedestrian -1 -1 0.81 572.64 138.76 611.48 253.75 1.75 0.62 1.83 -0.20 1.08 12.20 0.79 0.996
pedestrian -1 -1 0.68 903.83 167.71 1000.20 367.06 1.76 0.66 0.49 2.60 1.48 5.30 1.14 0.996
pedestrian -1 -1 1.46 450.64 139.47 470.95 209.53 1.77 0.62 0.88 -4.00 0.68 19.90 1.26 0.994
pedestrian -1 -1 -0.38 499.51 145.48 516.64 206.14 1.76 0.66 0.49 -2.90 0.68 20.60 -0.52 0.927
pedestrian -1 -1 -1.89 277.94 135.48 311.06 252.68 1.76 0.66 0.49 -4.90 1.08 11.40 -2.30 0.787
pedestrian -1 -1 0.68 531.16 141.34 547.74 202.97 1.41 0.50 1.32 -1.80 0.50 19.40 0.59 0.760
pedestrian -1 -1 -0.87 655.40 141.41 668.71 208.61 1.76 0.66 0.49 1.90 0.48 23.60 -0.79 0.756
pedestrian -1 -1 1.51 428.57 146.01 446.73 198.96 1.41 0.50 1.32 -4.80 0.50 20.20 1.28 0.712
pedestrian -1 -1 -0.04 243.40 128.63 278.48 283.99 1.76 0.66 0.49 -5.30 1.28 10.80 -0.50 0.487
pedestrian -1 -1 1.05 605.28 142.46 629.37 225.12 1.41 0.50 1.32 0.20 0.90 13.80 1.06 0.473
pedestrian -1 -1 -0.56 323.80 155.85 338.26 191.16 1.41 0.50 1.32 -12.80 0.31 33.40 -0.93 0.454
pedestrian -1 -1 0.85 472.21 145.80 486.15 206.88 1.68 0.41 1.64 -3.70 0.74 20.50 0.67 0.421
pedestrian -1 -1 1.33 444.20 143.09 457.09 204.12 1.76 0.66 0.49 -4.50 0.68 20.40 1.12 0.211
pedestrian -1 -1 -1.44 353.45 153.71 375.38 191.50 1.41 0.50 1.32 -12.40 0.10 36.80 -1.76 0.193
pedestrian -1 -1 1.07 525.90 135.91 561.09 244.86 1.75 0.62 1.83 -1.00 1.08 11.20 0.99 0.138
pedestrian -1 -1 0.93 539.16 142.92 551.09 165.96 1.41 0.50 1.32 -4.40 -1.29 52.20 0.84 0.097
cyclist -1 -1 -1.90 253.33 134.45 321.43 284.36 1.76 0.66 0.49 -3.80 1.28 8.30 -2.33 0.738
cyclist -1 -1 1.05 432.65 144.83 455.27 202.10 1.76 0.66 0.49 -4.50 0.88 20.00 0.83 0.503
cyclist -1 -1 -0.86 341.65 150.17 386.37 197.29 1.41 0.50 1.32 -5.80 0.70 17.20 -1.18 0.255
cyclist -1 -1 0.84 391.68 146.29 433.63 203.61 1.87 0.84 1.11 -5.30 0.93 19.90 0.58 0.242
cyclist -1 -1 1.50 432.59 143.29 482.94 238.51 1.68 0.41 1.64 -2.30 1.14 10.90 1.29 0.061
