car -1 -1 0.66 323.86 196.23 472.52 256.97 1.46 1.49 2.95 -4.60 1.73 16.80 0.39 0.055
pedestrian -1 -1 0.48 394.97 174.05 428.39 279.40 1.76 0.66 0.49 -3.50 1.68 13.40 0.23 1.000
pedestrian -1 -1 -1.08 853.41 167.21 879.93 256.22 1.76 0.66 0.49 6.10 1.48 16.60 -0.73 0.999
pedestrian -1 -1 -2.13 25.06 161.49 108.78 347.37 1.76 0.66 0.49 -6.00 1.68 8.10 -2.77 0.998
pedestrian -1 -1 1.44 504.41 172.55 531.53 276.99 1.75 0.62 1.83 -1.80 1.68 15.80 1.32 0.997
pedestrian -1 -1 -0.06 592.60 168.61 611.87 227.33 1.77 0.62 0.88 0.00 1.48 22.50 -0.06 0.993
pedestrian -1 -1 2.44 476.07 187.26 518.04 280.00 1.41 0.50 1.32 -1.80 1.50 11.60 2.28 0.960
pedestrian -1 -1 -0.19 576.64 171.04 590.70 220.13 1.75 0.62 1.83 -0.60 1.48 26.20 -0.21 0.681
pedestrian -1 -1 0.88 607.82 172.75 614.60 219.56 1.68 0.41 1.64 0.50 1.34 33.70 0.89 0.286
pedestrian -1 -1 -0.04 618.04 170.87 629.38 210.00 1.76 0.66 0.49 1.10 1.48 34.40 -0.01 0.168
pedestrian -1 -1 -0.88 632.74 171.88 646.23 208.79 1.75 0.62 1.83 1.80 1.28 34.80 -0.83 0.164
cyclist -1 -1 0.72 376.58 178.11 442.95 263.43 1.41 0.50 1.32 -5.00 1.50 18.80 0.46 0.410
cyclist -1 -1 -0.02 673.37 166.77 725.47 226.78 1.87 0.84 1.11 2.70 1.53 20.30 0.11 0.166
cyclist -1 -1 1.96 473.46 177.22 546.05 272.70 1.68 0.41 1.64 -1.90 1.74 16.30 1.84 0.050
