car -1 -1 -1.58 514.57 171.86 557.80 209.20 1.54 1.62 3.91 -3.10 1.47 31.50 -1.68 0.999
car -1 -1 -1.65 665.03 172.57 752.89 239.68 1.46 1.49 2.95 2.20 1.53 17.40 -1.52 0.999
car -1 -1 -1.53 632.65 173.76 695.28 209.29 1.46 1.49 2.95 2.40 1.53 31.00 -1.45 0.994
car -1 -1 -0.09 189.33 177.27 418.56 343.35 1.54 1.62 3.91 -3.30 1.67 8.90 -0.45 0.803
car -1 -1 -1.50 540.21 173.64 569.25 198.22 1.54 1.62 3.91 -3.10 1.47 42.30 -1.57 0.256
car -1 -1 -0.52 626.83 172.25 669.54 199.37 1.46 1.49 2.95 2.20 1.53 44.00 -0.47 0.113
car -1 -1 -0.56 236.16 182.97 357.04 237.80 1.54 1.62 3.91 -8.90 1.67 20.50 -0.97 0.067
pedestrian -1 -1 -1.48 176.79 156.11 238.69 278.90 1.77 0.62 0.88 -5.80 1.48 10.50 -1.98 0.989
pedestrian -1 -1 0.15 248.04 159.01 288.01 264.55 1.76 0.66 0.49 -5.30 1.48 11.00 -0.30 0.877
pedestrian -1 -1 -0.40 224.60 157.78 263.75 284.87 1.76 0.66 0.49 -5.50 1.48 10.80 -0.87 0.052
