car -1 -1 -1.10 717.22 188.97 865.92 290.39 1.54 1.62 3.91 2.70 1.67 11.90 -0.87 0.999
car -1 -1 -1.56 665.48 183.34 728.02 229.81 1.54 1.62 3.91 2.70 1.87 24.50 -1.45 0.998
car -1 -1 -2.46 386.53 174.11 509.26 220.04 1.54 1.62 3.91 -5.30 1.67 24.50 -2.67 0.995
car -1 -1 -1.28 644.36 176.74 690.31 213.53 1.54 1.62 3.91 2.70 1.87 33.70 -1.20 0.994
car -1 -1 -2.49 226.78 176.73 421.87 255.16 1.54 1.62 3.91 -6.30 1.67 15.70 -2.87 0.994
car -1 -1 0.47 20.45 166.53 311.69 342.43 1.54 1.62 3.91 -4.90 1.67 8.70 -0.05 0.993
car -1 -1 -0.49 113.95 166.82 375.05 281.97 1.54 1.62 3.91 -4.90 1.47 10.50 -0.93 0.986
car -1 -1 -1.37 782.78 207.20 1118.77 373.29 1.54 1.62 3.91 2.70 1.67 7.30 -1.02 0.921
car -1 -1 -2.09 467.18 182.37 527.42 210.18 1.46 1.49 2.95 -5.60 1.93 36.60 -2.24 0.914
car -1 -1 -1.10 334.70 179.48 477.24 231.61 1.54 1.62 3.91 -6.30 1.67 22.30 -1.37 0.913
car -1 -1 -0.68 299.02 171.38 386.68 204.49 2.48 1.81 4.73 -19.30 2.34 52.20 -1.04 0.054
