car -1 -1 0.93 530.06 169.00 564.19 199.29 1.54 1.62 3.91 -3.30 1.07 43.70 0.85 0.894
car -1 -1 -1.30 416.50 167.00 498.29 227.53 1.54 1.62 3.91 -4.50 1.27 22.30 -1.50 0.569
car -1 -1 -1.11 444.69 174.62 513.62 213.24 1.46 1.49 2.95 -5.40 1.33 32.20 -1.28 0.206
pedestrian -1 -1 -1.76 752.77 158.99 807.66 328.12 1.76 0.66 0.49 1.90 1.48 7.60 -1.52 1.000
pedestrian -1 -1 -1.23 837.51 160.39 901.85 330.86 1.76 0.66 0.49 2.70 1.48 7.40 -0.88 1.000
pedestrian -1 -1 -1.80 359.91 168.97 404.32 274.25 1.76 0.66 0.49 -3.70 1.48 12.20 -2.09 1.000
pedestrian -1 -1 1.16 999.81 154.22 1046.24 268.98 1.76 0.66 0.49 6.20 1.28 10.70 1.69 1.000
pedestrian -1 -1 2.85 1082.35 144.93 1176.32 288.67 1.76 0.66 0.49 6.60 1.28 8.90 3.48 0.999
pedestrian -1 -1 2.16 440.69 169.79 464.82 249.31 1.76 0.66 0.49 -3.70 1.48 17.40 1.95 0.999
pedestrian -1 -1 -0.35 1169.11 147.78 1228.30 282.88 1.68 0.41 1.64 8.30 1.34 9.30 0.38 0.990
pedestrian -1 -1 -1.08 659.60 167.46 681.10 239.93 1.76 0.66 0.49 1.70 1.48 17.40 -0.98 0.983
pedestrian -1 -1 1.84 405.86 166.79 421.79 247.49 1.76 0.66 0.49 -4.50 1.48 17.20 1.59 0.929
pedestrian -1 -1 -1.25 11.57 184.93 78.15 345.88 1.76 0.66 0.49 -5.90 1.68 7.80 -1.90 0.799
pedestrian -1 -1 -1.58 12.56 173.02 38.53 226.27 1.76 0.66 0.49 -26.00 1.68 32.50 -2.25 0.788
pedestrian -1 -1 1.59 685.50 180.14 701.35 225.49 1.41 0.50 1.32 2.60 1.30 20.00 1.72 0.050
cyclist -1 -1 2.75 1053.51 146.32 1201.90 259.81 1.75 0.62 1.83 9.20 1.08 12.60 3.38 0.076
