pedestrian -1 -1 0.48 909.86 139.56 1022.35 339.85 1.68 0.41 1.64 3.50 1.34 7.10 0.94 1.000
pedestrian -1 -1 1.09 801.20 145.16 871.40 330.39 1.76 0.66 0.49 2.30 1.48 7.20 1.39 1.000
pedestrian -1 -1 0.41 719.18 145.53 784.06 330.90 1.76 0.66 0.49 1.50 1.48 7.40 0.61 1.000
pedestrian -1 -1 0.50 1009.19 142.27 1093.20 340.07 1.76 0.66 0.49 4.20 1.48 6.70 1.06 0.999
pedestrian -1 -1 1.11 498.86 142.12 568.12 327.33 1.75 0.62 1.83 -0.80 1.48 7.80 1.01 0.998
pedestrian -1 -1 0.37 664.63 137.16 712.14 284.86 1.76 0.66 0.49 1.10 1.28 9.40 0.49 0.996
pedestrian -1 -1 1.25 557.57 147.49 603.02 303.11 1.68 0.41 1.64 -0.30 1.54 8.50 1.21 0.995
pedestrian -1 -1 1.13 639.57 156.33 684.76 293.53 1.68 0.41 1.64 0.70 1.34 9.30 1.21 0.992
pedestrian -1 -1 1.37 592.52 136.67 637.69 294.10 1.76 0.66 0.49 0.10 1.28 8.80 1.38 0.992
pedestrian -1 -1 0.39 231.89 132.51 283.60 300.71 1.76 0.66 0.49 -4.00 1.28 8.10 -0.07 0.469
pedestrian -1 -1 -0.39 551.54 142.91 561.75 183.13 1.41 0.50 1.32 -2.20 -0.29 32.00 -0.46 0.383
pedestrian -1 -1 1.79 507.61 143.54 520.30 176.95 1.41 0.50 1.32 -5.00 -0.69 39.20 1.67 0.229
pedestrian -1 -1 0.35 885.59 159.19 922.05 228.54 1.41 0.50 1.32 7.80 0.70 18.40 0.75 0.067
pedestrian -1 -1 0.41 340.97 130.34 366.20 161.57 1.41 0.50 1.32 -14.00 -1.10 39.60 0.07 0.055
cyclist -1 -1 0.62 225.98 140.23 319.78 274.95 1.75 0.62 1.83 -5.80 1.28 12.40 0.18 0.091
cyclist -1 -1 -1.13 341.12 150.38 384.98 199.46 1.41 0.50 1.32 -6.00 0.70 17.60 -1.46 0.054
