car -1 -1 1.34 531.56 176.02 613.97 226.21 1.46 1.49 2.95 -1.00 1.33 23.60 1.29 0.097
pedestrian -1 -1 -1.08 706.01 166.50 777.94 312.60 1.77 0.62 0.88 1.60 1.68 8.50 -0.89 0.999
pedestrian -1 -1 -2.12 533.96 158.31 577.21 259.04 1.87 0.84 1.11 -0.90 1.53 14.50 -2.18 0.999
pedestrian -1 -1 1.15 819.43 169.15 875.59 322.46 1.76 0.66 0.49 2.90 1.68 9.00 1.46 0.999
pedestrian -1 -1 -2.08 766.75 161.68 827.96 334.52 1.76 0.66 0.49 1.90 1.48 7.40 -1.83 0.998
pedestrian -1 -1 -0.96 946.14 162.39 1060.38 373.00 1.76 0.66 0.49 2.30 1.68 4.20 -0.46 0.994
pedestrian -1 -1 -1.97 867.59 157.73 949.19 368.41 1.76 0.66 0.49 2.50 1.48 6.00 -1.58 0.992
pedestrian -1 -1 -2.06 695.33 174.00 718.66 225.61 1.68 0.41 1.64 3.50 1.34 23.90 -1.92 0.989
pedestrian -1 -1 -1.89 849.98 165.45 908.70 304.66 1.76 0.66 0.49 3.70 1.48 9.80 -1.53 0.983
pedestrian -1 -1 1.35 665.72 171.16 680.46 220.40 1.76 0.66 0.49 2.70 1.48 26.80 1.45 0.675
pedestrian -1 -1 -1.91 887.63 167.37 939.52 260.34 1.75 0.62 1.83 9.00 1.48 20.80 -1.50 0.172
pedestrian -1 -1 -1.40 871.18 170.36 912.19 232.81 1.41 0.50 1.32 8.80 1.11 21.60 -1.01 0.136
pedestrian -1 -1 -1.24 782.26 169.34 809.74 221.62 1.75 0.62 1.83 8.00 1.28 29.80 -0.98 0.061
cyclist -1 -1 -2.13 519.68 162.61 599.23 262.65 1.75 0.62 1.83 -0.60 1.48 14.00 -2.17 0.897
cyclist -1 -1 -1.99 582.80 173.67 616.40 263.54 1.75 0.62 1.83 0.00 1.68 13.40 -1.99 0.104
