car -1 -1 1.72 294.16 192.69 434.06 273.05 1.54 1.62 3.91 -5.30 2.07 16.10 1.40 1.000
car -1 -1 -1.52 642.23 181.04 675.18 208.37 1.46 1.49 2.95 2.80 1.93 41.60 -1.46 0.989
car -1 -1 1.68 479.24 186.64 523.61 220.26 1.46 1.49 2.95 -5.20 2.33 34.60 1.53 0.969
car -1 -1 -1.38 656.31 178.67 688.53 202.09 1.54 1.62 3.91 3.90 1.87 45.50 -1.29 0.055
pedestrian -1 -1 0.03 75.42 194.69 171.25 374.00 1.76 0.66 0.49 -3.70 1.88 5.60 -0.56 0.971
pedestrian -1 -1 2.19 197.56 186.48 288.56 285.37 1.75 0.62 1.83 -8.80 2.08 17.60 1.72 0.940
pedestrian -1 -1 -0.54 722.48 161.13 735.94 225.43 1.76 0.66 0.49 4.10 1.48 25.00 -0.38 0.855
pedestrian -1 -1 1.07 468.04 180.52 490.01 231.18 1.75 0.62 1.83 -8.20 2.48 45.40 0.89 0.341
pedestrian -1 -1 1.56 155.83 173.39 258.90 372.42 1.76 0.66 0.49 -3.20 1.68 5.50 1.03 0.120
cyclist -1 -1 0.58 463.70 174.95 494.99 252.28 1.77 0.62 0.88 -3.70 2.08 20.20 0.40 1.000
cyclist -1 -1 1.22 1.45 193.77 263.30 365.01 1.75 0.62 1.83 -3.60 1.88 5.60 0.64 0.978
cyclist -1 -1 2.18 171.88 188.17 306.79 363.97 1.76 0.66 0.49 -2.80 1.88 5.70 1.72 0.876
