car -1 -1 -1.46 407.29 184.64 503.86 253.27 1.54 1.62 3.91 -3.70 1.47 17.90 -1.66 1.000
car -1 -1 -1.60 695.49 191.03 801.97 266.15 1.54 1.62 3.91 2.90 1.67 15.90 -1.42 0.999
car -1 -1 -1.01 30.46 191.07 398.32 375.00 1.46 1.49 2.95 -3.60 1.53 6.80 -1.49 0.999
car -1 -1 -1.10 468.29 185.89 526.42 231.57 1.46 1.49 2.95 -3.60 1.53 23.60 -1.25 0.999
car -1 -1 -1.57 646.95 185.04 688.95 218.40 1.46 1.49 2.95 2.80 1.53 33.80 -1.49 0.999
car -1 -1 -1.55 361.41 185.85 426.51 223.41 1.46 1.49 2.95 -8.00 1.53 27.60 -1.83 0.999
car -1 -1 -0.18 502.34 185.00 536.69 215.01 1.46 1.49 2.95 -4.60 1.53 38.80 -0.29 0.975
car -1 -1 0.08 205.92 188.15 347.78 249.68 1.46 1.49 2.95 -8.20 1.53 18.00 -0.34 0.944
car -1 -1 -0.10 447.32 179.12 480.39 203.35 1.54 1.62 3.91 -10.70 1.27 53.50 -0.29 0.430
car -1 -1 -0.59 250.76 188.24 337.40 225.31 1.54 1.62 3.91 -12.50 1.47 28.70 -1.01 0.185
car -1 -1 -1.53 587.00 183.25 610.30 204.80 1.54 1.62 3.91 -0.70 1.47 57.90 -1.54 0.147
car -1 -1 0.47 420.63 180.68 460.67 205.74 1.54 1.62 3.91 -11.90 1.27 51.30 0.25 0.088
