car -1 -1 1.44 601.60 183.05 687.36 232.25 1.46 1.49 2.95 1.20 1.93 22.60 1.50 0.999
car -1 -1 -1.93 139.66 198.36 275.00 268.11 1.46 1.49 2.95 -9.80 2.13 17.40 -2.44 0.997
car -1 -1 1.39 534.58 180.73 586.71 225.62 1.54 1.62 3.91 -1.50 1.67 23.70 1.32 0.978
car -1 -1 -1.87 285.14 173.04 540.59 294.38 1.54 1.62 3.91 -2.90 1.67 12.10 -2.11 0.912
car -1 -1 2.36 189.28 183.59 300.64 225.11 1.54 1.62 3.91 -15.30 2.07 30.70 1.90 0.865
car -1 -1 -2.06 434.31 172.98 531.14 283.47 1.46 1.49 2.95 -2.40 1.73 13.40 -2.24 0.761
car -1 -1 1.93 582.83 174.10 635.03 216.94 1.54 1.62 3.91 -0.10 1.67 29.70 1.92 0.259
car -1 -1 0.90 147.67 189.28 245.62 220.70 1.54 1.62 3.91 -20.70 2.47 36.30 0.38 0.160
car -1 -1 -1.59 308.37 177.80 471.43 246.42 1.54 1.62 3.91 -6.10 1.87 20.70 -1.87 0.145
car -1 -1 0.11 669.25 175.66 794.17 214.21 1.54 1.62 3.91 4.30 1.47 25.50 0.28 0.071
cyclist -1 -1 -0.95 603.25 175.41 633.63 228.38 1.77 0.62 0.88 0.20 1.68 19.90 -0.94 0.747
