car -1 -1 1.75 366.44 187.80 488.85 267.46 1.54 1.62 3.91 -3.90 1.87 15.70 1.50 1.000
car -1 -1 1.54 452.66 185.54 518.50 231.62 1.46 1.49 2.95 -4.00 1.93 23.20 1.37 0.998
car -1 -1 -1.63 631.63 177.60 669.10 208.79 1.46 1.49 2.95 2.00 1.93 36.80 -1.57 0.991
car -1 -1 1.63 205.41 200.27 349.86 275.90 1.46 1.49 2.95 -7.80 2.13 16.80 1.20 0.978
car -1 -1 0.60 729.01 159.05 852.20 206.37 2.48 1.81 4.73 8.50 1.54 33.20 0.85 0.960
car -1 -1 -0.64 813.05 158.95 875.13 197.99 1.54 1.62 3.91 9.70 1.07 29.30 -0.32 0.416
car -1 -1 -0.75 864.12 150.52 949.91 180.57 2.48 1.81 4.73 21.50 0.74 52.20 -0.36 0.339
car -1 -1 2.20 703.65 172.54 752.46 194.39 1.46 1.49 2.95 7.60 1.53 47.20 2.36 0.122
car -1 -1 1.77 484.09 184.20 525.19 222.84 1.46 1.49 2.95 -4.40 1.93 30.60 1.63 0.051
pedestrian -1 -1 -1.29 632.06 166.91 642.39 199.50 1.75 0.62 1.83 1.60 1.68 44.60 -1.26 0.367
