pedestrian -1 -1 0.93 630.71 135.25 667.05 247.10 1.76 0.66 0.49 0.80 1.08 12.50 0.99 1.000
pedestrian -1 -1 0.92 441.01 143.24 471.92 215.66 1.41 0.50 1.32 -3.20 0.70 15.40 0.72 0.999
pedestrian -1 -1 0.93 590.04 142.57 629.70 248.35 1.77 0.62 0.88 0.00 1.08 12.50 0.93 0.999
pedestrian -1 -1 0.99 498.50 140.19 525.17 224.31 1.76 0.66 0.49 -2.10 0.88 15.80 0.86 0.999
pedestrian -1 -1 1.15 549.74 138.21 570.53 227.69 1.76 0.66 0.49 -0.90 0.88 14.80 1.09 0.999
pedestrian -1 -1 0.59 922.64 138.71 1037.50 369.00 1.76 0.66 0.49 2.50 1.48 5.00 1.06 0.997
pedestrian -1 -1 0.68 1009.11 133.93 1178.72 369.00 1.77 0.62 0.88 3.50 1.48 5.00 1.29 0.994
pedestrian -1 -1 -0.13 689.33 145.70 711.32 201.45 1.68 0.41 1.64 3.10 0.54 23.50 -0.00 0.993
pedestrian -1 -1 1.23 571.54 141.32 593.95 228.14 1.68 0.41 1.64 -0.50 0.94 14.90 1.19 0.993
pedestrian -1 -1 0.97 528.24 141.17 547.92 221.87 1.68 0.41 1.64 -1.50 0.94 15.90 0.88 0.978
pedestrian -1 -1 1.44 481.91 143.43 500.95 223.13 1.76 0.66 0.49 -2.50 0.88 15.20 1.28 0.926
pedestrian -1 -1 2.15 420.92 143.02 435.39 189.18 1.76 0.66 0.49 -6.90 0.28 27.60 1.90 0.895
pedestrian -1 -1 -1.03 323.67 155.08 338.06 189.39 1.41 0.50 1.32 -12.40 0.31 32.20 -1.40 0.717
pedestrian -1 -1 0.70 265.19 129.17 298.82 244.78 1.76 0.66 0.49 -5.40 1.08 11.70 0.26 0.534
pedestrian -1 -1 1.41 355.84 147.48 372.78 188.67 1.41 0.50 1.32 -10.60 0.31 31.40 1.09 0.387
pedestrian -1 -1 0.20 377.80 145.57 392.44 194.73 1.76 0.66 0.49 -7.10 0.68 22.80 -0.10 0.361
pedestrian -1 -1 -0.28 230.97 131.17 280.27 296.79 1.76 0.66 0.49 -4.10 1.28 8.20 -0.74 0.226
pedestrian -1 -1 1.25 467.21 145.27 488.83 219.81 1.76 0.66 0.49 -2.80 1.08 15.30 1.06 0.214
pedestrian -1 -1 0.54 1046.47 136.32 1118.55 205.53 1.75 0.62 1.83 14.20 0.28 21.40 1.13 0.111
pedestrian -1 -1 1.35 1089.99 140.28 1161.59 209.68 1.68 0.41 1.64 16.30 0.34 21.70 2.00 0.066
pedestrian -1 -1 0.44 447.01 142.24 464.61 179.23 1.75 0.62 1.83 -8.20 -0.52 40.00 0.23 0.055
pedestrian -1 -1 1.12 539.26 141.69 613.82 236.35 1.75 0.62 1.83 -0.60 1.28 12.40 1.08 0.051
cyclist -1 -1 1.98 413.92 142.57 441.95 190.10 1.77 0.62 0.88 -6.80 0.48 26.70 1.73 0.601
cyclist -1 -1 1.11 413.54 145.15 493.19 248.01 1.75 0.62 1.83 -2.20 1.28 10.20 0.90 0.088
cyclist -1 -1 -0.13 250.38 136.97 324.67 234.14 1.77 0.62 0.88 -5.10 1.08 11.60 -0.55 0.065
cyclist -1 -1 1.19 520.96 140.57 550.63 183.46 1.75 0.62 1.83 -4.00 -0.52 41.60 1.09 0.058
