car -1 -1 -1.72 714.72 187.01 870.48 302.74 1.46 1.49 2.95 2.40 1.73 10.60 -1.50 0.999
car -1 -1 1.46 447.20 170.48 541.91 244.76 1.54 1.62 3.91 -2.90 1.67 18.50 1.30 0.999
car -1 -1 -2.36 59.96 171.55 348.49 267.34 1.54 1.62 3.91 -6.50 1.47 12.30 -2.85 0.999
car -1 -1 -1.96 786.82 179.37 1067.36 371.71 1.46 1.49 2.95 2.40 1.73 6.40 -1.60 0.996
car -1 -1 -1.15 505.54 176.65 566.49 222.92 1.54 1.62 3.91 -2.30 1.67 23.50 -1.24 0.993
car -1 -1 1.26 639.86 175.02 675.15 203.06 1.54 1.62 3.91 2.90 1.87 45.30 1.32 0.984
car -1 -1 0.27 574.84 170.32 595.32 194.23 2.48 1.81 4.73 -2.60 2.14 76.90 0.24 0.064
car -1 -1 -1.54 803.70 191.29 1025.14 259.22 1.54 1.62 3.91 6.30 1.67 15.10 -1.15 0.061
pedestrian -1 -1 1.91 573.13 171.16 591.18 245.66 1.68 0.41 1.64 -0.70 1.94 17.50 1.87 0.717
cyclist -1 -1 1.70 564.17 171.08 601.09 240.28 1.87 0.84 1.11 -0.70 1.73 19.90 1.67 0.990
