car -1 -1 2.02 240.38 178.48 395.31 269.66 1.54 1.62 3.91 -6.10 1.67 15.10 1.64 0.999
car -1 -1 1.77 351.35 179.58 448.12 238.01 1.54 1.62 3.91 -6.50 1.87 22.90 1.50 0.999
car -1 -1 -0.06 448.04 182.01 492.75 213.89 1.46 1.49 2.95 -6.80 2.13 35.80 -0.24 0.992
car -1 -1 2.21 692.76 165.23 774.50 194.48 1.54 1.62 3.91 7.70 1.27 42.70 2.39 0.964
car -1 -1 -1.44 811.87 177.12 1241.00 369.12 1.46 1.49 2.95 2.60 1.33 5.20 -0.98 0.909
car -1 -1 1.52 497.89 179.56 530.27 204.91 1.54 1.62 3.91 -6.50 2.07 48.90 1.39 0.890
car -1 -1 1.10 1004.00 153.42 1188.12 223.89 1.46 1.49 2.95 11.20 1.13 16.60 1.69 0.846
car -1 -1 1.10 1045.11 153.86 1151.81 186.78 1.54 1.62 3.91 24.30 0.67 35.50 1.70 0.708
car -1 -1 0.29 752.70 193.08 877.76 291.30 1.46 1.49 2.95 3.20 1.73 11.80 0.55 0.081
car -1 -1 1.23 1014.41 156.25 1101.53 187.19 1.46 1.49 2.95 22.00 0.73 35.40 1.78 0.072
