car -1 -1 1.59 349.84 177.65 475.53 253.03 1.54 1.62 3.91 -4.10 1.47 15.90 1.34 0.659
pedestrian -1 -1 -1.72 345.39 165.41 427.82 318.66 1.77 0.62 0.88 -2.70 1.48 8.80 -2.01 1.000
pedestrian -1 -1 -1.04 257.72 165.85 308.27 301.26 1.76 0.66 0.49 -4.10 1.68 9.40 -1.45 0.999
pedestrian -1 -1 -2.11 436.38 163.28 485.49 288.59 1.68 0.41 1.64 -2.10 1.54 10.50 -2.31 0.999
pedestrian -1 -1 -1.48 497.19 153.15 561.42 373.00 1.77 0.62 0.88 -0.60 1.48 6.10 -1.58 0.998
pedestrian -1 -1 -1.87 425.00 161.24 456.11 265.90 1.76 0.66 0.49 -2.70 1.48 11.60 -2.10 0.968
pedestrian -1 -1 -1.12 321.68 171.24 352.68 245.89 1.68 0.41 1.64 -6.90 1.34 18.90 -1.47 0.477
pedestrian -1 -1 -0.91 1131.93 112.30 1185.25 220.60 1.76 0.66 0.49 11.20 0.88 14.50 -0.26 0.329
pedestrian -1 -1 -1.06 341.75 173.34 366.87 267.72 1.76 0.66 0.49 -5.70 1.48 16.40 -1.39 0.281
pedestrian -1 -1 0.25 271.33 167.39 297.37 238.17 1.76 0.66 0.49 -11.10 1.48 25.20 -0.16 0.156
pedestrian -1 -1 -1.54 650.73 167.73 662.78 212.63 1.41 0.50 1.32 2.20 1.11 28.40 -1.46 0.140
pedestrian -1 -1 -0.69 429.77 168.04 446.54 202.82 1.75 0.62 1.83 -10.80 1.08 48.60 -0.91 0.135
pedestrian -1 -1 1.23 591.81 170.87 602.81 212.70 1.41 0.50 1.32 -0.20 1.11 26.80 1.22 0.120
pedestrian -1 -1 -0.10 389.24 171.91 415.60 231.17 1.75 0.62 1.83 -7.60 1.48 28.00 -0.37 0.104
pedestrian -1 -1 -1.60 287.55 164.41 384.62 313.58 1.87 0.84 1.11 -2.90 1.53 7.70 -1.96 0.072
