car -1 -1 -1.30 521.98 183.15 607.64 249.05 1.54 1.62 3.91 -0.90 1.67 16.30 -1.35 0.997
car -1 -1 -1.84 473.92 183.05 530.90 222.27 1.46 1.49 2.95 -4.20 1.93 27.60 -1.99 0.994
car -1 -1 -1.50 498.60 180.79 564.69 230.81 1.54 1.62 3.91 -2.90 1.87 25.70 -1.61 0.992
car -1 -1 -1.60 329.48 185.57 376.41 215.17 1.46 1.49 2.95 -13.40 2.33 37.80 -1.94 0.988
car -1 -1 -1.45 299.54 184.23 359.75 233.61 1.46 1.49 2.95 -10.00 2.13 26.00 -1.81 0.872
car -1 -1 -1.64 455.20 182.90 485.60 208.57 1.46 1.49 2.95 -9.00 2.13 47.20 -1.83 0.865
car -1 -1 0.81 0.69 198.16 289.69 366.59 1.46 1.49 2.95 -5.20 1.93 8.80 0.28 0.853
car -1 -1 0.52 425.42 174.91 453.87 195.91 2.48 1.81 4.73 -18.00 2.54 76.90 0.29 0.627
car -1 -1 -0.71 310.06 164.01 374.66 220.31 2.48 1.81 4.73 -12.40 2.14 33.70 -1.06 0.080
pedestrian -1 -1 0.13 970.91 160.97 1001.75 223.33 1.77 0.62 0.88 10.30 1.28 19.80 0.61 0.101
