car -1 -1 -1.63 654.97 178.27 713.54 221.61 1.54 1.62 3.91 2.70 1.67 26.30 -1.53 1.000
car -1 -1 -2.40 78.86 182.42 381.94 279.09 1.54 1.62 3.91 -6.30 1.67 12.50 -2.87 0.994
car -1 -1 0.30 284.19 179.79 449.52 239.45 1.54 1.62 3.91 -7.50 1.87 21.30 -0.04 0.990
car -1 -1 -1.89 482.52 172.74 551.25 198.73 1.54 1.62 3.91 -5.90 1.67 46.10 -2.02 0.964
car -1 -1 -1.06 390.72 156.67 520.48 215.82 2.48 1.81 4.73 -6.10 1.74 29.20 -1.27 0.882
car -1 -1 -2.04 437.23 172.70 530.69 208.67 1.54 1.62 3.91 -5.30 1.67 31.30 -2.21 0.454
car -1 -1 -1.24 682.73 171.59 730.52 209.19 1.54 1.62 3.91 3.90 1.47 29.50 -1.11 0.376
car -1 -1 0.42 364.39 173.78 463.17 229.47 1.54 1.62 3.91 -5.70 1.67 21.90 0.16 0.280
car -1 -1 -0.13 705.23 176.94 774.68 210.45 1.46 1.49 2.95 6.00 1.73 33.80 0.05 0.258
car -1 -1 -1.94 717.36 131.75 986.88 298.83 2.48 1.81 4.73 4.10 1.74 13.00 -1.64 0.141
car -1 -1 1.13 74.23 175.11 226.17 251.17 2.48 1.81 4.73 -16.00 2.34 25.10 0.56 0.090
cyclist -1 -1 -1.85 335.98 184.75 375.38 236.66 1.77 0.62 0.88 -6.60 1.88 18.50 -2.19 0.053
