car -1 -1 -1.74 835.40 170.21 1200.47 373.80 1.54 1.62 3.91 3.50 1.67 7.30 -1.30 0.999
car -1 -1 1.53 438.28 161.99 552.67 260.19 1.54 1.62 3.91 -2.30 1.47 14.90 1.38 0.998
car -1 -1 1.57 553.57 172.34 593.11 205.86 1.54 1.62 3.91 -1.70 1.47 34.10 1.52 0.998
car -1 -1 1.41 758.75 181.86 897.37 282.30 1.54 1.62 3.91 3.90 1.87 14.10 1.68 0.997
car -1 -1 1.11 721.08 181.20 809.30 243.39 1.54 1.62 3.91 4.10 1.87 19.70 1.31 0.997
car -1 -1 -0.87 692.28 177.29 744.23 214.61 1.54 1.62 3.91 4.50 1.67 30.10 -0.72 0.966
car -1 -1 -1.37 675.00 174.57 719.35 206.77 1.54 1.62 3.91 4.30 1.67 36.90 -1.25 0.931
car -1 -1 -0.62 710.26 179.16 768.25 226.92 1.46 1.49 2.95 4.00 1.73 24.00 -0.46 0.697
car -1 -1 0.81 492.45 176.78 562.47 234.55 1.54 1.62 3.91 -2.30 1.87 21.50 0.70 0.348
car -1 -1 -1.21 673.22 174.75 699.36 197.86 1.46 1.49 2.95 5.20 1.73 50.80 -1.10 0.068
car -1 -1 1.58 765.22 184.29 875.75 233.31 1.46 1.49 2.95 6.80 1.73 23.40 1.86 0.055
pedestrian -1 -1 1.99 853.11 190.87 900.88 346.44 1.76 0.66 0.49 2.70 1.68 7.60 2.33 0.644
pedestrian -1 -1 2.27 867.45 187.21 897.56 256.92 1.41 0.50 1.32 7.00 1.71 18.80 2.62 0.072
