car -1 -1 1.20 473.19 167.48 533.18 222.66 2.48 1.81 4.73 -4.00 1.74 29.50 1.06 0.971
car -1 -1 -1.52 521.47 166.46 561.87 209.15 2.48 1.81 4.73 -3.40 1.54 42.10 -1.60 0.647
pedestrian -1 -1 -1.88 633.56 164.27 668.70 254.82 1.77 0.62 0.88 1.00 1.48 14.70 -1.81 1.000
pedestrian -1 -1 -0.81 726.34 167.62 750.73 246.08 1.76 0.66 0.49 3.10 1.48 16.60 -0.62 1.000
pedestrian -1 -1 1.60 1108.26 150.19 1181.21 263.64 1.77 0.62 0.88 8.70 1.28 11.80 2.24 0.999
pedestrian -1 -1 -0.91 206.84 166.58 267.48 356.41 1.76 0.66 0.49 -3.50 1.68 6.80 -1.38 0.973
pedestrian -1 -1 -1.55 770.66 167.94 836.81 357.43 1.41 0.50 1.32 1.80 1.30 6.60 -1.29 0.958
pedestrian -1 -1 1.55 912.46 155.08 939.82 245.78 1.76 0.66 0.49 7.10 1.28 15.80 1.97 0.671
pedestrian -1 -1 0.08 241.14 177.57 277.75 254.10 1.75 0.62 1.83 -11.40 1.68 24.20 -0.36 0.448
pedestrian -1 -1 -1.59 189.30 181.82 235.55 277.66 1.41 0.50 1.32 -7.00 1.50 12.60 -2.09 0.367
pedestrian -1 -1 2.96 541.34 173.08 554.14 222.05 1.77 0.62 0.88 -2.20 1.68 29.70 2.88 0.270
pedestrian -1 -1 -1.13 432.43 174.76 451.43 223.60 1.76 0.66 0.49 -6.20 1.68 27.90 -1.35 0.236
pedestrian -1 -1 -0.45 876.52 137.72 935.82 359.08 1.76 0.66 0.49 2.50 1.48 6.00 -0.05 0.198
pedestrian -1 -1 0.20 1150.56 153.78 1214.84 246.27 1.77 0.62 0.88 10.20 1.28 12.50 0.88 0.065
cyclist -1 -1 -0.52 219.38 175.86 304.54 291.98 1.41 0.50 1.32 -4.80 1.50 10.40 -0.95 0.738
