car -1 -1 1.58 518.36 166.26 562.66 208.82 2.48 1.81 4.73 -3.60 1.54 44.70 1.50 0.938
pedestrian -1 -1 -1.24 661.21 155.60 722.58 333.83 1.68 0.41 1.64 0.90 1.54 7.30 -1.11 0.997
pedestrian -1 -1 -1.00 204.13 156.68 268.61 346.43 1.76 0.66 0.49 -3.60 1.48 7.10 -1.46 0.993
pedestrian -1 -1 -1.39 834.29 154.92 867.90 267.67 1.76 0.66 0.49 4.50 1.08 13.20 -1.06 0.984
pedestrian -1 -1 -1.31 715.68 148.04 788.37 338.82 1.68 0.41 1.64 1.50 1.54 7.50 -1.11 0.964
pedestrian -1 -1 -0.25 808.89 160.77 826.01 211.36 1.76 0.66 0.49 7.70 1.08 25.60 0.04 0.943
pedestrian -1 -1 2.50 276.40 156.60 342.07 360.46 1.76 0.66 0.49 -2.50 1.28 6.20 2.12 0.855
pedestrian -1 -1 -1.82 774.04 161.76 799.41 248.36 1.76 0.66 0.49 4.70 1.08 18.20 -1.57 0.777
pedestrian -1 -1 1.75 870.69 166.84 891.81 241.53 1.76 0.66 0.49 5.90 1.28 15.40 2.12 0.632
pedestrian -1 -1 1.57 420.00 168.16 435.29 218.82 1.75 0.62 1.83 -8.40 1.28 34.80 1.34 0.084
pedestrian -1 -1 -1.17 733.15 162.60 758.44 211.35 1.75 0.62 1.83 6.40 0.88 32.20 -0.97 0.069
pedestrian -1 -1 -1.46 450.61 171.63 462.12 213.96 1.76 0.66 0.49 -6.70 1.28 33.40 -1.66 0.057
cyclist -1 -1 -1.90 799.63 152.09 899.24 331.87 1.68 0.41 1.64 2.30 1.34 7.30 -1.59 0.983
cyclist -1 -1 1.98 242.31 160.05 359.98 360.49 1.87 0.84 1.11 -2.50 1.73 6.30 1.60 0.953
cyclist -1 -1 -2.03 761.68 153.08 807.46 279.35 1.87 0.84 1.11 4.30 1.53 17.50 -1.78 0.809
cyclist -1 -1 0.59 406.89 169.06 452.52 231.68 1.75 0.62 1.83 -4.60 1.48 19.40 0.36 0.681
cyclist -1 -1 -1.74 701.19 154.80 857.24 333.98 1.87 0.84 1.11 1.70 1.53 7.10 -1.50 0.563
cyclist -1 -1 1.17 867.48 169.30 900.28 242.90 1.76 0.66 0.49 5.70 1.48 14.80 1.54 0.117
cyclist -1 -1 -0.04 196.27 155.26 291.73 356.42 1.76 0.66 0.49 -2.70 1.28 5.60 -0.49 0.052
cyclist -1 -1 1.00 898.03 166.11 1192.15 364.77 1.75 0.62 1.83 2.80 1.48 4.80 1.52 0.051
