car -1 -1 -1.77 667.13 180.02 732.50 231.50 1.46 1.49 2.95 2.80 1.73 22.40 -1.65 1.000
car -1 -1 0.75 4.11 216.24 355.56 374.00 1.46 1.49 2.95 -3.80 1.73 6.80 0.24 0.999
car -1 -1 1.80 469.57 183.28 512.06 212.97 1.54 1.62 3.91 -7.10 2.27 42.30 1.63 0.997
car -1 -1 1.82 270.40 193.54 381.64 277.55 1.46 1.49 2.95 -6.00 2.13 15.80 1.45 0.995
car -1 -1 -1.42 407.57 183.26 472.07 230.24 1.54 1.62 3.91 -6.10 2.07 26.90 -1.64 0.966
car -1 -1 2.71 844.36 153.08 1108.89 243.38 2.48 1.81 4.73 8.10 1.74 15.80 3.19 0.805
car -1 -1 2.74 694.06 167.95 758.48 193.29 2.48 1.81 4.73 10.10 1.94 63.20 2.90 0.556
car -1 -1 2.21 770.17 163.81 949.31 211.46 1.54 1.62 3.91 7.30 1.27 20.90 2.54 0.419
car -1 -1 -1.01 1013.48 151.24 1106.81 197.45 2.48 1.81 4.73 25.40 1.34 40.90 -0.46 0.329
car -1 -1 -1.16 1038.91 148.37 1164.85 191.54 2.48 1.81 4.73 23.70 1.34 35.00 -0.57 0.090
