car -1 -1 -1.90 348.91 172.41 500.04 225.72 1.54 1.62 3.91 -5.10 1.47 19.70 -2.16 1.000
car -1 -1 -1.54 659.84 175.52 712.48 217.77 1.54 1.62 3.91 2.70 1.67 26.30 -1.44 0.999
car -1 -1 -1.88 705.08 167.92 836.89 283.56 1.54 1.62 3.91 2.70 1.47 12.50 -1.67 0.997
car -1 -1 -1.75 236.07 163.78 405.48 267.40 2.48 1.81 4.73 -6.00 1.94 15.90 -2.11 0.989
car -1 -1 0.30 61.30 175.98 373.76 289.87 1.54 1.62 3.91 -5.30 1.67 10.10 -0.19 0.980
car -1 -1 -2.54 410.06 171.46 518.97 207.69 1.54 1.62 3.91 -5.70 1.47 30.10 -2.73 0.742
car -1 -1 -2.60 292.26 175.61 427.40 235.06 1.46 1.49 2.95 -6.80 1.73 19.80 -2.93 0.224
car -1 -1 -2.02 500.70 174.00 553.18 197.31 1.46 1.49 2.95 -5.00 1.53 43.60 -2.14 0.190
car -1 -1 -1.53 686.15 172.36 785.02 217.50 1.46 1.49 2.95 4.00 1.53 23.80 -1.36 0.187
car -1 -1 -1.77 456.26 170.61 541.42 199.42 1.54 1.62 3.91 -5.50 1.47 36.70 -1.92 0.062
cyclist -1 -1 -0.46 1093.46 162.12 1146.58 211.19 1.87 0.84 1.11 17.70 1.33 25.10 0.15 0.135
