car -1 -1 -1.64 707.91 174.67 825.32 252.58 1.54 1.62 3.91 3.10 1.47 14.90 -1.43 1.000
car -1 -1 1.85 362.73 180.07 452.19 238.47 1.54 1.62 3.91 -5.70 1.67 21.10 1.59 1.000
car -1 -1 1.80 419.44 178.39 482.92 222.88 1.46 1.49 2.95 -5.40 1.73 25.20 1.59 0.999
car -1 -1 -1.86 814.51 175.95 1241.00 368.72 1.54 1.62 3.91 3.90 1.67 7.70 -1.39 0.995
car -1 -1 -0.00 679.58 171.68 771.92 220.67 1.46 1.49 2.95 3.80 1.53 24.40 0.15 0.995
car -1 -1 1.08 678.26 175.43 723.54 212.00 1.46 1.49 2.95 3.60 1.53 30.40 1.19 0.208
car -1 -1 1.77 145.58 185.38 277.91 220.55 1.54 1.62 3.91 -17.10 2.07 31.50 1.27 0.167
car -1 -1 1.79 408.66 179.95 440.75 201.83 1.54 1.62 3.91 -16.10 2.27 63.10 1.54 0.070
car -1 -1 1.16 815.85 157.97 883.03 186.22 1.46 1.49 2.95 12.20 0.73 36.40 1.49 0.065
car -1 -1 -0.80 881.58 177.37 1100.31 302.23 1.46 1.49 2.95 5.20 1.53 10.40 -0.34 0.060
pedestrian -1 -1 -1.79 728.09 153.41 742.52 211.69 1.68 0.41 1.64 5.10 1.34 29.70 -1.62 0.888
pedestrian -1 -1 -0.77 748.65 157.81 761.82 208.50 1.68 0.41 1.64 5.90 1.14 29.70 -0.57 0.337
