car -1 -1 -1.74 689.92 182.75 797.88 258.83 1.54 1.62 3.91 2.70 1.67 15.70 -1.57 1.000
car -1 -1 0.88 151.51 175.14 389.67 258.52 1.54 1.62 3.91 -6.50 1.67 14.10 0.45 0.999
car -1 -1 -1.67 654.10 173.87 715.30 220.64 1.54 1.62 3.91 2.30 1.47 22.90 -1.57 0.999
car -1 -1 -2.53 274.82 167.03 465.84 237.41 1.54 1.62 3.91 -6.30 1.47 19.50 -2.84 0.993
car -1 -1 -2.42 409.13 175.08 499.25 213.75 1.46 1.49 2.95 -6.00 1.53 28.20 -2.63 0.973
car -1 -1 -0.76 636.13 172.46 676.24 203.39 1.54 1.62 3.91 2.10 1.47 34.10 -0.69 0.827
car -1 -1 -1.34 474.20 170.52 545.25 198.49 1.54 1.62 3.91 -6.10 1.47 43.50 -1.48 0.721
car -1 -1 -1.86 21.55 177.34 225.23 309.32 1.46 1.49 2.95 -6.00 1.53 9.60 -2.42 0.616
car -1 -1 0.55 509.63 169.92 558.70 194.99 1.54 1.62 3.91 -4.90 1.47 49.70 0.45 0.089
car -1 -1 1.41 677.56 169.70 709.92 198.10 2.48 1.81 4.73 6.80 1.94 56.90 1.53 0.084
