car -1 -1 -1.73 437.09 180.16 496.09 221.85 1.54 1.62 3.91 -5.50 1.87 28.50 -1.92 1.000
car -1 -1 -1.80 536.97 186.93 682.92 274.31 1.46 1.49 2.95 0.00 1.73 13.00 -1.80 0.999
car -1 -1 0.32 29.57 188.88 119.31 218.23 1.46 1.49 2.95 -27.60 2.33 36.80 -0.33 0.979
car -1 -1 0.65 609.60 166.42 716.43 205.47 1.54 1.62 3.91 2.30 1.47 31.70 0.73 0.929
car -1 -1 -2.09 684.38 146.69 1079.06 366.39 1.54 1.62 3.91 1.90 1.47 6.50 -1.81 0.837
car -1 -1 0.31 11.77 196.33 176.71 306.21 1.46 1.49 2.95 -7.80 1.93 11.60 -0.29 0.788
car -1 -1 1.61 253.64 184.55 303.40 210.87 1.46 1.49 2.95 -21.80 2.53 48.00 1.18 0.781
car -1 -1 -1.77 902.42 132.33 1207.84 365.32 1.54 1.62 3.91 4.30 1.27 6.70 -1.20 0.581
car -1 -1 -1.11 411.12 176.37 439.40 195.94 1.54 1.62 3.91 -17.70 2.07 68.70 -1.36 0.506
car -1 -1 0.85 618.00 171.26 656.29 207.46 1.46 1.49 2.95 1.20 1.53 33.40 0.89 0.358
car -1 -1 -1.42 425.35 180.75 469.40 212.27 1.46 1.49 2.95 -8.60 1.93 37.00 -1.65 0.289
