car -1 -1 -1.71 658.74 173.71 722.50 222.15 1.54 1.62 3.91 2.70 1.67 24.90 -1.61 1.000
car -1 -1 -1.33 303.95 182.61 508.73 312.67 1.54 1.62 3.91 -2.70 1.67 10.30 -1.59 1.000
car -1 -1 -1.71 730.17 181.01 998.13 348.82 1.54 1.62 3.91 2.50 1.67 8.70 -1.43 0.999
car -1 -1 -1.59 538.42 172.83 575.59 202.11 1.54 1.62 3.91 -3.10 1.67 44.10 -1.66 0.994
car -1 -1 -0.94 45.74 182.79 431.61 365.88 1.54 1.62 3.91 -3.70 1.67 7.90 -1.38 0.988
car -1 -1 -1.72 642.39 171.77 688.93 204.88 1.54 1.62 3.91 2.70 1.47 34.50 -1.64 0.979
car -1 -1 0.84 394.28 180.74 498.92 227.89 1.46 1.49 2.95 -5.40 1.73 23.60 0.61 0.760
car -1 -1 0.62 152.33 188.05 393.94 287.16 1.46 1.49 2.95 -5.40 1.73 11.40 0.18 0.261
car -1 -1 -1.85 633.59 171.66 664.22 200.25 2.48 1.81 4.73 2.60 1.94 49.50 -1.80 0.143
car -1 -1 0.72 449.71 179.38 499.96 216.53 1.46 1.49 2.95 -6.20 1.93 33.60 0.53 0.119
car -1 -1 0.06 343.81 178.92 451.03 211.78 1.54 1.62 3.91 -9.10 1.67 30.90 -0.23 0.095
pedestrian -1 -1 -0.74 359.04 163.26 383.90 243.57 1.77 0.62 0.88 -5.40 1.48 16.70 -1.05 0.976
pedestrian -1 -1 -1.45 387.70 165.66 407.24 245.36 1.76 0.66 0.49 -4.90 1.68 16.60 -1.73 0.143
cyclist -1 -1 1.43 454.45 175.10 474.35 214.90 1.68 0.41 1.64 -6.70 1.74 33.50 1.23 0.095
cyclist -1 -1 0.93 442.82 175.17 462.32 217.04 1.68 0.41 1.64 -7.10 1.74 32.50 0.72 0.084
