car -1 -1 1.65 529.01 173.95 602.20 230.31 1.54 1.62 3.91 -0.90 1.47 21.10 1.61 0.995
pedestrian -1 -1 -1.91 669.64 159.20 743.24 321.05 1.75 0.62 1.83 1.20 1.48 8.80 -1.78 1.000
pedestrian -1 -1 -1.68 754.61 164.08 794.51 279.96 1.76 0.66 0.49 2.60 1.48 10.90 -1.44 0.999
pedestrian -1 -1 -2.08 491.22 156.06 533.50 270.04 1.76 0.66 0.49 -1.60 1.48 13.10 -2.20 0.999
pedestrian -1 -1 -1.84 866.43 164.82 934.12 311.67 1.76 0.66 0.49 3.60 1.48 8.70 -1.44 0.998
pedestrian -1 -1 -1.59 792.72 161.80 901.06 345.79 1.77 0.62 0.88 2.50 1.48 7.40 -1.27 0.997
pedestrian -1 -1 0.23 970.61 150.11 1058.21 373.00 1.76 0.66 0.49 2.70 1.48 5.00 0.73 0.985
pedestrian -1 -1 -1.85 1020.61 144.32 1152.68 373.00 1.76 0.66 0.49 3.00 1.48 4.70 -1.28 0.952
pedestrian -1 -1 1.10 557.02 164.30 566.99 199.31 1.75 0.62 1.83 -2.40 0.88 43.60 1.05 0.888
pedestrian -1 -1 -0.76 678.28 167.62 690.09 194.50 1.87 0.84 1.11 6.70 0.73 57.50 -0.65 0.291
pedestrian -1 -1 -1.63 1056.88 149.22 1136.17 256.76 1.75 0.62 1.83 11.80 1.08 17.60 -1.04 0.233
pedestrian -1 -1 -0.84 981.43 167.25 1036.57 237.61 1.41 0.50 1.32 11.00 1.11 19.00 -0.32 0.137
pedestrian -1 -1 -0.84 686.76 167.61 694.95 193.40 1.77 0.62 0.88 7.20 0.68 57.30 -0.72 0.090
pedestrian -1 -1 -1.42 813.96 164.06 854.08 235.91 1.75 0.62 1.83 7.80 1.28 24.20 -1.11 0.071
pedestrian -1 -1 -0.14 767.01 135.65 1059.99 367.61 1.75 0.62 1.83 1.40 1.28 3.60 0.23 0.064
pedestrian -1 -1 -1.24 711.98 155.73 858.89 302.61 1.75 0.62 1.83 2.00 1.48 8.20 -1.00 0.061
cyclist -1 -1 -1.95 482.91 156.55 548.76 276.54 1.87 0.84 1.11 -1.30 1.53 12.90 -2.05 0.200
cyclist -1 -1 0.96 732.44 161.82 756.90 214.05 1.87 0.84 1.11 5.30 1.33 26.10 1.17 0.056
