pedestrian -1 -1 0.46 367.59 178.07 401.17 288.00 1.76 0.66 0.49 -3.70 1.68 12.40 0.17 0.999
pedestrian -1 -1 2.09 433.08 187.93 474.81 295.40 1.41 0.50 1.32 -2.00 1.50 9.80 1.88 0.999
pedestrian -1 -1 -1.06 871.04 162.41 902.79 259.44 1.76 0.66 0.49 5.10 1.48 13.00 -0.69 0.999
pedestrian -1 -1 0.72 492.82 177.71 524.89 258.90 1.76 0.66 0.49 -1.90 1.68 14.80 0.59 0.999
pedestrian -1 -1 -0.46 590.19 171.51 604.62 228.49 1.68 0.41 1.64 -0.10 1.54 21.50 -0.47 0.992
pedestrian -1 -1 -0.71 614.56 175.39 626.09 213.11 1.68 0.41 1.64 0.90 1.54 33.90 -0.69 0.443
pedestrian -1 -1 -0.33 607.58 171.73 615.80 215.59 1.68 0.41 1.64 0.50 1.54 31.50 -0.31 0.196
pedestrian -1 -1 -0.17 600.33 172.39 610.04 219.62 1.41 0.50 1.32 0.20 1.30 30.60 -0.17 0.187
pedestrian -1 -1 -0.14 1062.88 165.86 1125.97 253.99 1.41 0.50 1.32 9.60 1.30 14.00 0.46 0.086
pedestrian -1 -1 1.10 564.38 161.66 583.66 222.92 1.77 0.62 0.88 -1.10 1.08 27.20 1.06 0.078
cyclist -1 -1 0.27 474.79 182.63 534.80 261.87 1.41 0.50 1.32 -2.00 1.71 14.80 0.13 0.889
cyclist -1 -1 0.77 347.73 177.50 414.41 271.91 1.41 0.50 1.32 -5.40 1.50 17.40 0.46 0.229
cyclist -1 -1 2.15 412.44 188.66 494.06 281.40 1.41 0.50 1.32 -3.00 1.50 15.00 1.95 0.194
