car -1 -1 1.86 313.13 191.64 437.73 257.78 1.46 1.49 2.95 -6.00 2.13 18.80 1.55 1.000
car -1 -1 -1.66 698.04 176.54 787.58 241.16 1.54 1.62 3.91 3.10 1.67 18.10 -1.49 1.000
car -1 -1 -1.58 727.02 178.17 896.42 274.79 1.54 1.62 3.91 3.30 1.47 12.10 -1.31 0.999
car -1 -1 -0.69 669.93 176.25 724.60 219.43 1.54 1.62 3.91 3.30 1.87 28.10 -0.57 0.999
car -1 -1 1.97 63.93 200.73 324.93 327.36 1.46 1.49 2.95 -5.80 1.93 10.00 1.44 0.999
car -1 -1 1.68 461.37 186.20 516.02 217.94 1.46 1.49 2.95 -6.20 2.13 36.80 1.51 0.998
car -1 -1 1.92 398.42 187.23 473.17 235.68 1.46 1.49 2.95 -6.00 1.93 24.80 1.68 0.994
car -1 -1 2.20 1021.00 143.78 1241.00 246.82 1.54 1.62 3.91 8.90 1.07 12.70 2.81 0.993
car -1 -1 1.76 510.07 180.12 541.58 200.72 1.54 1.62 3.91 -6.10 2.07 51.90 1.64 0.970
car -1 -1 -1.12 645.36 178.05 693.64 204.18 1.46 1.49 2.95 3.60 1.93 44.20 -1.03 0.872
car -1 -1 2.55 907.23 154.60 1112.73 225.85 1.54 1.62 3.91 8.70 1.07 16.30 3.04 0.051
