car -1 -1 1.86 197.29 200.83 364.90 291.63 1.54 1.62 3.91 -6.10 2.07 14.10 1.45 0.999
car -1 -1 1.98 316.16 195.21 425.79 257.25 1.54 1.62 3.91 -6.30 2.07 19.30 1.67 0.999
car -1 -1 1.72 445.69 184.48 505.84 221.53 1.54 1.62 3.91 -5.50 2.07 30.90 1.54 0.997
car -1 -1 1.86 391.86 188.75 467.57 236.94 1.46 1.49 2.95 -6.20 2.13 25.00 1.61 0.992
car -1 -1 3.10 834.74 144.86 1010.75 208.52 2.48 1.81 4.73 10.90 1.34 24.40 3.52 0.977
car -1 -1 -1.16 665.25 174.89 734.99 213.62 1.46 1.49 2.95 3.60 1.53 29.20 -1.04 0.938
car -1 -1 -0.93 1139.72 136.68 1241.00 177.14 1.54 1.62 3.91 27.50 0.07 33.70 -0.24 0.629
car -1 -1 2.00 0.00 201.71 251.42 372.20 1.46 1.49 2.95 -5.40 2.13 9.00 1.45 0.513
car -1 -1 2.00 478.60 183.86 518.37 213.05 1.46 1.49 2.95 -6.00 2.13 39.20 1.85 0.448
car -1 -1 -1.46 642.41 177.19 675.55 204.87 1.46 1.49 2.95 2.60 1.73 38.20 -1.39 0.180
car -1 -1 2.49 757.97 157.74 913.82 202.96 1.54 1.62 3.91 7.30 1.07 24.50 2.78 0.150
