car -1 -1 -1.79 679.78 175.90 785.44 258.11 1.54 1.62 3.91 2.50 1.67 15.10 -1.62 1.000
car -1 -1 -2.34 220.05 186.32 419.22 265.88 1.54 1.62 3.91 -6.50 1.87 16.10 -2.73 0.998
car -1 -1 -1.47 647.64 178.39 693.66 219.36 1.46 1.49 2.95 2.20 1.73 28.00 -1.39 0.997
car -1 -1 -1.71 662.02 185.24 721.58 232.91 1.46 1.49 2.95 2.40 1.93 21.60 -1.60 0.994
car -1 -1 -1.82 806.73 208.66 1239.50 374.00 1.46 1.49 2.95 2.40 1.73 4.40 -1.32 0.991
car -1 -1 -2.11 463.40 178.69 542.41 206.60 1.54 1.62 3.91 -5.70 1.87 38.90 -2.26 0.972
car -1 -1 -0.66 635.91 179.94 665.33 204.67 1.54 1.62 3.91 2.50 1.87 45.50 -0.60 0.940
car -1 -1 -2.62 53.58 175.40 369.37 292.34 1.54 1.62 3.91 -5.50 1.67 10.10 -3.11 0.886
car -1 -1 -2.17 336.69 182.38 440.09 244.96 1.46 1.49 2.95 -5.60 1.73 18.60 -2.46 0.810
car -1 -1 -1.44 426.95 176.66 520.62 214.50 1.54 1.62 3.91 -5.10 1.67 27.50 -1.62 0.591
car -1 -1 -1.73 376.62 181.80 489.17 226.20 1.54 1.62 3.91 -6.10 1.87 25.70 -1.96 0.123
