car -1 -1 -0.41 544.01 173.13 588.50 198.56 1.46 1.49 2.95 -2.20 1.13 50.20 -0.46 0.352
pedestrian -1 -1 -0.59 664.81 158.58 697.53 273.28 1.76 0.66 0.49 1.30 1.48 12.00 -0.48 0.988
pedestrian -1 -1 -1.01 715.96 167.92 747.46 272.17 1.76 0.66 0.49 2.20 1.48 12.10 -0.83 0.986
pedestrian -1 -1 -2.08 388.08 172.49 418.75 276.80 1.76 0.66 0.49 -3.30 1.48 11.60 -2.36 0.967
pedestrian -1 -1 -1.05 742.48 164.15 755.01 222.03 1.76 0.66 0.49 5.10 1.28 25.00 -0.84 0.142
pedestrian -1 -1 -0.92 16.89 185.22 47.53 258.52 1.76 0.66 0.49 -15.90 1.68 20.20 -1.58 0.060
cyclist -1 -1 1.49 529.49 163.35 566.79 241.59 1.77 0.62 0.88 -1.30 1.48 17.60 1.42 0.999
cyclist -1 -1 1.06 584.68 168.72 611.31 226.44 1.87 0.84 1.11 -0.10 1.53 24.30 1.05 0.999
cyclist -1 -1 0.97 0.00 170.09 120.94 356.77 1.76 0.66 0.49 -4.90 1.68 6.60 0.33 0.899
cyclist -1 -1 -1.05 2.83 188.90 64.95 256.18 1.41 0.50 1.32 -14.60 1.50 18.40 -1.72 0.508
cyclist -1 -1 -1.24 696.53 168.41 771.97 259.00 1.68 0.41 1.64 2.30 1.54 12.10 -1.06 0.387
cyclist -1 -1 -0.67 657.06 171.52 710.43 242.18 1.41 0.50 1.32 2.20 1.30 17.80 -0.55 0.086
