car -1 -1 -1.45 420.31 180.52 499.41 229.96 1.54 1.62 3.91 -4.50 1.47 22.70 -1.64 1.000
car -1 -1 -1.15 50.73 185.42 274.84 276.08 1.46 1.49 2.95 -7.60 1.53 12.40 -1.70 0.999
car -1 -1 -1.15 204.90 180.69 433.54 325.01 1.54 1.62 3.91 -3.70 1.47 9.30 -1.53 0.999
car -1 -1 -1.72 677.42 183.89 761.18 244.39 1.54 1.62 3.91 2.90 1.47 18.70 -1.57 0.999
car -1 -1 -1.42 493.26 181.20 530.26 209.25 1.46 1.49 2.95 -5.20 1.33 38.80 -1.55 0.999
car -1 -1 -1.62 584.07 175.55 613.53 204.46 1.54 1.62 3.91 -0.30 1.27 42.30 -1.62 0.902
car -1 -1 -1.18 518.90 179.20 550.82 202.49 1.46 1.49 2.95 -4.80 1.13 48.20 -1.28 0.750
car -1 -1 -1.63 628.08 180.32 657.54 203.08 1.54 1.62 3.91 2.30 1.07 45.50 -1.58 0.709
car -1 -1 -0.11 226.48 183.12 327.30 222.02 1.54 1.62 3.91 -12.30 1.27 26.70 -0.54 0.236
car -1 -1 -0.96 375.93 172.56 436.97 210.74 1.54 1.62 3.91 -9.10 1.07 32.50 -1.23 0.170
pedestrian -1 -1 -0.45 419.68 165.78 430.55 217.88 1.76 0.66 0.49 -8.70 1.28 34.40 -0.70 0.157
cyclist -1 -1 0.12 323.27 183.08 364.71 223.94 1.41 0.50 1.32 -11.60 1.30 31.60 -0.23 0.053
cyclist -1 -1 0.79 357.94 185.56 380.31 217.47 1.41 0.50 1.32 -11.20 1.30 33.60 0.47 0.051
