car -1 -1 1.06 744.77 180.10 840.75 239.35 1.54 1.62 3.91 4.50 1.67 19.10 1.30 0.998
car -1 -1 -2.07 283.24 194.03 401.85 264.29 1.46 1.49 2.95 -5.80 1.93 16.20 -2.41 0.996
car -1 -1 -1.68 127.79 190.95 200.64 225.73 1.46 1.49 2.95 -20.20 2.33 32.80 -2.24 0.991
car -1 -1 -1.79 411.09 174.57 675.23 305.34 2.48 1.81 4.73 -1.30 2.14 13.60 -1.89 0.985
car -1 -1 1.53 667.33 180.07 728.05 228.25 1.54 1.62 3.91 2.50 1.67 22.10 1.64 0.980
car -1 -1 -2.01 568.69 179.38 669.93 292.66 1.46 1.49 2.95 0.20 1.73 12.00 -1.99 0.855
car -1 -1 2.19 339.46 181.00 442.46 215.53 1.54 1.62 3.91 -10.90 2.07 36.30 1.90 0.777
car -1 -1 0.52 309.30 185.38 373.29 218.87 1.54 1.62 3.91 -13.10 2.27 35.70 0.16 0.666
car -1 -1 -0.09 811.18 172.95 980.12 218.40 1.54 1.62 3.91 8.70 1.47 23.10 0.27 0.375
car -1 -1 -1.59 435.09 177.22 599.68 249.58 1.54 1.62 3.91 -2.30 1.87 18.90 -1.71 0.226
car -1 -1 -1.72 156.64 193.33 225.26 231.47 1.46 1.49 2.95 -18.00 2.53 32.00 -2.23 0.122
cyclist -1 -1 -1.30 748.36 177.49 777.28 236.50 1.77 0.62 0.88 4.60 1.88 21.70 -1.10 0.960
