car -1 -1 -1.90 800.03 173.97 1182.00 369.85 1.54 1.62 3.91 2.70 1.47 6.50 -1.51 0.997
car -1 -1 -1.55 563.45 173.74 601.49 206.45 1.46 1.49 2.95 -1.40 1.53 34.60 -1.59 0.997
car -1 -1 -1.51 404.07 182.01 448.82 217.56 1.46 1.49 2.95 -8.20 1.93 32.80 -1.75 0.996
car -1 -1 -1.74 590.88 173.82 650.94 219.63 1.54 1.62 3.91 0.30 1.67 25.30 -1.72 0.996
car -1 -1 1.78 238.01 188.73 375.76 276.37 1.46 1.49 2.95 -6.40 1.93 15.60 1.39 0.992
car -1 -1 -1.38 418.18 175.03 460.77 205.59 1.54 1.62 3.91 -9.70 1.87 42.10 -1.61 0.985
car -1 -1 -0.98 55.36 200.45 296.51 356.19 1.54 1.62 3.91 -4.90 1.87 9.50 -1.45 0.983
car -1 -1 -1.07 660.17 184.15 805.59 262.69 1.46 1.49 2.95 2.40 1.73 14.00 -0.90 0.495
car -1 -1 -0.90 547.64 171.22 580.64 196.32 1.54 1.62 3.91 -3.10 1.47 45.90 -0.97 0.365
pedestrian -1 -1 2.00 312.64 171.67 377.44 307.80 1.41 0.50 1.32 -4.40 1.50 11.60 1.64 0.592
cyclist -1 -1 1.64 293.30 170.06 387.56 324.11 1.75 0.62 1.83 -3.20 1.68 9.00 1.29 0.994
cyclist -1 -1 2.00 140.82 174.69 270.41 374.00 1.41 0.50 1.32 -3.60 1.71 6.60 1.50 0.991
