car -1 -1 0.64 564.65 166.75 599.27 196.97 2.48 1.81 4.73 -1.20 1.14 51.30 0.61 0.552
pedestrian -1 -1 -0.63 676.59 167.45 705.14 268.39 1.76 0.66 0.49 1.50 1.48 12.80 -0.51 1.000
pedestrian -1 -1 -2.08 406.07 175.51 445.99 268.44 1.41 0.50 1.32 -3.20 1.50 13.00 -2.33 0.999
pedestrian -1 -1 -0.80 724.21 168.09 750.76 267.80 1.76 0.66 0.49 2.30 1.48 12.80 -0.62 0.998
pedestrian -1 -1 -1.70 411.11 172.06 437.28 217.16 1.41 0.50 1.32 -7.20 1.11 30.00 -1.93 0.110
pedestrian -1 -1 2.25 309.66 166.63 329.80 255.14 1.76 0.66 0.49 -7.50 1.48 19.00 1.88 0.095
pedestrian -1 -1 -0.71 753.57 160.79 771.23 219.59 1.77 0.62 0.88 5.90 1.08 26.60 -0.49 0.091
pedestrian -1 -1 0.60 171.74 169.44 211.46 213.75 1.75 0.62 1.83 -20.20 1.48 35.60 0.08 0.078
cyclist -1 -1 0.03 606.80 166.99 629.63 219.51 1.87 0.84 1.11 0.70 1.53 27.90 0.05 0.999
cyclist -1 -1 2.05 558.18 162.87 585.06 233.12 1.77 0.62 0.88 -0.80 1.28 20.10 2.01 0.998
cyclist -1 -1 0.47 508.51 170.17 533.91 212.30 1.75 0.62 1.83 -4.00 1.28 36.40 0.36 0.919
cyclist -1 -1 -0.47 736.49 159.33 788.73 229.84 1.87 0.84 1.11 3.90 1.33 17.10 -0.25 0.877
cyclist -1 -1 0.28 938.59 232.17 1070.01 369.72 1.41 0.50 1.32 2.20 1.71 4.20 0.76 0.405
cyclist -1 -1 -0.21 713.74 169.38 764.72 252.38 1.75 0.62 1.83 2.60 1.48 13.40 -0.01 0.050
