car -1 -1 -2.89 109.40 183.14 405.15 272.31 1.54 1.62 3.91 -6.30 1.67 13.10 -3.34 0.999
car -1 -1 2.04 857.48 188.57 1215.34 301.90 1.54 1.62 3.91 6.10 1.87 10.50 2.56 0.998
car -1 -1 -0.28 707.04 185.25 795.78 221.55 1.54 1.62 3.91 6.30 2.07 32.50 -0.09 0.997
car -1 -1 -0.03 779.64 188.60 957.83 248.46 1.54 1.62 3.91 6.50 2.07 19.50 0.30 0.993
car -1 -1 -1.69 458.61 178.55 543.30 212.67 1.54 1.62 3.91 -5.30 1.87 33.50 -1.85 0.991
car -1 -1 -2.87 382.77 179.28 506.23 225.68 1.54 1.62 3.91 -5.50 1.87 24.90 -3.09 0.988
car -1 -1 -2.74 266.96 183.84 464.79 252.87 1.54 1.62 3.91 -5.50 1.67 15.90 -3.07 0.982
car -1 -1 -1.70 639.29 182.78 670.32 207.24 1.54 1.62 3.91 2.90 2.07 46.30 -1.64 0.937
car -1 -1 -0.34 763.10 184.68 878.38 235.60 1.46 1.49 2.95 6.80 1.93 23.00 -0.05 0.910
car -1 -1 -0.31 1077.70 195.97 1234.04 365.41 1.46 1.49 2.95 6.20 1.53 6.80 0.43 0.138
