car -1 -1 1.52 534.50 175.80 573.01 205.19 1.54 1.62 3.91 -2.70 1.27 39.90 1.45 0.995
pedestrian -1 -1 -0.32 672.93 169.54 702.97 256.31 1.68 0.41 1.64 1.70 1.54 14.90 -0.21 1.000
pedestrian -1 -1 0.79 629.58 166.77 655.02 259.83 1.77 0.62 0.88 0.80 1.48 14.50 0.84 0.999
pedestrian -1 -1 1.43 439.57 171.16 463.20 233.80 1.68 0.41 1.64 -4.30 1.34 20.70 1.23 0.999
pedestrian -1 -1 -1.74 608.67 166.81 627.74 230.82 1.76 0.66 0.49 0.50 1.28 21.60 -1.71 0.999
pedestrian -1 -1 -0.91 656.07 174.30 679.43 249.98 1.76 0.66 0.49 1.50 1.48 16.20 -0.82 0.994
pedestrian -1 -1 -1.15 747.13 161.32 766.77 227.22 1.76 0.66 0.49 4.70 1.08 22.20 -0.94 0.982
pedestrian -1 -1 -1.64 215.41 174.32 246.13 251.03 1.77 0.62 0.88 -10.20 1.48 19.90 -2.12 0.974
pedestrian -1 -1 0.56 699.36 171.83 717.97 243.80 1.76 0.66 0.49 2.50 1.48 16.80 0.71 0.968
pedestrian -1 -1 1.23 422.63 172.06 437.70 231.14 1.76 0.66 0.49 -5.10 1.48 21.60 0.99 0.943
pedestrian -1 -1 -0.11 158.31 199.59 290.96 373.00 1.41 0.50 1.32 -2.80 1.50 5.40 -0.59 0.942
pedestrian -1 -1 1.06 0.00 151.89 219.91 373.00 1.87 0.84 1.11 -3.10 1.53 4.90 0.49 0.859
pedestrian -1 -1 -1.94 710.32 165.72 726.79 242.44 1.76 0.66 0.49 3.10 1.28 19.00 -1.78 0.735
pedestrian -1 -1 1.64 729.77 167.01 744.10 223.55 1.76 0.66 0.49 4.10 1.28 21.40 1.83 0.731
pedestrian -1 -1 -0.06 718.79 166.15 737.26 233.28 1.76 0.66 0.49 3.30 1.48 18.80 0.11 0.052
cyclist -1 -1 0.66 860.76 175.88 1139.40 358.30 1.75 0.62 1.83 2.20 1.68 4.20 1.15 0.682
