car -1 -1 2.00 27.70 209.17 293.88 344.57 1.46 1.49 2.95 -5.80 1.93 9.60 1.46 1.000
car -1 -1 1.75 422.87 191.30 493.36 228.75 1.46 1.49 2.95 -6.60 2.33 30.80 1.54 0.999
car -1 -1 1.83 239.93 199.93 384.59 279.27 1.54 1.62 3.91 -6.10 2.07 15.50 1.45 0.998
car -1 -1 1.83 353.96 189.91 444.75 246.44 1.54 1.62 3.91 -6.30 2.07 22.50 1.56 0.996
car -1 -1 -1.45 665.77 173.00 718.14 218.00 1.46 1.49 2.95 3.00 1.53 26.40 -1.33 0.994
car -1 -1 2.95 872.76 137.89 1104.00 215.87 2.48 1.81 4.73 10.90 1.34 20.00 3.44 0.848
car -1 -1 -1.43 647.70 178.28 685.66 206.61 1.54 1.62 3.91 2.90 1.87 38.70 -1.35 0.715
car -1 -1 1.99 465.15 186.32 510.87 219.95 1.46 1.49 2.95 -5.60 2.13 33.60 1.82 0.663
car -1 -1 1.91 493.91 183.89 529.83 210.91 1.54 1.62 3.91 -5.70 2.27 41.50 1.78 0.510
car -1 -1 -1.20 635.19 175.29 670.93 202.34 1.54 1.62 3.91 2.30 1.67 40.10 -1.15 0.119
car -1 -1 -1.24 681.91 177.09 750.02 221.02 1.54 1.62 3.91 3.30 1.47 21.90 -1.09 0.095
car -1 -1 2.23 787.95 151.74 872.27 210.74 2.48 1.81 4.73 8.40 1.54 27.90 2.52 0.089
car -1 -1 2.95 793.65 146.72 991.48 213.24 2.48 1.81 4.73 8.50 1.54 22.40 3.31 0.072
pedestrian -1 -1 -0.73 668.36 165.60 677.35 204.43 1.75 0.62 1.83 3.20 1.48 37.00 -0.65 0.056
