car -1 -1 -2.17 474.01 161.96 534.10 189.76 1.46 1.49 2.95 -6.20 0.93 42.60 -2.32 0.982
car -1 -1 -1.98 422.11 161.53 477.15 193.54 1.46 1.49 2.95 -8.60 1.13 39.80 -2.19 0.977
car -1 -1 0.58 379.74 151.65 434.66 195.95 2.48 1.81 4.73 -11.20 1.14 39.90 0.31 0.462
car -1 -1 -0.30 672.53 158.37 707.59 184.55 2.48 1.81 4.73 6.20 1.34 55.50 -0.19 0.192
car -1 -1 -1.66 621.94 154.29 694.48 185.79 2.48 1.81 4.73 3.50 1.14 50.80 -1.60 0.075
car -1 -1 -1.40 686.22 152.99 758.46 184.68 2.48 1.81 4.73 9.10 0.94 58.20 -1.25 0.071
pedestrian -1 -1 -1.04 419.86 158.92 433.06 199.43 1.76 0.66 0.49 -9.50 1.08 37.60 -1.28 0.998
pedestrian -1 -1 1.11 623.63 163.87 631.78 190.87 1.41 0.50 1.32 1.20 1.11 47.80 1.13 0.431
pedestrian -1 -1 0.60 650.36 164.68 659.86 189.43 1.41 0.50 1.32 3.00 1.11 47.40 0.66 0.209
pedestrian -1 -1 0.55 630.64 163.92 638.15 189.23 1.75 0.62 1.83 1.60 1.28 49.00 0.58 0.172
pedestrian -1 -1 -0.15 639.62 164.41 647.37 188.32 1.75 0.62 1.83 2.40 1.28 51.20 -0.10 0.153
pedestrian -1 -1 -0.03 644.82 164.50 652.28 189.31 1.41 0.50 1.32 2.60 1.11 47.40 0.02 0.116
pedestrian -1 -1 1.00 658.34 164.67 666.60 189.13 1.41 0.50 1.32 3.60 1.11 48.60 1.07 0.099
pedestrian -1 -1 0.02 625.02 159.04 649.94 189.06 1.75 0.62 1.83 2.00 1.08 48.20 0.06 0.088
cyclist -1 -1 -0.15 417.70 158.55 436.86 198.20 1.41 0.50 1.32 -10.20 0.90 40.20 -0.40 0.055
