car -1 -1 0.16 599.07 172.73 630.50 205.04 2.48 1.81 4.73 1.00 1.74 52.70 0.18 0.995
car -1 -1 1.52 533.06 174.38 583.83 219.74 2.48 1.81 4.73 -1.80 1.94 33.30 1.46 0.489
pedestrian -1 -1 2.88 1175.26 154.82 1210.68 243.98 1.76 0.66 0.49 13.10 1.08 16.00 3.57 0.997
pedestrian -1 -1 3.07 900.05 164.73 928.22 251.84 1.76 0.66 0.49 8.00 1.28 18.50 3.47 0.996
pedestrian -1 -1 -1.56 491.09 180.27 505.90 230.09 1.75 0.62 1.83 -4.40 1.88 30.60 -1.70 0.992
pedestrian -1 -1 -1.15 819.51 158.74 917.34 373.00 1.68 0.41 1.64 2.10 1.54 6.10 -0.82 0.986
pedestrian -1 -1 -1.46 762.35 163.91 819.41 368.98 1.76 0.66 0.49 1.50 1.48 6.00 -1.22 0.957
pedestrian -1 -1 -1.79 209.96 175.45 265.34 371.10 1.76 0.66 0.49 -3.30 1.68 6.60 -2.26 0.955
pedestrian -1 -1 -1.77 1044.99 164.16 1101.94 344.06 1.76 0.66 0.49 4.90 1.48 7.40 -1.19 0.816
pedestrian -1 -1 -1.43 838.50 167.31 877.92 244.84 1.75 0.62 1.83 8.20 1.48 23.20 -1.09 0.707
pedestrian -1 -1 0.39 1143.26 157.89 1169.91 231.74 1.76 0.66 0.49 13.40 1.28 17.30 1.04 0.672
pedestrian -1 -1 -1.25 777.11 171.28 801.34 225.97 1.68 0.41 1.64 6.90 1.34 26.10 -0.99 0.491
pedestrian -1 -1 1.67 723.76 181.88 735.47 218.61 1.41 0.50 1.32 5.80 1.50 32.40 1.85 0.168
pedestrian -1 -1 -0.65 1050.77 160.63 1093.99 232.23 1.76 0.66 0.49 12.50 1.08 19.20 -0.08 0.071
cyclist -1 -1 -1.77 364.14 171.94 420.08 263.78 1.77 0.62 0.88 -4.10 1.68 14.00 -2.05 0.932
cyclist -1 -1 0.92 960.97 154.07 1126.25 363.39 1.41 0.50 1.32 2.60 1.50 4.60 1.44 0.738
cyclist -1 -1 2.55 889.05 162.94 937.50 256.32 1.75 0.62 1.83 8.00 1.48 18.60 2.96 0.053
