car -1 -1 -1.28 657.26 178.72 776.44 259.46 1.54 1.62 3.91 2.10 1.67 14.90 -1.14 0.999
car -1 -1 1.86 434.32 172.71 670.58 341.49 1.54 1.62 3.91 -0.50 1.47 7.90 1.79 0.998
car -1 -1 -1.78 997.59 206.23 1241.00 374.00 1.46 1.49 2.95 5.80 1.73 8.00 -1.15 0.993
car -1 -1 0.97 798.67 174.08 851.81 211.27 1.54 1.62 3.91 10.30 1.87 34.30 1.26 0.969
car -1 -1 0.04 924.48 178.06 956.77 197.18 1.46 1.49 2.95 30.60 2.33 66.60 0.47 0.607
car -1 -1 0.30 693.89 165.98 751.59 204.26 1.54 1.62 3.91 4.70 1.27 30.10 0.46 0.452
car -1 -1 -0.85 824.45 172.89 864.55 203.14 1.46 1.49 2.95 14.00 1.73 42.60 -0.53 0.411
car -1 -1 -1.02 947.27 180.70 1038.31 243.89 1.46 1.49 2.95 10.40 1.93 19.60 -0.54 0.348
car -1 -1 -1.34 19.84 201.35 541.73 374.00 1.46 1.49 2.95 -2.00 1.73 5.00 -1.72 0.203
pedestrian -1 -1 0.88 1087.65 173.05 1116.60 263.50 1.76 0.66 0.49 12.30 1.88 18.00 1.48 0.889
