car -1 -1 -1.73 667.45 182.46 745.93 244.65 1.54 1.62 3.91 2.50 1.87 19.90 -1.60 1.000
car -1 -1 0.83 158.74 181.41 402.52 274.05 1.54 1.62 3.91 -5.70 1.67 12.90 0.42 0.998
car -1 -1 -1.78 461.18 176.68 541.64 208.91 1.54 1.62 3.91 -5.30 1.67 34.90 -1.93 0.996
car -1 -1 -0.52 722.36 180.18 847.42 224.52 1.54 1.62 3.91 5.90 1.87 24.70 -0.29 0.872
car -1 -1 0.01 322.32 177.38 425.73 238.66 1.46 1.49 2.95 -6.60 1.73 20.20 -0.31 0.772
car -1 -1 -1.89 397.00 175.86 516.37 219.14 1.54 1.62 3.91 -5.10 1.67 24.50 -2.10 0.770
car -1 -1 -0.40 822.13 90.68 1241.00 358.43 2.48 1.81 4.73 4.40 1.94 8.10 0.10 0.638
car -1 -1 0.75 666.46 180.60 713.49 198.95 1.54 1.62 3.91 7.30 2.27 64.70 0.86 0.115
car -1 -1 -1.05 693.05 177.36 727.25 204.17 1.54 1.62 3.91 6.50 1.87 47.30 -0.92 0.050
pedestrian -1 -1 -1.43 844.38 171.65 888.31 286.21 1.41 0.50 1.32 3.80 1.50 10.80 -1.09 0.185
