car -1 -1 2.09 557.80 187.46 637.17 222.51 1.54 1.62 3.91 -0.50 2.27 35.10 2.07 0.999
car -1 -1 -1.55 623.87 192.23 707.55 254.94 1.54 1.62 3.91 1.30 2.07 18.50 -1.48 0.998
car -1 -1 -0.85 828.87 181.59 887.68 211.97 1.54 1.62 3.91 12.70 2.07 37.10 -0.52 0.991
car -1 -1 -1.04 754.49 181.98 849.94 214.55 1.54 1.62 3.91 9.30 2.07 35.10 -0.78 0.907
car -1 -1 0.33 856.46 176.42 938.65 209.91 1.54 1.62 3.91 14.10 1.87 35.50 0.71 0.866
car -1 -1 -0.70 967.40 178.18 1021.52 202.99 1.46 1.49 2.95 24.40 1.93 45.80 -0.21 0.819
car -1 -1 0.71 670.12 183.48 783.24 220.55 1.54 1.62 3.91 5.10 2.07 33.10 0.87 0.677
car -1 -1 0.99 878.99 202.34 1228.43 374.00 1.46 1.49 2.95 2.60 1.73 4.60 1.51 0.281
car -1 -1 2.03 685.29 183.74 726.36 216.65 1.46 1.49 2.95 4.80 2.13 37.00 2.16 0.110
pedestrian -1 -1 -0.99 551.86 173.97 561.73 213.26 1.76 0.66 0.49 -2.70 2.08 36.20 -1.07 0.154
