car -1 -1 -1.75 697.53 180.32 862.11 293.36 1.54 1.62 3.91 2.50 1.67 11.30 -1.53 1.000
car -1 -1 -0.71 260.15 202.62 380.31 282.42 1.46 1.49 2.95 -5.60 1.93 14.00 -1.09 0.999
car -1 -1 -1.72 548.26 185.26 579.82 211.80 1.46 1.49 2.95 -2.60 2.13 40.40 -1.78 0.990
car -1 -1 -1.44 413.31 188.46 458.06 221.32 1.46 1.49 2.95 -8.20 2.33 33.60 -1.68 0.979
car -1 -1 -1.61 570.08 181.53 621.95 221.27 1.54 1.62 3.91 -0.50 2.07 30.70 -1.62 0.954
car -1 -1 1.37 323.27 191.80 412.53 248.48 1.54 1.62 3.91 -7.10 2.07 21.10 1.04 0.826
car -1 -1 -0.80 634.21 186.24 757.28 243.42 1.46 1.49 2.95 2.00 1.73 17.60 -0.69 0.079
car -1 -1 1.54 966.58 202.54 1232.03 368.80 1.46 1.49 2.95 3.60 1.53 3.60 2.32 0.063
pedestrian -1 -1 1.75 376.73 183.24 409.17 277.32 1.76 0.66 0.49 -4.20 1.88 13.70 1.46 0.732
cyclist -1 -1 1.67 419.10 184.03 460.13 265.26 1.68 0.41 1.64 -3.70 1.94 15.50 1.44 1.000
cyclist -1 -1 1.91 357.22 186.36 427.98 279.72 1.75 0.62 1.83 -4.20 1.88 14.60 1.63 0.986
