car -1 -1 -0.66 760.86 195.73 903.64 295.45 1.46 1.49 2.95 3.60 1.93 12.20 -0.37 1.000
car -1 -1 1.79 528.10 179.17 579.34 217.91 1.54 1.62 3.91 -2.30 1.87 30.50 1.71 0.999
car -1 -1 -1.70 682.44 184.40 731.59 221.82 1.54 1.62 3.91 4.10 2.07 30.30 -1.56 0.998
car -1 -1 -1.65 702.77 187.44 763.41 235.01 1.46 1.49 2.95 4.00 1.93 22.80 -1.48 0.996
car -1 -1 -1.50 731.96 190.94 816.74 259.52 1.54 1.62 3.91 4.10 2.07 19.70 -1.29 0.993
car -1 -1 0.96 840.04 202.27 1212.09 374.00 1.54 1.62 3.91 5.10 2.07 8.30 1.51 0.991
car -1 -1 1.32 283.32 153.98 499.90 335.70 1.54 1.62 3.91 -2.50 1.67 9.30 1.06 0.990
car -1 -1 -1.51 668.13 184.11 706.52 214.01 1.46 1.49 2.95 3.80 1.93 35.00 -1.40 0.941
car -1 -1 1.44 439.68 179.87 531.74 265.65 1.46 1.49 2.95 -2.60 1.73 15.40 1.27 0.113
car -1 -1 1.30 558.22 180.76 587.55 205.96 1.54 1.62 3.91 -2.10 2.07 43.90 1.25 0.072
car -1 -1 -0.30 753.05 189.61 810.52 227.54 1.54 1.62 3.91 7.10 2.07 29.90 -0.07 0.067
