car -1 -1 -1.75 663.66 164.68 723.44 215.27 1.46 1.49 2.95 2.60 1.13 20.60 -1.62 0.994
pedestrian -1 -1 -1.92 845.22 152.65 878.07 239.29 1.76 0.66 0.49 5.50 1.28 15.20 -1.57 1.000
pedestrian -1 -1 -0.62 257.49 170.59 331.47 324.13 1.76 0.66 0.49 -3.60 1.68 8.30 -1.03 1.000
pedestrian -1 -1 -0.61 485.37 164.45 503.91 209.60 1.87 0.84 1.11 -4.90 1.33 33.90 -0.75 0.986
pedestrian -1 -1 3.17 780.29 153.25 822.14 274.87 1.77 0.62 0.88 3.20 1.28 12.10 3.43 0.975
pedestrian -1 -1 -2.18 548.35 175.24 557.31 208.94 1.41 0.50 1.32 -2.20 1.11 33.00 -2.25 0.279
pedestrian -1 -1 -1.90 537.46 173.25 550.11 210.38 1.75 0.62 1.83 -2.60 1.28 32.20 -1.98 0.127
pedestrian -1 -1 -0.51 79.59 142.57 129.99 276.71 1.76 0.66 0.49 -6.10 1.28 8.80 -1.12 0.066
cyclist -1 -1 3.04 763.09 153.86 832.44 279.85 1.41 0.50 1.32 2.60 1.30 9.60 3.30 0.777
cyclist -1 -1 -0.46 482.21 163.80 508.10 209.69 1.87 0.84 1.11 -4.90 1.13 32.30 -0.61 0.387
