car -1 -1 -2.69 122.24 182.36 376.47 274.63 1.54 1.62 3.91 -6.70 1.67 12.90 -3.17 1.000
car -1 -1 -1.79 679.73 184.19 748.81 232.96 1.46 1.49 2.95 3.00 1.93 21.60 -1.66 0.999
car -1 -1 -0.13 767.77 178.66 1018.24 340.91 1.54 1.62 3.91 3.10 1.67 8.90 0.21 0.999
car -1 -1 -1.05 375.76 175.20 487.12 230.40 1.54 1.62 3.91 -5.70 1.67 23.10 -1.30 0.987
car -1 -1 -2.59 255.81 179.76 444.85 252.08 1.54 1.62 3.91 -6.10 1.67 16.90 -2.94 0.984
car -1 -1 -0.06 423.05 175.56 529.99 211.81 1.54 1.62 3.91 -5.30 1.67 30.10 -0.24 0.971
car -1 -1 -0.85 697.63 177.19 798.94 215.27 1.54 1.62 3.91 5.70 1.67 29.70 -0.67 0.938
car -1 -1 1.19 498.98 176.14 556.63 200.24 1.54 1.62 3.91 -5.50 1.87 50.50 1.08 0.910
car -1 -1 0.54 639.31 163.26 671.13 198.89 2.48 1.81 4.73 3.60 1.94 54.30 0.60 0.901
car -1 -1 -0.39 710.15 176.00 752.87 213.05 1.54 1.62 3.91 5.90 1.87 35.90 -0.23 0.491
car -1 -1 -0.90 742.19 182.79 826.16 216.54 1.46 1.49 2.95 7.40 1.93 30.40 -0.66 0.140
car -1 -1 0.44 372.24 169.78 437.00 203.13 2.48 1.81 4.73 -16.90 2.34 59.80 0.16 0.075
car -1 -1 1.85 869.94 203.84 1233.52 369.40 1.46 1.49 2.95 2.80 1.73 3.60 2.52 0.054
car -1 -1 -0.83 729.53 177.93 778.41 208.68 1.46 1.49 2.95 7.20 1.73 35.40 -0.63 0.053
pedestrian -1 -1 -1.45 652.12 175.72 670.41 197.18 1.41 0.50 1.32 3.80 1.90 52.40 -1.38 0.213
