car -1 -1 -1.58 695.99 183.39 804.25 259.72 1.54 1.62 3.91 2.90 1.47 15.70 -1.40 1.000
car -1 -1 -1.61 641.14 177.66 678.67 208.31 1.54 1.62 3.91 2.70 1.07 37.10 -1.54 1.000
car -1 -1 -1.26 464.53 175.93 525.31 216.67 1.54 1.62 3.91 -4.50 1.27 28.30 -1.42 1.000
car -1 -1 -1.15 255.61 175.42 445.69 308.17 1.54 1.62 3.91 -3.50 1.47 10.90 -1.46 1.000
car -1 -1 -0.58 0.00 183.22 218.46 296.16 1.46 1.49 2.95 -7.80 1.53 11.60 -1.17 0.999
car -1 -1 -0.84 401.03 177.99 498.04 242.83 1.54 1.62 3.91 -3.90 1.47 17.90 -1.06 0.999
car -1 -1 -1.43 511.92 178.05 543.29 203.41 1.46 1.49 2.95 -4.60 1.13 41.40 -1.54 0.874
car -1 -1 -1.27 586.08 175.87 613.98 198.64 1.54 1.62 3.91 -0.50 0.87 47.90 -1.28 0.789
car -1 -1 0.31 280.65 178.49 356.19 209.46 1.54 1.62 3.91 -13.50 1.07 33.90 -0.07 0.131
pedestrian -1 -1 -0.70 404.39 173.58 418.23 211.50 1.75 0.62 1.83 -11.60 1.08 42.60 -0.96 0.177
