car -1 -1 -1.84 733.21 155.30 1009.17 345.44 1.54 1.62 3.91 2.70 1.47 8.30 -1.53 0.999
car -1 -1 -1.47 650.81 171.42 695.56 207.68 1.54 1.62 3.91 2.70 1.47 30.50 -1.38 0.998
car -1 -1 -1.32 677.09 175.38 757.91 237.72 1.54 1.62 3.91 2.70 1.47 19.30 -1.18 0.997
car -1 -1 -1.26 636.41 169.61 668.01 197.57 1.46 1.49 2.95 2.40 1.33 41.00 -1.20 0.996
car -1 -1 -1.15 699.73 179.08 804.83 261.76 1.46 1.49 2.95 2.80 1.73 15.40 -0.97 0.994
car -1 -1 -2.42 173.79 167.60 386.08 269.37 1.54 1.62 3.91 -5.50 1.47 12.90 -2.82 0.993
car -1 -1 -2.62 436.15 165.94 525.84 206.42 1.54 1.62 3.91 -5.70 1.47 31.90 -2.79 0.993
car -1 -1 -2.77 6.01 179.49 332.28 296.32 1.54 1.62 3.91 -6.70 1.67 11.30 -3.30 0.986
car -1 -1 -2.13 385.05 170.36 493.48 214.02 1.54 1.62 3.91 -7.10 1.67 29.70 -2.36 0.979
car -1 -1 -1.89 317.22 170.61 460.46 230.38 1.54 1.62 3.91 -6.10 1.67 20.70 -2.18 0.948
car -1 -1 1.65 766.88 168.43 853.23 199.29 1.54 1.62 3.91 10.90 1.27 39.30 1.93 0.081
