car -1 -1 1.43 519.02 167.16 557.72 201.64 1.54 1.62 3.91 -3.10 1.07 35.50 1.35 0.789
car -1 -1 1.84 444.62 163.69 498.94 213.01 1.54 1.62 3.91 -5.10 1.07 29.30 1.66 0.415
car -1 -1 -0.03 401.81 154.50 486.70 226.23 2.48 1.81 4.73 -5.00 1.34 23.30 -0.24 0.132
pedestrian -1 -1 -1.72 284.44 165.71 331.05 278.24 1.76 0.66 0.49 -4.90 1.48 12.00 -2.11 1.000
pedestrian -1 -1 1.81 1020.68 147.26 1079.79 281.46 1.76 0.66 0.49 5.70 1.28 9.40 2.35 1.000
pedestrian -1 -1 -1.62 628.91 164.18 651.22 243.58 1.76 0.66 0.49 0.90 1.48 18.00 -1.57 0.999
pedestrian -1 -1 -1.37 733.76 164.14 776.54 319.16 1.76 0.66 0.49 1.70 1.48 7.80 -1.16 0.995
pedestrian -1 -1 -0.49 230.00 171.67 257.24 229.57 1.76 0.66 0.49 -10.80 1.28 21.50 -0.95 0.993
pedestrian -1 -1 -1.54 1115.68 141.99 1178.93 282.56 1.76 0.66 0.49 7.90 1.28 10.20 -0.88 0.991
pedestrian -1 -1 2.00 399.29 167.49 424.28 258.10 1.76 0.66 0.49 -3.90 1.48 14.40 1.74 0.986
pedestrian -1 -1 -0.74 811.14 154.06 860.55 313.36 1.76 0.66 0.49 2.60 1.48 8.10 -0.43 0.951
pedestrian -1 -1 1.76 1080.45 133.47 1147.96 298.42 1.76 0.66 0.49 5.70 1.48 8.20 2.37 0.846
pedestrian -1 -1 2.01 370.37 164.21 389.32 256.58 1.76 0.66 0.49 -4.30 1.48 14.00 1.71 0.390
pedestrian -1 -1 -0.03 804.52 158.40 833.42 256.77 1.76 0.66 0.49 4.70 1.08 15.60 0.26 0.189
pedestrian -1 -1 -1.03 708.50 177.31 722.56 230.24 1.68 0.41 1.64 3.50 1.54 22.30 -0.87 0.152
pedestrian -1 -1 -1.65 635.02 170.71 646.00 207.45 1.68 0.41 1.64 2.30 0.94 39.90 -1.59 0.078
pedestrian -1 -1 2.00 677.95 178.22 696.43 228.79 1.41 0.50 1.32 2.20 1.30 18.80 2.11 0.067
pedestrian -1 -1 -0.46 729.43 167.23 762.99 235.10 1.41 0.50 1.32 4.20 1.11 21.20 -0.27 0.058
cyclist -1 -1 2.48 669.92 179.28 705.55 230.53 1.41 0.50 1.32 2.40 1.30 19.20 2.61 0.702
cyclist -1 -1 0.43 1071.27 145.48 1199.52 275.29 1.75 0.62 1.83 9.20 1.08 12.60 1.06 0.336
cyclist -1 -1 1.57 388.28 169.51 435.56 255.94 1.75 0.62 1.83 -4.00 1.48 14.40 1.30 0.124
