car -1 -1 -1.36 439.64 170.48 522.20 229.71 1.54 1.62 3.91 -3.30 1.27 19.50 -1.52 1.000
car -1 -1 -0.00 1027.75 141.62 1143.17 182.32 2.48 1.81 4.73 28.50 0.14 41.40 0.60 0.938
car -1 -1 -0.26 934.19 156.68 1031.47 185.57 1.54 1.62 3.91 20.30 0.27 37.10 0.25 0.779
pedestrian -1 -1 -1.46 368.89 164.04 395.23 213.32 1.77 0.62 0.88 -8.40 1.28 26.90 -1.77 0.999
pedestrian -1 -1 0.24 527.84 157.41 550.54 209.23 1.87 0.84 1.11 -2.50 1.13 27.30 0.15 0.999
pedestrian -1 -1 0.08 420.06 157.95 436.78 212.08 1.76 0.66 0.49 -6.30 1.08 25.20 -0.16 0.947
cyclist -1 -1 0.61 782.55 148.64 827.70 199.00 1.75 0.62 1.83 8.40 0.68 29.80 0.88 0.999
cyclist -1 -1 -1.12 304.27 164.72 348.88 221.64 1.87 0.84 1.11 -9.10 1.33 23.50 -1.49 0.998
cyclist -1 -1 0.14 658.60 157.66 695.03 191.94 1.68 0.41 1.64 4.50 0.74 41.10 0.25 0.622
cyclist -1 -1 -0.06 851.22 144.95 888.99 194.03 1.76 0.66 0.49 9.10 0.68 24.20 0.30 0.617
cyclist -1 -1 -1.49 357.74 170.21 406.04 211.97 1.41 0.50 1.32 -8.40 1.50 26.40 -1.80 0.066
