car -1 -1 1.65 348.26 196.34 468.61 279.70 1.46 1.49 2.95 -4.00 1.93 14.40 1.38 1.000
car -1 -1 1.68 424.72 180.86 505.53 243.80 1.54 1.62 3.91 -4.10 1.87 21.30 1.49 0.999
car -1 -1 1.69 0.00 210.87 336.93 374.00 1.46 1.49 2.95 -3.20 1.93 6.20 1.22 0.984
car -1 -1 -1.81 593.06 177.75 637.54 205.05 1.46 1.49 2.95 0.20 1.93 42.00 -1.80 0.962
car -1 -1 -1.54 868.52 119.85 1241.00 359.80 1.54 1.62 3.91 3.30 1.27 5.10 -0.96 0.847
car -1 -1 -1.82 589.11 168.34 622.46 197.94 1.54 1.62 3.91 -0.30 1.47 43.30 -1.82 0.648
car -1 -1 -0.98 966.42 129.18 1225.87 257.65 2.48 1.81 4.73 10.00 1.54 15.50 -0.40 0.100
car -1 -1 -1.02 527.22 162.16 566.83 204.41 2.48 1.81 4.73 -4.40 1.94 49.70 -1.11 0.072
car -1 -1 1.73 452.50 176.66 499.68 208.28 1.54 1.62 3.91 -6.90 1.67 37.70 1.54 0.050
pedestrian -1 -1 2.09 596.96 171.72 607.60 206.16 1.75 0.62 1.83 -0.40 1.88 39.60 2.08 0.118
