car -1 -1 1.32 815.26 174.09 926.88 235.46 1.46 1.49 2.95 6.80 1.53 18.60 1.67 0.999
car -1 -1 -1.95 343.99 191.85 463.94 267.12 1.54 1.62 3.91 -4.90 2.07 17.10 -2.23 0.999
car -1 -1 -1.67 217.77 189.60 289.93 230.37 1.46 1.49 2.95 -14.20 2.33 28.80 -2.13 0.996
car -1 -1 1.71 736.51 175.20 801.24 225.52 1.46 1.49 2.95 4.20 1.53 20.20 1.91 0.986
car -1 -1 -1.81 633.57 170.18 744.85 297.81 1.46 1.49 2.95 1.00 1.53 10.80 -1.72 0.944
car -1 -1 0.74 358.41 181.54 442.66 213.27 1.54 1.62 3.91 -10.70 2.07 35.90 0.45 0.862
car -1 -1 1.67 388.09 177.57 501.16 214.70 1.54 1.62 3.91 -7.90 1.87 33.70 1.44 0.706
car -1 -1 -0.43 174.24 185.29 207.94 205.54 1.46 1.49 2.95 -40.80 2.93 70.20 -0.96 0.663
car -1 -1 -2.01 469.19 160.97 752.51 310.24 1.54 1.62 3.91 0.10 1.67 9.90 -2.00 0.656
car -1 -1 -1.71 496.87 169.70 654.22 244.16 1.54 1.62 3.91 -0.90 1.67 18.70 -1.76 0.531
car -1 -1 2.16 12.24 190.82 60.66 217.69 1.46 1.49 2.95 -40.40 2.93 51.00 1.49 0.525
car -1 -1 0.63 397.80 183.32 454.59 224.15 1.54 1.62 3.91 -8.50 2.27 33.50 0.39 0.066
cyclist -1 -1 -1.17 818.59 171.81 857.97 235.76 1.87 0.84 1.11 6.30 1.73 20.10 -0.86 0.961
