car -1 -1 -1.50 666.37 180.26 725.69 229.38 1.46 1.49 2.95 2.60 1.73 23.40 -1.39 0.999
car -1 -1 -2.08 277.70 177.77 473.34 237.60 1.54 1.62 3.91 -6.30 1.67 18.70 -2.41 0.996
car -1 -1 -2.27 135.48 168.59 391.47 255.10 1.54 1.62 3.91 -5.90 1.47 12.90 -2.70 0.994
car -1 -1 -1.87 733.06 164.66 927.48 326.53 1.54 1.62 3.91 2.70 1.67 9.70 -1.60 0.992
car -1 -1 0.69 34.73 179.20 329.97 318.09 1.46 1.49 2.95 -5.20 1.73 9.00 0.17 0.955
car -1 -1 -2.73 379.21 173.24 512.49 215.56 1.54 1.62 3.91 -4.90 1.47 23.10 -2.94 0.882
car -1 -1 -0.17 710.16 173.41 830.04 216.47 1.54 1.62 3.91 6.30 1.67 29.50 0.04 0.772
car -1 -1 -1.86 496.73 175.98 552.60 199.34 1.54 1.62 3.91 -6.10 1.87 52.10 -1.97 0.614
car -1 -1 -1.83 434.01 171.92 533.56 204.14 1.54 1.62 3.91 -4.90 1.47 29.50 -1.99 0.213
car -1 -1 -1.31 624.01 175.48 653.35 194.26 1.46 1.49 2.95 2.80 1.93 66.00 -1.27 0.131
cyclist -1 -1 -0.15 721.73 194.08 755.41 286.15 1.68 0.41 1.64 2.50 1.94 14.30 0.02 0.066
