car -1 -1 -1.31 646.66 179.68 684.24 212.07 1.46 1.49 2.95 2.80 1.93 35.00 -1.23 0.998
car -1 -1 0.93 822.19 196.89 1189.14 372.91 1.46 1.49 2.95 3.40 1.73 6.80 1.39 0.994
car -1 -1 -2.77 166.31 178.04 392.62 256.55 1.54 1.62 3.91 -7.30 1.67 15.30 -3.22 0.994
car -1 -1 -0.80 426.03 171.97 530.17 211.66 1.54 1.62 3.91 -5.50 1.67 31.70 -0.97 0.969
car -1 -1 -1.35 260.09 177.57 449.94 240.50 1.54 1.62 3.91 -6.30 1.67 18.70 -1.68 0.957
car -1 -1 0.33 503.70 170.37 556.63 199.11 2.48 1.81 4.73 -6.50 2.14 60.20 0.22 0.574
car -1 -1 -0.89 359.07 179.88 485.84 222.79 1.54 1.62 3.91 -7.10 1.87 27.70 -1.14 0.553
car -1 -1 0.90 835.72 200.01 1072.78 297.12 1.46 1.49 2.95 5.00 1.73 10.80 1.33 0.151
car -1 -1 -1.30 482.96 177.26 541.17 204.33 1.46 1.49 2.95 -5.40 1.93 41.40 -1.43 0.064
car -1 -1 -1.57 675.10 176.14 748.30 242.58 1.54 1.62 3.91 2.50 1.67 19.50 -1.44 0.063
