car -1 -1 1.75 461.13 181.39 527.73 225.34 1.54 1.62 3.91 -4.10 1.87 26.70 1.60 1.000
car -1 -1 1.68 409.00 183.76 500.21 243.91 1.54 1.62 3.91 -4.30 1.87 21.10 1.48 0.999
car -1 -1 -0.90 743.98 180.96 870.27 258.28 1.54 1.62 3.91 3.90 1.67 15.90 -0.66 0.999
car -1 -1 -1.85 797.80 182.03 992.94 309.37 1.54 1.62 3.91 3.70 1.67 10.30 -1.50 0.999
car -1 -1 -1.70 691.93 177.75 759.04 220.26 1.54 1.62 3.91 4.10 1.67 25.70 -1.54 0.991
car -1 -1 1.62 499.80 182.25 546.33 216.00 1.46 1.49 2.95 -3.80 1.93 32.00 1.50 0.988
car -1 -1 -1.60 712.33 179.29 794.32 232.94 1.46 1.49 2.95 4.00 1.53 19.60 -1.40 0.987
car -1 -1 -1.78 866.50 173.12 926.25 200.30 1.46 1.49 2.95 16.20 1.53 40.80 -1.41 0.968
car -1 -1 1.75 547.58 177.59 587.55 201.47 1.46 1.49 2.95 -3.20 1.93 52.20 1.69 0.804
car -1 -1 -0.69 959.54 175.24 1020.52 204.45 1.46 1.49 2.95 19.80 1.53 37.80 -0.21 0.503
car -1 -1 -1.08 684.02 175.63 724.59 208.30 1.46 1.49 2.95 4.40 1.53 34.00 -0.95 0.382
car -1 -1 -1.71 971.68 171.37 1106.83 223.13 1.54 1.62 3.91 12.30 1.47 20.90 -1.18 0.060
