car -1 -1 -0.22 836.63 189.09 1105.73 277.74 1.54 1.62 3.91 6.50 1.87 13.10 0.24 0.998
car -1 -1 -2.47 314.51 177.03 467.73 237.81 1.54 1.62 3.91 -6.10 1.67 19.50 -2.77 0.998
car -1 -1 0.48 211.95 180.19 437.91 261.10 1.54 1.62 3.91 -5.70 1.67 14.30 0.10 0.998
car -1 -1 -0.27 721.57 181.78 836.44 229.97 1.54 1.62 3.91 5.90 1.87 25.50 -0.04 0.996
car -1 -1 -1.46 418.62 177.45 523.94 213.80 1.54 1.62 3.91 -4.90 1.67 27.30 -1.64 0.991
car -1 -1 -1.55 637.77 182.41 672.57 210.25 1.54 1.62 3.91 2.70 2.27 44.10 -1.49 0.990
car -1 -1 -2.40 118.95 186.11 380.50 286.83 1.46 1.49 2.95 -5.40 1.73 11.20 -2.84 0.983
car -1 -1 -0.41 816.39 181.66 970.28 258.21 1.46 1.49 2.95 5.40 1.73 14.60 -0.06 0.800
car -1 -1 -1.83 15.39 186.70 296.22 322.13 1.46 1.49 2.95 -5.20 1.53 8.60 -2.38 0.676
car -1 -1 -2.36 378.37 181.17 484.92 225.42 1.46 1.49 2.95 -6.00 1.93 25.20 -2.59 0.447
