car -1 -1 -1.42 762.45 185.36 1000.44 333.24 1.54 1.62 3.91 3.10 1.67 9.10 -1.09 1.000
car -1 -1 -1.70 664.15 170.67 723.54 215.50 1.54 1.62 3.91 2.90 1.47 25.90 -1.59 1.000
car -1 -1 -1.43 723.18 177.87 842.62 267.30 1.46 1.49 2.95 3.20 1.53 13.80 -1.21 0.999
car -1 -1 1.67 483.41 167.51 543.83 211.47 1.54 1.62 3.91 -3.50 1.47 26.10 1.54 0.999
car -1 -1 -1.69 685.28 175.81 754.91 228.56 1.54 1.62 3.91 3.10 1.47 21.50 -1.55 0.996
car -1 -1 -0.61 644.71 168.78 691.10 203.74 1.54 1.62 3.91 2.50 1.27 31.10 -0.53 0.995
car -1 -1 1.83 311.31 171.16 472.12 301.22 1.46 1.49 2.95 -3.00 1.53 10.60 1.55 0.972
car -1 -1 1.62 520.51 168.96 556.21 199.09 1.46 1.49 2.95 -3.40 1.33 34.80 1.52 0.601
car -1 -1 -1.26 761.13 176.30 834.14 229.32 1.46 1.49 2.95 5.60 1.53 21.80 -1.01 0.277
car -1 -1 0.92 957.43 219.98 1241.00 364.93 1.46 1.49 2.95 3.40 1.93 4.40 1.58 0.231
car -1 -1 1.98 402.91 165.96 459.96 210.72 1.54 1.62 3.91 -6.70 1.27 27.70 1.74 0.071
