car -1 -1 -1.15 208.15 175.59 449.96 334.06 1.54 1.62 3.91 -3.30 1.47 8.90 -1.51 1.000
car -1 -1 -0.82 1089.55 151.92 1210.38 190.61 1.54 1.62 3.91 21.50 0.47 28.30 -0.17 0.856
car -1 -1 1.55 463.81 169.17 492.15 191.13 1.54 1.62 3.91 -10.90 0.67 61.50 1.37 0.450
pedestrian -1 -1 1.62 596.18 152.55 645.18 236.06 1.87 0.84 1.11 0.30 1.33 17.10 1.64 0.999
pedestrian -1 -1 -0.63 127.18 178.16 163.76 254.09 1.76 0.66 0.49 -11.30 1.48 17.40 -1.21 0.999
pedestrian -1 -1 -2.35 67.85 171.96 129.68 261.54 1.68 0.41 1.64 -10.90 1.54 15.10 -2.97 0.998
pedestrian -1 -1 1.03 162.08 175.84 188.37 245.78 1.76 0.66 0.49 -11.50 1.48 18.80 0.48 0.995
pedestrian -1 -1 0.55 401.76 158.10 427.93 233.19 1.76 0.66 0.49 -3.70 1.28 13.60 0.29 0.893
pedestrian -1 -1 -1.30 237.16 164.16 267.92 238.27 1.77 0.62 0.88 -8.40 1.28 16.70 -1.76 0.885
pedestrian -1 -1 -0.29 907.83 148.55 927.87 201.77 1.76 0.66 0.49 11.30 0.88 25.80 0.12 0.234
cyclist -1 -1 -0.30 900.01 150.08 936.64 202.51 1.75 0.62 1.83 11.60 0.68 26.60 0.11 0.997
cyclist -1 -1 0.02 1191.22 129.57 1223.00 208.46 1.77 0.62 0.88 17.10 0.68 20.00 0.72 0.993
