car -1 -1 -1.46 655.34 173.55 700.69 209.77 1.54 1.62 3.91 2.90 1.67 31.90 -1.37 1.000
car -1 -1 -0.28 696.44 187.01 805.87 251.39 1.46 1.49 2.95 3.60 1.93 18.80 -0.09 0.999
car -1 -1 0.44 0.00 180.62 372.54 314.71 1.54 1.62 3.91 -5.50 1.87 9.70 -0.07 0.992
car -1 -1 -2.32 210.15 169.80 380.86 264.68 1.54 1.62 3.91 -5.50 1.47 13.50 -2.70 0.992
car -1 -1 -1.63 786.74 205.98 1241.00 374.00 1.54 1.62 3.91 2.70 1.67 5.70 -1.19 0.990
car -1 -1 -2.05 471.44 172.97 554.05 206.66 1.54 1.62 3.91 -4.70 1.67 34.90 -2.19 0.979
car -1 -1 -2.22 408.75 180.22 513.54 220.52 1.54 1.62 3.91 -6.10 1.87 29.90 -2.42 0.979
car -1 -1 -1.85 302.01 176.27 463.92 236.35 1.54 1.62 3.91 -6.10 1.67 19.70 -2.15 0.921
car -1 -1 0.65 228.91 166.70 330.86 218.75 2.48 1.81 4.73 -14.40 1.94 31.50 0.22 0.178
car -1 -1 -1.94 485.33 180.92 533.02 214.94 1.54 1.62 3.91 -4.30 2.07 31.50 -2.08 0.086
car -1 -1 -1.79 468.67 172.37 506.73 202.49 1.54 1.62 3.91 -7.70 1.67 45.70 -1.96 0.061
pedestrian -1 -1 -2.44 1032.52 181.99 1061.95 221.82 1.41 0.50 1.32 20.20 1.90 33.20 -1.90 0.276
