car -1 -1 -1.97 711.65 192.20 943.19 341.44 1.54 1.62 3.91 2.30 1.67 8.70 -1.71 1.000
car -1 -1 1.51 0.00 215.49 258.47 366.68 1.46 1.49 2.95 -5.40 2.13 9.00 0.97 0.992
car -1 -1 -1.71 574.56 186.63 620.24 227.83 1.54 1.62 3.91 -0.50 2.07 27.10 -1.72 0.991
car -1 -1 1.57 400.79 190.25 450.61 221.75 1.54 1.62 3.91 -10.10 2.67 39.30 1.32 0.990
car -1 -1 -1.70 587.66 189.06 645.92 237.16 1.54 1.62 3.91 0.10 2.07 23.10 -1.70 0.989
car -1 -1 -0.20 203.93 194.44 286.18 222.05 1.46 1.49 2.95 -18.20 2.53 35.80 -0.67 0.982
car -1 -1 2.01 725.20 179.02 829.40 213.44 1.54 1.62 3.91 7.50 1.87 32.10 2.24 0.960
car -1 -1 1.04 1117.39 171.88 1241.00 251.92 1.46 1.49 2.95 11.80 1.53 14.80 1.72 0.922
car -1 -1 2.17 788.20 171.75 918.50 224.89 1.54 1.62 3.91 8.50 1.67 24.90 2.50 0.859
car -1 -1 -1.30 561.37 182.89 585.81 205.94 1.54 1.62 3.91 -2.50 2.27 48.70 -1.35 0.444
car -1 -1 1.38 784.65 179.93 844.31 225.47 1.46 1.49 2.95 7.40 1.93 26.60 1.65 0.323
car -1 -1 1.60 1035.89 175.02 1133.28 210.20 1.46 1.49 2.95 17.60 1.53 26.80 2.18 0.241
