car -1 -1 -1.88 702.24 180.74 908.61 318.84 1.54 1.62 3.91 2.50 1.47 9.90 -1.63 1.000
car -1 -1 -1.15 36.47 174.73 342.39 357.14 1.46 1.49 2.95 -4.40 1.53 8.00 -1.65 0.999
car -1 -1 -1.43 355.67 184.39 452.76 251.38 1.54 1.62 3.91 -5.10 1.47 18.30 -1.71 0.999
car -1 -1 -1.66 558.11 182.86 599.01 220.72 1.46 1.49 2.95 -1.20 1.53 30.20 -1.70 0.999
car -1 -1 -1.47 421.20 187.92 489.14 232.07 1.46 1.49 2.95 -5.00 1.53 23.20 -1.68 0.998
car -1 -1 -1.57 451.29 183.84 497.92 218.22 1.54 1.62 3.91 -6.10 1.47 34.10 -1.74 0.994
car -1 -1 -1.71 477.78 182.32 518.28 210.49 1.54 1.62 3.91 -5.50 1.27 36.70 -1.86 0.984
car -1 -1 0.14 211.06 168.09 337.52 237.01 1.54 1.62 3.91 -9.30 1.27 20.10 -0.29 0.651
car -1 -1 -1.53 355.76 184.81 409.60 228.87 1.46 1.49 2.95 -8.60 1.53 27.40 -1.84 0.357
car -1 -1 -0.85 395.36 171.73 441.83 211.80 2.48 1.81 4.73 -12.60 1.54 48.70 -1.10 0.069
cyclist -1 -1 1.15 750.80 181.20 776.00 222.28 1.75 0.62 1.83 7.80 1.48 36.20 1.37 0.429
