car -1 -1 -1.82 565.89 187.70 713.31 278.54 1.46 1.49 2.95 0.40 1.73 12.60 -1.79 0.999
car -1 -1 -1.68 464.01 181.09 523.36 222.39 1.54 1.62 3.91 -4.50 1.87 27.30 -1.84 0.994
car -1 -1 1.50 281.22 184.27 332.28 213.87 1.54 1.62 3.91 -18.30 2.27 43.90 1.11 0.984
car -1 -1 -0.12 64.81 189.38 160.07 218.05 1.54 1.62 3.91 -29.30 2.67 42.50 -0.72 0.984
car -1 -1 -2.00 705.15 148.65 1195.03 367.43 1.54 1.62 3.91 2.30 1.47 5.70 -1.62 0.954
car -1 -1 1.39 636.60 169.61 745.74 207.32 1.54 1.62 3.91 3.10 1.27 28.70 1.49 0.893
car -1 -1 -1.33 437.95 177.60 465.83 197.75 1.54 1.62 3.91 -12.90 2.07 58.70 -1.55 0.841
car -1 -1 1.02 26.73 201.44 193.20 318.25 1.46 1.49 2.95 -7.60 2.13 11.80 0.45 0.676
car -1 -1 -0.52 695.25 166.91 743.72 203.85 1.46 1.49 2.95 4.80 1.33 30.80 -0.37 0.114
car -1 -1 -0.35 599.53 172.65 685.38 210.29 1.54 1.62 3.91 1.30 1.67 33.30 -0.32 0.091
