car -1 -1 -1.10 153.53 211.80 384.38 353.24 1.46 1.49 2.95 -4.20 1.93 9.20 -1.53 1.000
car -1 -1 -0.86 376.18 182.79 482.15 261.69 1.54 1.62 3.91 -4.50 1.87 17.70 -1.11 0.999
car -1 -1 -1.59 702.38 184.33 820.71 273.06 1.46 1.49 2.95 2.60 1.53 13.20 -1.40 0.999
car -1 -1 -1.33 654.74 178.16 704.16 220.96 1.54 1.62 3.91 2.70 1.87 29.90 -1.24 0.999
car -1 -1 0.18 476.84 186.78 524.79 223.04 1.54 1.62 3.91 -5.30 2.47 35.70 0.03 0.999
car -1 -1 1.59 519.06 184.94 550.49 210.05 1.54 1.62 3.91 -4.90 2.47 46.50 1.48 0.994
car -1 -1 -0.53 778.36 182.21 833.43 223.00 1.46 1.49 2.95 6.80 1.73 25.60 -0.27 0.208
car -1 -1 1.83 927.12 220.47 1224.07 372.04 1.46 1.49 2.95 2.60 1.73 2.60 2.61 0.100
pedestrian -1 -1 2.47 264.44 189.00 289.23 275.51 1.76 0.66 0.49 -6.90 2.08 14.80 2.03 0.981
pedestrian -1 -1 2.02 303.64 180.23 326.45 278.23 1.76 0.66 0.49 -5.90 1.88 14.60 1.63 0.884
pedestrian -1 -1 2.61 276.83 183.00 317.84 277.50 1.87 0.84 1.11 -6.30 2.13 14.50 2.20 0.368
pedestrian -1 -1 -0.08 513.68 188.18 525.14 221.98 1.68 0.41 1.64 -4.70 2.54 37.70 -0.20 0.121
