car -1 -1 -1.39 374.11 180.86 435.48 230.85 1.46 1.49 2.95 -7.60 1.93 27.20 -1.66 0.998
car -1 -1 -1.27 598.60 180.01 693.34 252.37 1.54 1.62 3.91 0.70 1.67 16.70 -1.23 0.993
car -1 -1 -1.67 548.30 177.84 643.93 219.33 1.54 1.62 3.91 -0.30 1.67 28.30 -1.68 0.992
car -1 -1 -1.30 531.24 179.71 562.97 205.70 1.54 1.62 3.91 -3.70 2.07 43.50 -1.38 0.979
car -1 -1 -1.54 401.40 180.35 452.93 213.09 1.46 1.49 2.95 -8.40 1.93 34.20 -1.78 0.954
car -1 -1 0.65 507.22 171.74 532.15 193.23 2.48 1.81 4.73 -9.20 2.14 73.70 0.53 0.852
car -1 -1 1.77 3.98 140.34 365.75 368.47 2.48 1.81 4.73 -3.80 1.94 7.90 1.32 0.726
car -1 -1 -1.52 621.19 180.70 665.15 217.20 1.54 1.62 3.91 1.50 1.87 32.10 -1.48 0.077
pedestrian -1 -1 -0.24 600.23 193.29 624.94 252.44 1.41 0.50 1.32 0.00 1.90 17.00 -0.24 0.148
cyclist -1 -1 -0.82 1123.87 160.66 1187.16 228.11 1.77 0.62 0.88 12.90 1.28 17.00 -0.18 0.051
