car -1 -1 -1.99 852.59 182.68 1210.38 371.76 1.46 1.49 2.95 3.60 1.53 6.80 -1.51 1.000
car -1 -1 1.74 363.07 182.48 477.52 256.56 1.54 1.62 3.91 -4.70 1.87 17.90 1.49 1.000
car -1 -1 1.67 434.68 182.23 511.93 232.26 1.54 1.62 3.91 -4.30 1.87 22.90 1.49 0.999
car -1 -1 -1.71 723.65 180.50 825.48 245.70 1.54 1.62 3.91 3.90 1.67 18.10 -1.49 0.999
car -1 -1 1.82 475.56 179.57 533.12 219.79 1.54 1.62 3.91 -4.10 1.87 29.10 1.68 0.999
car -1 -1 -1.57 766.44 184.68 932.25 289.98 1.46 1.49 2.95 3.60 1.73 11.80 -1.27 0.999
car -1 -1 -1.60 698.59 178.85 774.04 225.81 1.54 1.62 3.91 3.90 1.67 22.30 -1.43 0.995
car -1 -1 -1.46 685.82 176.02 735.96 214.82 1.54 1.62 3.91 4.30 1.67 31.10 -1.32 0.954
car -1 -1 1.72 536.28 177.80 579.12 201.79 1.46 1.49 2.95 -3.80 1.93 53.20 1.65 0.934
car -1 -1 -2.01 1034.98 171.56 1160.72 211.12 1.54 1.62 3.91 20.70 1.47 30.50 -1.41 0.197
pedestrian -1 -1 -1.33 1180.17 169.93 1217.57 215.80 1.41 0.50 1.32 22.60 1.50 27.80 -0.65 0.322
