car -1 -1 -1.79 677.01 190.09 758.95 250.76 1.54 1.62 3.91 2.90 2.07 19.70 -1.64 1.000
car -1 -1 -2.68 192.42 193.40 413.68 267.76 1.54 1.62 3.91 -6.50 1.87 15.50 -3.08 0.998
car -1 -1 -1.76 645.62 186.96 696.22 228.37 1.54 1.62 3.91 2.50 2.07 29.10 -1.67 0.998
car -1 -1 -3.18 283.89 193.01 446.34 244.72 1.54 1.62 3.91 -7.10 2.07 21.50 -3.50 0.993
car -1 -1 -2.43 10.01 197.56 295.63 316.18 1.54 1.62 3.91 -7.10 1.87 11.50 -2.99 0.993
car -1 -1 -1.67 359.33 188.02 490.24 232.03 1.54 1.62 3.91 -5.90 2.07 23.50 -1.92 0.986
car -1 -1 -1.20 431.05 187.65 523.45 223.94 1.54 1.62 3.91 -6.10 2.47 34.30 -1.37 0.968
car -1 -1 -0.13 628.07 182.27 655.22 206.62 1.54 1.62 3.91 2.30 2.27 48.50 -0.08 0.521
car -1 -1 -1.20 501.82 183.16 552.51 208.91 1.54 1.62 3.91 -6.30 2.47 52.70 -1.32 0.434
car -1 -1 -1.30 639.14 187.80 672.87 220.76 1.46 1.49 2.95 2.20 2.13 35.20 -1.24 0.075
cyclist -1 -1 1.03 0.67 188.94 60.75 244.73 1.41 0.50 1.32 -17.20 1.90 21.40 0.35 0.313
cyclist -1 -1 0.49 73.24 192.16 117.49 239.55 1.41 0.50 1.32 -18.60 2.11 26.20 -0.12 0.252
