car -1 -1 -1.68 714.87 196.53 879.65 322.28 1.54 1.62 3.91 2.50 1.87 10.50 -1.45 1.000
car -1 -1 1.72 288.53 203.10 461.81 319.47 1.54 1.62 3.91 -3.70 2.07 12.30 1.43 1.000
car -1 -1 -1.85 798.84 204.31 1191.61 374.00 1.46 1.49 2.95 2.80 1.93 6.00 -1.42 0.999
car -1 -1 -1.71 673.21 194.71 768.78 269.50 1.54 1.62 3.91 2.50 2.07 16.30 -1.56 0.999
car -1 -1 1.55 402.46 204.23 495.59 272.14 1.46 1.49 2.95 -3.80 2.33 17.60 1.34 0.997
car -1 -1 1.45 472.48 198.83 528.38 241.27 1.54 1.62 3.91 -4.30 2.67 29.30 1.30 0.991
car -1 -1 1.74 448.09 198.71 507.11 252.16 1.46 1.49 2.95 -4.20 2.53 23.60 1.56 0.983
car -1 -1 -0.72 652.67 194.36 692.84 229.71 1.54 1.62 3.91 2.90 2.67 35.30 -0.64 0.963
car -1 -1 -1.46 661.36 195.58 713.72 244.09 1.54 1.62 3.91 2.50 2.27 24.70 -1.36 0.749
car -1 -1 -1.05 620.79 192.51 671.43 217.19 1.46 1.49 2.95 2.20 3.13 48.40 -1.00 0.162
car -1 -1 -1.48 768.58 193.47 863.31 254.30 1.54 1.62 3.91 5.50 2.07 20.30 -1.22 0.078
