car -1 -1 -1.70 634.76 187.21 672.35 217.94 1.54 1.62 3.91 2.30 2.47 40.50 -1.65 0.999
car -1 -1 -2.57 90.41 191.97 359.34 281.66 1.54 1.62 3.91 -6.70 1.87 12.70 -3.06 0.998
car -1 -1 -0.29 851.19 190.21 1138.91 292.09 1.54 1.62 3.91 6.30 1.87 11.90 0.20 0.993
car -1 -1 -1.78 409.47 190.25 513.11 221.57 1.54 1.62 3.91 -7.30 2.47 34.70 -1.99 0.973
car -1 -1 -0.43 805.37 191.82 965.39 275.32 1.46 1.49 2.95 5.00 1.73 13.60 -0.08 0.973
car -1 -1 -1.90 218.50 179.46 425.99 255.76 1.54 1.62 3.91 -5.50 1.67 14.10 -2.27 0.952
car -1 -1 -0.71 908.70 183.22 1235.22 351.67 1.54 1.62 3.91 4.90 1.67 8.70 -0.19 0.936
car -1 -1 1.65 740.51 192.55 893.31 248.74 1.54 1.62 3.91 5.70 2.07 20.70 1.92 0.936
car -1 -1 -1.56 622.86 184.13 648.39 208.11 1.54 1.62 3.91 1.70 2.47 49.10 -1.53 0.778
car -1 -1 1.96 726.02 185.96 820.85 234.94 1.46 1.49 2.95 5.80 1.93 25.60 2.18 0.435
car -1 -1 -1.57 12.42 186.36 283.05 336.29 1.54 1.62 3.91 -5.50 1.87 9.50 -2.09 0.220
car -1 -1 -1.46 321.52 180.44 448.81 243.91 1.46 1.49 2.95 -5.20 1.73 17.60 -1.74 0.154
car -1 -1 0.19 356.76 174.57 430.79 216.05 2.48 1.81 4.73 -14.90 2.74 50.40 -0.10 0.075
cyclist -1 -1 0.57 529.80 181.52 551.60 224.11 1.87 0.84 1.11 -3.30 2.33 33.70 0.47 0.234
