car -1 -1 -1.76 382.44 182.87 440.15 221.85 1.46 1.49 2.95 -7.80 1.93 28.80 -2.02 0.999
car -1 -1 -1.84 481.08 185.42 611.22 265.80 1.46 1.49 2.95 -1.40 1.73 14.20 -1.94 0.994
car -1 -1 1.01 1049.49 160.11 1236.66 240.37 1.46 1.49 2.95 10.00 1.33 14.20 1.63 0.992
car -1 -1 -1.69 364.61 181.05 416.42 214.43 1.46 1.49 2.95 -10.00 1.93 33.00 -1.99 0.992
car -1 -1 1.73 188.33 184.10 237.15 215.06 1.54 1.62 3.91 -24.30 2.47 44.30 1.23 0.960
car -1 -1 -1.55 347.59 176.98 377.61 198.86 1.46 1.49 2.95 -19.40 2.13 56.80 -1.88 0.857
car -1 -1 0.53 547.98 166.57 650.98 203.35 1.54 1.62 3.91 0.10 1.27 28.90 0.53 0.633
car -1 -1 0.27 1099.96 150.89 1231.44 204.21 1.54 1.62 3.91 18.50 0.87 24.50 0.92 0.164
car -1 -1 -1.93 604.95 150.28 1030.95 348.94 1.54 1.62 3.91 1.70 1.47 6.50 -1.67 0.121
car -1 -1 0.54 658.87 150.51 779.02 244.23 1.54 1.62 3.91 2.10 1.27 14.70 0.69 0.051
