car -1 -1 -1.38 381.33 180.54 482.53 247.29 1.54 1.62 3.91 -4.50 1.47 18.90 -1.62 1.000
car -1 -1 -1.17 154.99 191.97 384.14 317.07 1.54 1.62 3.91 -4.50 1.67 10.50 -1.57 1.000
car -1 -1 -0.99 114.63 185.55 260.86 270.76 1.46 1.49 2.95 -8.20 1.53 14.80 -1.49 0.999
car -1 -1 -1.64 574.32 176.47 657.85 252.16 1.54 1.62 3.91 0.10 1.47 16.30 -1.63 0.998
car -1 -1 1.97 219.15 176.58 311.26 216.17 1.46 1.49 2.95 -13.40 1.13 28.20 1.53 0.984
car -1 -1 -1.45 351.00 182.10 429.90 218.20 1.46 1.49 2.95 -8.80 1.33 29.20 -1.74 0.936
car -1 -1 1.94 250.53 178.44 298.88 204.12 1.46 1.49 2.95 -20.80 1.13 45.20 1.51 0.402
car -1 -1 2.00 224.05 178.05 285.29 197.74 1.54 1.62 3.91 -31.10 1.07 62.90 1.54 0.365
car -1 -1 -1.48 498.25 177.31 551.60 199.28 1.54 1.62 3.91 -4.90 1.07 45.50 -1.59 0.122
cyclist -1 -1 0.19 262.41 175.11 318.60 234.18 1.75 0.62 1.83 -11.80 1.28 26.60 -0.23 0.051
