car -1 -1 -1.95 771.94 178.24 1095.60 374.00 1.46 1.49 2.95 2.40 1.73 6.40 -1.59 0.999
car -1 -1 -0.49 737.51 175.54 851.36 221.59 1.54 1.62 3.91 6.70 1.67 25.70 -0.23 0.999
car -1 -1 -2.71 287.79 168.56 470.30 226.80 1.54 1.62 3.91 -6.30 1.47 18.70 -3.04 0.992
car -1 -1 -0.02 687.97 171.80 758.10 203.26 1.46 1.49 2.95 5.40 1.53 35.40 0.13 0.990
car -1 -1 -2.52 393.17 167.06 515.98 213.22 1.54 1.62 3.91 -5.10 1.47 24.50 -2.72 0.971
car -1 -1 -1.94 478.69 167.00 550.22 196.14 1.54 1.62 3.91 -4.90 1.27 38.70 -2.07 0.967
car -1 -1 0.92 849.30 179.16 1114.95 282.46 1.54 1.62 3.91 5.90 1.67 12.10 1.37 0.898
car -1 -1 1.86 810.80 176.37 991.69 234.87 1.54 1.62 3.91 7.30 1.67 18.50 2.24 0.830
car -1 -1 -1.29 0.00 144.95 345.09 306.77 1.54 1.62 3.91 -4.70 1.27 8.70 -1.78 0.764
car -1 -1 -1.66 269.29 167.92 401.70 265.22 1.46 1.49 2.95 -4.60 1.53 12.60 -2.01 0.407
car -1 -1 -2.95 452.66 172.52 524.41 202.17 1.46 1.49 2.95 -5.80 1.53 35.20 -3.12 0.201
car -1 -1 -1.41 633.00 172.66 663.02 190.21 1.46 1.49 2.95 3.40 1.53 67.20 -1.36 0.148
car -1 -1 -0.14 148.54 127.06 412.60 269.11 2.48 1.81 4.73 -6.30 1.74 13.80 -0.57 0.131
