car -1 -1 1.33 771.02 187.63 944.30 298.46 1.46 1.49 2.95 3.80 1.73 11.20 1.66 0.999
car -1 -1 1.00 729.34 185.96 818.26 252.53 1.46 1.49 2.95 3.80 1.73 16.80 1.23 0.998
car -1 -1 1.56 425.05 163.94 546.40 272.80 1.54 1.62 3.91 -2.30 1.47 13.30 1.39 0.997
car -1 -1 1.61 555.06 175.66 595.89 208.94 1.54 1.62 3.91 -1.30 1.67 30.90 1.57 0.989
car -1 -1 -1.30 717.80 184.18 782.47 234.87 1.46 1.49 2.95 4.00 1.73 21.40 -1.12 0.970
car -1 -1 -1.54 677.68 179.43 725.68 211.95 1.54 1.62 3.91 4.50 1.87 36.10 -1.41 0.965
car -1 -1 -1.35 699.14 182.86 747.34 220.33 1.46 1.49 2.95 4.40 1.73 28.00 -1.19 0.943
car -1 -1 -1.60 887.80 179.30 1231.71 364.25 1.46 1.49 2.95 3.40 1.53 5.40 -1.03 0.632
car -1 -1 0.94 472.66 172.29 560.59 242.53 1.54 1.62 3.91 -2.30 1.67 18.70 0.82 0.357
car -1 -1 2.06 47.14 218.27 311.49 354.33 1.54 1.62 3.91 -5.30 1.87 9.70 1.56 0.080
pedestrian -1 -1 2.03 888.63 189.70 972.91 367.28 1.76 0.66 0.49 2.60 1.68 6.10 2.43 0.922
cyclist -1 -1 1.68 859.59 205.88 1016.95 366.24 1.41 0.50 1.32 2.60 1.71 6.00 2.09 0.066
