car -1 -1 -1.34 434.68 166.63 519.69 231.54 1.54 1.62 3.91 -3.70 1.47 21.30 -1.51 0.998
car -1 -1 -1.35 389.48 179.60 491.03 259.20 1.46 1.49 2.95 -3.60 1.73 15.80 -1.57 0.996
car -1 -1 -1.64 537.07 181.27 748.89 374.00 1.46 1.49 2.95 0.20 1.53 7.00 -1.61 0.995
car -1 -1 0.20 582.12 175.20 656.23 252.50 1.54 1.62 3.91 0.10 1.67 17.50 0.20 0.922
car -1 -1 -0.02 826.69 176.46 1241.00 368.93 1.46 1.49 2.95 3.20 1.53 6.20 0.46 0.783
car -1 -1 -1.27 492.35 166.57 539.14 190.45 2.48 1.81 4.73 -8.90 1.94 71.80 -1.39 0.468
car -1 -1 -2.03 705.52 173.33 762.38 225.39 1.46 1.49 2.95 3.80 1.53 22.60 -1.86 0.310
car -1 -1 -1.44 99.32 209.01 396.38 366.29 1.46 1.49 2.95 -3.20 1.93 6.60 -1.89 0.298
car -1 -1 -1.27 482.32 164.66 540.99 214.28 1.54 1.62 3.91 -3.30 1.47 25.90 -1.39 0.087
pedestrian -1 -1 -0.70 1109.76 153.20 1216.79 374.00 1.76 0.66 0.49 2.90 1.68 3.60 -0.02 0.385
pedestrian -1 -1 -1.09 354.25 151.81 421.13 318.27 1.76 0.66 0.49 -2.30 1.68 7.40 -1.39 0.055
