car -1 -1 0.45 226.36 213.47 423.81 299.29 1.46 1.49 2.95 -4.40 1.93 11.40 0.09 0.072
pedestrian -1 -1 -1.51 920.82 170.79 964.68 290.88 1.77 0.62 0.88 5.60 1.68 12.10 -1.08 0.999
pedestrian -1 -1 -0.53 582.15 175.45 605.41 241.21 1.75 0.62 1.83 -0.20 1.48 21.00 -0.54 0.998
pedestrian -1 -1 1.06 561.09 172.26 573.19 225.43 1.68 0.41 1.64 -1.10 1.54 23.30 1.01 0.986
pedestrian -1 -1 0.56 451.58 183.92 505.49 285.18 1.68 0.41 1.64 -2.10 1.74 12.50 0.39 0.984
pedestrian -1 -1 2.36 293.16 193.36 375.98 363.23 1.41 0.50 1.32 -2.60 1.50 7.00 2.00 0.984
pedestrian -1 -1 0.63 537.17 175.63 554.99 235.71 1.76 0.66 0.49 -1.70 1.68 22.40 0.56 0.959
pedestrian -1 -1 0.12 607.17 178.88 619.09 222.22 1.68 0.41 1.64 0.50 1.74 31.10 0.14 0.685
pedestrian -1 -1 -0.58 620.90 176.31 633.64 219.00 1.76 0.66 0.49 1.10 1.68 31.40 -0.55 0.372
pedestrian -1 -1 1.02 553.37 173.53 565.39 227.26 1.77 0.62 0.88 -1.40 1.48 23.30 0.96 0.184
pedestrian -1 -1 0.24 601.50 174.47 612.05 226.53 1.76 0.66 0.49 0.30 1.68 31.40 0.25 0.148
pedestrian -1 -1 0.10 615.04 177.89 625.43 219.08 1.76 0.66 0.49 0.90 1.68 32.40 0.13 0.092
cyclist -1 -1 0.48 425.68 182.56 519.28 287.00 1.41 0.50 1.32 -2.20 1.90 12.40 0.31 0.864
cyclist -1 -1 2.59 257.32 185.92 397.58 343.72 1.41 0.50 1.32 -3.20 1.50 8.00 2.21 0.378
cyclist -1 -1 0.87 281.11 181.00 324.04 285.43 1.76 0.66 0.49 -6.30 1.68 15.00 0.47 0.358
cyclist -1 -1 -1.07 579.62 178.01 611.60 242.66 1.87 0.84 1.11 -0.10 1.73 19.10 -1.08 0.082
