car -1 -1 -1.13 29.27 175.91 257.45 278.56 1.54 1.62 3.91 -8.30 1.47 13.30 -1.69 1.000
car -1 -1 -1.26 255.08 180.99 450.80 301.18 1.54 1.62 3.91 -3.70 1.47 11.30 -1.57 1.000
car -1 -1 -1.56 702.74 185.25 824.15 271.04 1.54 1.62 3.91 2.90 1.47 14.30 -1.36 1.000
car -1 -1 -1.74 653.46 177.83 712.39 221.77 1.54 1.62 3.91 2.30 1.27 23.30 -1.64 1.000
car -1 -1 -1.58 435.70 179.80 510.28 232.08 1.54 1.62 3.91 -4.10 1.47 21.70 -1.76 0.999
car -1 -1 -1.35 474.09 178.65 536.44 219.77 1.54 1.62 3.91 -4.10 1.27 28.70 -1.49 0.999
car -1 -1 0.12 381.14 179.47 441.78 217.74 1.54 1.62 3.91 -8.90 1.47 32.90 -0.15 0.943
car -1 -1 -0.67 272.00 184.55 385.48 256.37 1.54 1.62 3.91 -6.90 1.47 18.10 -1.03 0.755
car -1 -1 -0.73 504.45 179.60 539.91 210.42 1.46 1.49 2.95 -4.40 1.33 38.00 -0.84 0.252
car -1 -1 -1.77 431.29 178.05 480.51 206.54 1.46 1.49 2.95 -9.20 1.13 44.00 -1.97 0.093
