car -1 -1 -1.72 711.62 174.69 888.75 292.44 1.54 1.62 3.91 2.70 1.47 11.10 -1.48 0.999
car -1 -1 -2.14 405.48 171.13 484.49 223.29 1.54 1.62 3.91 -5.30 1.47 23.50 -2.37 0.994
car -1 -1 -1.89 697.08 175.05 752.24 202.72 1.46 1.49 2.95 6.20 1.73 40.40 -1.74 0.988
car -1 -1 -0.89 376.58 180.28 463.13 235.91 1.54 1.62 3.91 -5.70 1.67 22.10 -1.14 0.987
car -1 -1 -0.35 262.54 178.01 462.22 242.26 1.54 1.62 3.91 -5.30 1.67 15.70 -0.67 0.881
car -1 -1 1.49 169.86 179.10 337.77 235.95 1.54 1.62 3.91 -10.30 1.87 21.50 1.05 0.875
car -1 -1 0.99 146.51 171.59 402.62 271.67 1.54 1.62 3.91 -5.50 1.47 12.10 0.57 0.858
car -1 -1 0.12 2.23 178.45 283.92 368.25 1.46 1.49 2.95 -3.80 1.73 6.80 -0.39 0.826
car -1 -1 -1.90 442.30 177.70 500.45 213.04 1.46 1.49 2.95 -5.80 1.73 30.40 -2.08 0.704
car -1 -1 0.21 413.62 170.76 463.38 197.83 1.54 1.62 3.91 -9.50 1.47 39.50 -0.02 0.174
car -1 -1 2.03 246.81 172.42 387.45 220.54 1.54 1.62 3.91 -9.70 1.47 23.50 1.64 0.150
car -1 -1 -2.02 463.82 171.49 522.67 200.81 1.54 1.62 3.91 -7.30 1.67 46.30 -2.18 0.080
car -1 -1 1.59 184.68 177.29 275.54 215.79 1.54 1.62 3.91 -16.70 1.67 31.30 1.10 0.055
pedestrian -1 -1 0.02 508.57 179.20 526.22 203.04 1.41 0.50 1.32 -6.20 1.90 48.60 -0.10 0.189
