car -1 -1 1.30 989.59 160.20 1164.66 237.35 1.46 1.49 2.95 9.80 1.33 15.00 1.88 0.999
car -1 -1 -1.81 349.70 184.73 407.73 221.87 1.46 1.49 2.95 -10.20 2.13 32.40 -2.11 0.999
car -1 -1 -1.79 453.24 182.96 579.68 268.45 1.46 1.49 2.95 -1.60 1.73 14.80 -1.89 0.989
car -1 -1 1.93 148.63 184.23 211.97 215.67 1.54 1.62 3.91 -24.30 2.27 41.10 1.40 0.891
car -1 -1 -0.55 313.20 177.68 344.50 197.09 1.54 1.62 3.91 -28.30 2.27 72.90 -0.92 0.835
car -1 -1 1.80 512.24 168.93 623.75 206.84 1.54 1.62 3.91 -1.70 1.47 31.70 1.74 0.609
car -1 -1 -1.40 335.34 181.37 383.87 214.20 1.46 1.49 2.95 -13.20 1.93 37.40 -1.74 0.568
car -1 -1 -1.89 581.94 151.35 950.87 337.05 1.54 1.62 3.91 1.50 1.47 7.30 -1.69 0.530
car -1 -1 0.46 481.08 173.89 572.38 207.22 1.54 1.62 3.91 -3.90 1.67 34.70 0.35 0.452
car -1 -1 -1.48 791.32 157.97 945.10 297.02 1.46 1.49 2.95 3.40 1.33 10.20 -1.16 0.104
car -1 -1 0.04 878.33 160.46 978.96 229.06 1.46 1.49 2.95 7.40 1.33 16.80 0.45 0.096
car -1 -1 -0.74 565.55 166.98 614.06 203.46 1.54 1.62 3.91 -0.70 1.47 31.70 -0.77 0.054
cyclist -1 -1 -0.75 995.94 169.84 1043.15 238.92 1.41 0.50 1.32 9.00 1.50 16.00 -0.24 0.594
