car -1 -1 1.96 308.51 187.68 437.08 256.38 1.46 1.49 2.95 -6.00 1.93 18.20 1.64 1.000
car -1 -1 0.99 740.01 180.21 897.99 281.45 1.54 1.62 3.91 3.30 1.67 12.50 1.25 0.999
car -1 -1 -1.53 667.95 175.87 727.66 219.65 1.54 1.62 3.91 2.90 1.67 25.90 -1.42 0.999
car -1 -1 -1.56 698.15 182.26 797.71 242.79 1.46 1.49 2.95 3.60 1.73 19.20 -1.38 0.999
car -1 -1 1.87 458.80 176.06 509.26 213.41 1.54 1.62 3.91 -5.70 1.87 33.90 1.71 0.999
car -1 -1 1.87 24.73 190.74 203.56 267.72 1.54 1.62 3.91 -11.90 2.07 17.70 1.28 0.949
car -1 -1 2.11 0.00 195.22 268.67 366.89 1.54 1.62 3.91 -5.90 1.87 9.90 1.57 0.889
car -1 -1 1.24 92.64 188.70 218.04 238.45 1.46 1.49 2.95 -14.80 1.93 23.20 0.67 0.466
car -1 -1 1.86 486.49 179.41 521.78 207.82 1.46 1.49 2.95 -5.80 1.93 40.40 1.71 0.433
car -1 -1 -0.79 659.96 175.02 700.87 207.14 1.46 1.49 2.95 3.20 1.53 34.80 -0.70 0.067
pedestrian -1 -1 -1.08 701.68 162.28 714.50 206.94 1.41 0.50 1.32 3.80 1.30 28.40 -0.95 0.304
