car -1 -1 -1.74 745.10 183.08 928.06 290.24 1.54 1.62 3.91 3.30 1.67 11.90 -1.47 0.999
car -1 -1 1.73 187.34 189.85 403.76 307.62 1.46 1.49 2.95 -4.60 1.73 10.80 1.33 0.999
car -1 -1 -2.01 864.46 183.61 1241.00 374.00 1.46 1.49 2.95 3.40 1.53 6.20 -1.51 0.998
car -1 -1 -1.57 688.05 176.66 741.27 217.78 1.54 1.62 3.91 4.10 1.67 28.90 -1.42 0.997
car -1 -1 1.69 337.42 186.41 462.65 255.03 1.54 1.62 3.91 -4.50 1.87 16.10 1.41 0.997
car -1 -1 1.55 489.91 177.50 536.64 212.78 1.54 1.62 3.91 -4.30 1.87 32.10 1.41 0.995
car -1 -1 -1.55 701.24 178.47 774.95 231.79 1.54 1.62 3.91 3.70 1.67 20.90 -1.37 0.990
car -1 -1 1.38 512.19 178.25 553.84 208.87 1.54 1.62 3.91 -4.10 1.87 37.70 1.27 0.858
car -1 -1 -1.59 718.78 179.83 817.75 249.21 1.46 1.49 2.95 3.40 1.53 15.00 -1.37 0.821
car -1 -1 -1.73 947.67 173.20 1027.60 207.14 1.54 1.62 3.91 18.30 1.67 35.30 -1.26 0.544
car -1 -1 -0.03 1124.75 174.13 1202.89 204.51 1.46 1.49 2.95 27.40 1.53 35.60 0.63 0.055
pedestrian -1 -1 1.99 948.33 165.85 971.17 201.68 1.75 0.62 1.83 19.40 1.48 40.20 2.44 0.104
pedestrian -1 -1 -0.25 1132.68 164.90 1156.90 200.69 1.41 0.50 1.32 31.00 1.30 41.80 0.39 0.059
