car -1 -1 -1.64 635.25 184.26 670.48 213.70 1.54 1.62 3.91 2.30 2.27 40.90 -1.59 0.999
car -1 -1 -2.79 120.38 187.37 357.65 281.99 1.46 1.49 2.95 -6.00 1.73 12.00 -3.26 0.998
car -1 -1 -0.37 833.58 183.83 1110.07 282.46 1.54 1.62 3.91 6.10 1.87 12.70 0.08 0.984
car -1 -1 -1.34 412.70 181.61 514.48 215.03 1.54 1.62 3.91 -6.50 1.87 31.50 -1.54 0.978
car -1 -1 -0.19 777.65 187.58 972.23 260.53 1.54 1.62 3.91 5.50 1.87 15.50 0.15 0.977
car -1 -1 -2.45 258.20 170.96 433.19 253.32 2.48 1.81 4.73 -8.30 2.14 22.00 -2.81 0.964
car -1 -1 1.93 727.67 184.48 814.51 234.84 1.54 1.62 3.91 4.70 1.87 21.90 2.15 0.674
car -1 -1 -0.68 858.73 178.61 1238.25 371.50 1.46 1.49 2.95 3.40 1.53 4.20 -0.00 0.586
car -1 -1 -1.52 622.04 180.48 648.54 203.08 1.54 1.62 3.91 1.70 2.07 50.30 -1.49 0.334
car -1 -1 1.52 749.23 188.13 884.78 239.85 1.54 1.62 3.91 6.90 2.07 24.90 1.79 0.184
car -1 -1 -1.27 23.36 178.53 254.71 331.60 1.46 1.49 2.95 -6.00 1.73 9.80 -1.82 0.174
car -1 -1 -1.46 350.07 175.32 455.12 232.31 1.54 1.62 3.91 -5.70 1.67 20.90 -1.72 0.086
car -1 -1 0.59 366.75 169.27 436.78 209.45 2.48 1.81 4.73 -14.30 2.34 50.80 0.31 0.079
cyclist -1 -1 1.29 534.62 182.51 551.70 216.75 1.75 0.62 1.83 -3.40 2.28 36.60 1.19 0.991
