car -1 -1 -1.97 685.57 175.21 852.11 297.97 1.54 1.62 3.91 2.10 1.67 10.90 -1.78 1.000
car -1 -1 1.81 189.89 183.15 464.53 370.94 1.54 1.62 3.91 -2.90 1.67 7.90 1.46 0.999
car -1 -1 -1.12 622.17 178.15 650.41 201.84 1.54 1.62 3.91 1.90 2.07 50.70 -1.08 0.998
car -1 -1 2.20 152.52 183.96 344.03 283.11 1.54 1.62 3.91 -6.70 1.87 13.70 1.75 0.940
car -1 -1 1.62 300.19 180.54 426.02 250.14 1.54 1.62 3.91 -6.30 1.87 18.90 1.29 0.758
car -1 -1 0.46 392.93 175.35 507.01 213.43 1.54 1.62 3.91 -6.10 1.67 28.50 0.25 0.563
car -1 -1 0.30 443.85 172.33 527.99 205.30 1.54 1.62 3.91 -5.90 1.67 35.30 0.13 0.305
car -1 -1 0.94 499.76 177.02 543.68 197.30 1.54 1.62 3.91 -7.50 2.07 63.30 0.82 0.180
car -1 -1 1.60 208.78 186.88 344.23 234.77 1.54 1.62 3.91 -10.30 1.87 22.70 1.17 0.152
car -1 -1 0.11 364.79 178.95 463.09 224.00 1.46 1.49 2.95 -7.00 1.73 25.80 -0.16 0.146
