pedestrian -1 -1 -0.56 512.30 172.50 532.44 229.86 1.76 0.66 0.49 -2.30 1.48 20.80 -0.67 1.000
pedestrian -1 -1 -1.84 381.05 161.27 409.76 248.73 1.76 0.66 0.49 -4.70 1.48 16.60 -2.11 0.998
pedestrian -1 -1 2.17 269.15 154.69 344.35 329.01 1.76 0.66 0.49 -2.90 1.48 7.20 1.79 0.994
pedestrian -1 -1 2.24 651.06 171.75 669.26 226.07 1.68 0.41 1.64 1.90 1.34 23.50 2.32 0.992
pedestrian -1 -1 -2.18 1089.30 149.30 1187.14 353.86 1.76 0.66 0.49 4.10 1.48 5.60 -1.55 0.988
pedestrian -1 -1 -0.10 631.07 167.01 644.71 211.86 1.77 0.62 0.88 1.40 1.28 26.70 -0.05 0.923
pedestrian -1 -1 -1.37 708.87 162.15 724.16 192.05 1.41 0.50 1.32 8.40 0.31 51.80 -1.21 0.160
pedestrian -1 -1 -1.66 1150.97 120.95 1220.41 343.41 1.76 0.66 0.49 4.50 1.28 5.40 -0.96 0.128
pedestrian -1 -1 0.43 84.92 116.80 185.57 351.65 1.76 0.66 0.49 -2.90 1.48 4.40 -0.15 0.077
cyclist -1 -1 -1.02 695.59 161.16 730.92 210.09 1.75 0.62 1.83 5.40 1.08 33.20 -0.86 0.876
cyclist -1 -1 2.38 550.44 172.34 599.51 219.15 1.41 0.50 1.32 -1.00 1.30 25.60 2.34 0.831
cyclist -1 -1 0.51 625.04 170.23 648.67 210.88 1.41 0.50 1.32 1.60 1.11 29.40 0.57 0.255
cyclist -1 -1 0.57 504.95 171.77 541.14 233.66 1.41 0.50 1.32 -2.40 1.11 23.00 0.47 0.242
cyclist -1 -1 0.61 12.36 133.06 241.94 358.67 1.87 0.84 1.11 -2.70 1.53 4.30 0.05 0.085
