car -1 -1 -1.31 271.15 181.86 454.66 295.57 1.54 1.62 3.91 -3.70 1.47 11.50 -1.62 1.000
car -1 -1 -1.57 711.69 185.61 841.00 279.91 1.54 1.62 3.91 2.70 1.47 13.10 -1.37 0.999
car -1 -1 -1.13 108.59 179.66 305.46 262.79 1.54 1.62 3.91 -8.10 1.47 15.30 -1.62 0.999
car -1 -1 -1.65 657.38 177.92 722.99 226.56 1.54 1.62 3.91 2.70 1.47 24.30 -1.54 0.999
car -1 -1 -1.25 479.13 178.26 537.98 218.67 1.54 1.62 3.91 -4.10 1.27 28.90 -1.39 0.999
car -1 -1 -1.43 445.99 181.11 511.82 231.11 1.54 1.62 3.91 -3.90 1.47 23.10 -1.60 0.996
car -1 -1 -1.79 634.63 180.07 662.74 202.15 1.54 1.62 3.91 2.70 1.27 48.70 -1.74 0.964
car -1 -1 0.28 383.25 180.87 444.18 217.08 1.54 1.62 3.91 -8.30 1.27 30.90 0.02 0.874
car -1 -1 -0.76 304.32 183.06 370.68 218.39 1.46 1.49 2.95 -10.80 1.33 28.60 -1.12 0.498
car -1 -1 -1.67 434.40 179.66 488.56 209.73 1.46 1.49 2.95 -8.20 1.33 39.60 -1.87 0.162
cyclist -1 -1 0.98 780.42 184.13 799.72 217.32 1.41 0.50 1.32 9.20 1.30 36.40 1.22 0.058
