car -1 -1 -1.82 738.10 181.26 902.06 279.66 1.54 1.62 3.91 3.50 1.67 12.70 -1.55 1.000
car -1 -1 -1.97 833.09 180.25 1160.42 370.46 1.54 1.62 3.91 3.50 1.67 7.70 -1.54 1.000
car -1 -1 1.73 227.37 188.22 419.40 292.06 1.54 1.62 3.91 -4.70 1.67 12.10 1.36 0.999
car -1 -1 1.64 355.94 185.51 475.38 250.98 1.46 1.49 2.95 -4.60 1.73 17.20 1.38 0.997
car -1 -1 1.44 494.21 176.71 541.51 212.40 1.54 1.62 3.91 -4.30 1.87 33.90 1.32 0.988
car -1 -1 -1.67 713.03 179.03 798.18 242.22 1.46 1.49 2.95 3.80 1.53 19.40 -1.48 0.987
car -1 -1 -1.73 697.85 175.47 763.94 225.40 1.46 1.49 2.95 4.00 1.73 25.20 -1.57 0.958
car -1 -1 -1.40 687.19 176.92 733.54 214.57 1.46 1.49 2.95 4.40 1.73 32.20 -1.26 0.932
car -1 -1 1.99 0.00 195.17 295.79 372.47 1.46 1.49 2.95 -4.00 1.73 7.40 1.49 0.755
car -1 -1 1.43 517.79 178.25 555.27 207.44 1.46 1.49 2.95 -3.80 1.93 38.80 1.33 0.704
car -1 -1 -2.10 1103.03 171.22 1237.71 217.79 1.54 1.62 3.91 20.10 1.47 25.50 -1.44 0.092
car -1 -1 -1.01 1022.54 170.19 1129.94 217.69 1.46 1.49 2.95 14.60 1.33 22.80 -0.44 0.050
