car -1 -1 -1.62 705.61 185.58 815.38 269.35 1.46 1.49 2.95 2.80 1.73 14.40 -1.43 1.000
car -1 -1 -1.19 133.51 180.96 409.11 283.86 1.54 1.62 3.91 -4.90 1.67 11.30 -1.60 0.998
car -1 -1 -1.64 260.70 179.23 464.60 248.09 1.54 1.62 3.91 -5.70 1.67 16.10 -1.99 0.998
car -1 -1 -2.37 388.25 175.99 500.62 222.63 1.54 1.62 3.91 -5.10 1.67 22.90 -2.59 0.983
car -1 -1 0.17 751.69 176.21 933.79 237.92 1.54 1.62 3.91 6.50 1.67 19.90 0.48 0.975
car -1 -1 -2.33 476.36 180.15 542.24 207.15 1.54 1.62 3.91 -5.70 2.07 42.90 -2.46 0.964
car -1 -1 0.05 696.63 179.85 760.96 212.38 1.46 1.49 2.95 5.80 1.93 35.20 0.21 0.477
car -1 -1 0.11 710.36 177.70 844.07 221.78 1.54 1.62 3.91 5.70 1.67 25.10 0.33 0.468
car -1 -1 -1.71 637.61 175.60 664.42 202.96 2.48 1.81 4.73 3.40 2.34 57.30 -1.65 0.452
car -1 -1 -1.28 58.76 189.62 305.94 311.05 1.46 1.49 2.95 -5.60 1.93 9.80 -1.80 0.112
car -1 -1 -0.06 733.59 182.52 790.54 220.10 1.46 1.49 2.95 6.20 1.93 30.20 0.14 0.074
