car -1 -1 1.80 378.63 177.48 461.22 233.18 1.54 1.62 3.91 -5.70 1.67 21.50 1.54 1.000
car -1 -1 -1.97 796.98 172.89 1161.33 366.67 1.54 1.62 3.91 3.10 1.47 7.50 -1.57 1.000
car -1 -1 -1.70 703.71 173.09 813.40 244.82 1.54 1.62 3.91 3.10 1.47 16.70 -1.52 0.999
car -1 -1 1.78 428.98 178.36 488.53 217.66 1.46 1.49 2.95 -6.00 1.73 29.20 1.58 0.995
car -1 -1 -0.77 677.17 170.13 761.59 218.58 1.46 1.49 2.95 3.80 1.33 24.40 -0.62 0.994
car -1 -1 1.44 147.65 181.66 288.34 218.60 1.54 1.62 3.91 -15.50 1.87 28.30 0.94 0.732
car -1 -1 1.79 15.84 198.72 256.29 329.41 1.46 1.49 2.95 -7.20 1.93 11.00 1.21 0.423
car -1 -1 2.14 414.46 173.63 454.04 205.23 1.54 1.62 3.91 -10.10 1.67 41.90 1.90 0.223
car -1 -1 1.71 373.35 175.49 441.77 202.95 1.54 1.62 3.91 -12.30 1.67 44.10 1.44 0.092
car -1 -1 -1.50 838.04 178.29 1069.79 296.05 1.46 1.49 2.95 5.00 1.53 11.00 -1.07 0.058
pedestrian -1 -1 -1.70 724.66 154.97 739.52 211.74 1.68 0.41 1.64 5.10 1.14 30.50 -1.54 0.995
pedestrian -1 -1 -0.73 679.73 156.92 694.66 192.24 1.87 0.84 1.11 4.30 1.13 40.50 -0.62 0.064
