car -1 -1 2.08 229.95 192.55 386.46 283.30 1.54 1.62 3.91 -5.90 1.87 14.10 1.69 1.000
car -1 -1 -1.83 794.42 178.75 1112.33 363.58 1.54 1.62 3.91 3.30 1.47 7.70 -1.42 1.000
car -1 -1 1.65 389.28 187.00 476.51 237.24 1.54 1.62 3.91 -5.70 2.07 24.50 1.43 0.998
car -1 -1 -1.47 680.62 181.29 746.63 227.03 1.46 1.49 2.95 3.40 1.73 23.60 -1.33 0.998
car -1 -1 1.05 703.30 183.36 799.28 247.55 1.54 1.62 3.91 3.50 1.67 18.10 1.24 0.998
car -1 -1 1.80 483.27 178.87 523.86 208.61 1.46 1.49 2.95 -5.80 1.93 39.00 1.65 0.997
car -1 -1 -1.72 658.16 177.82 707.43 212.24 1.54 1.62 3.91 3.30 1.67 31.90 -1.62 0.992
car -1 -1 1.85 14.87 199.78 281.10 348.35 1.46 1.49 2.95 -5.60 1.73 9.20 1.31 0.792
car -1 -1 1.51 161.75 185.67 272.05 239.36 1.54 1.62 3.91 -13.30 2.07 24.50 1.02 0.657
car -1 -1 2.07 102.99 191.58 342.31 290.44 1.54 1.62 3.91 -6.90 1.87 12.90 1.57 0.094
