car -1 -1 0.76 493.71 172.68 541.20 196.63 1.46 1.49 2.95 -5.60 0.93 49.00 0.65 0.053
pedestrian -1 -1 -1.49 688.49 157.86 727.91 288.85 1.76 0.66 0.49 1.50 1.48 10.40 -1.35 0.999
pedestrian -1 -1 -1.82 631.77 159.17 667.05 284.06 1.68 0.41 1.64 0.70 1.54 10.50 -1.75 0.999
pedestrian -1 -1 -1.90 724.48 159.38 745.11 223.81 1.76 0.66 0.49 3.90 1.08 20.80 -1.71 0.985
pedestrian -1 -1 -2.20 296.36 170.26 338.34 300.79 1.76 0.66 0.49 -3.80 1.48 9.50 -2.58 0.970
pedestrian -1 -1 1.11 458.97 169.95 471.71 219.42 1.76 0.66 0.49 -4.70 1.28 25.20 0.92 0.657
pedestrian -1 -1 -0.29 399.98 168.63 412.01 206.41 1.41 0.50 1.32 -10.00 1.11 37.00 -0.56 0.135
cyclist -1 -1 1.19 494.97 166.07 544.67 244.07 1.87 0.84 1.11 -1.90 1.53 16.90 1.07 0.999
cyclist -1 -1 1.90 411.46 163.15 456.28 290.88 1.76 0.66 0.49 -2.50 1.48 10.40 1.66 0.998
cyclist -1 -1 -1.83 661.20 161.73 764.10 267.33 1.68 0.41 1.64 1.90 1.34 11.90 -1.67 0.804
cyclist -1 -1 -0.31 485.98 166.87 512.15 234.57 1.76 0.66 0.49 -2.90 1.48 19.60 -0.45 0.663
cyclist -1 -1 -1.35 715.82 157.06 758.71 232.10 1.87 0.84 1.11 4.10 1.33 20.50 -1.15 0.193
