car -1 -1 -1.65 735.44 180.81 898.85 307.35 1.54 1.62 3.91 2.90 1.67 10.70 -1.39 0.999
car -1 -1 -2.37 322.88 181.11 454.43 236.85 1.46 1.49 2.95 -6.00 1.73 19.20 -2.67 0.999
car -1 -1 -0.15 22.37 176.25 372.02 294.09 1.54 1.62 3.91 -6.30 1.67 10.90 -0.68 0.996
car -1 -1 -2.01 458.22 178.80 535.84 206.74 1.54 1.62 3.91 -6.10 1.87 39.30 -2.16 0.988
car -1 -1 -1.29 180.15 179.03 404.24 267.28 1.54 1.62 3.91 -5.90 1.67 13.70 -1.70 0.980
car -1 -1 0.05 764.98 176.13 1012.49 254.16 1.54 1.62 3.91 5.70 1.67 15.70 0.40 0.976
car -1 -1 1.00 729.91 180.26 866.85 232.87 1.54 1.62 3.91 5.70 1.87 22.50 1.25 0.909
car -1 -1 -2.11 376.51 173.62 489.89 220.81 1.54 1.62 3.91 -5.70 1.67 25.30 -2.33 0.682
car -1 -1 0.81 716.39 175.89 783.25 221.14 1.54 1.62 3.91 5.30 1.87 27.70 1.00 0.672
car -1 -1 -1.57 637.12 178.88 665.79 202.36 1.46 1.49 2.95 3.00 2.13 46.80 -1.51 0.418
car -1 -1 1.04 770.98 181.32 820.46 213.12 1.46 1.49 2.95 10.00 2.13 38.80 1.29 0.109
car -1 -1 1.08 63.49 180.66 243.73 228.04 1.54 1.62 3.91 -15.30 1.87 24.30 0.52 0.067
pedestrian -1 -1 1.24 932.48 162.57 945.15 204.18 1.76 0.66 0.49 17.00 1.68 37.30 1.67 0.179
