car -1 -1 1.63 37.19 213.31 237.01 338.20 1.46 1.49 2.95 -6.80 2.13 10.80 1.07 1.000
car -1 -1 -1.82 634.81 194.01 817.43 305.99 1.46 1.49 2.95 1.80 1.93 12.20 -1.67 0.999
car -1 -1 -1.73 528.14 186.64 585.88 232.61 1.54 1.62 3.91 -1.90 2.07 26.70 -1.80 0.996
car -1 -1 0.82 143.39 198.40 223.35 224.88 1.54 1.62 3.91 -27.30 3.27 46.30 0.29 0.993
car -1 -1 1.61 348.15 191.16 399.05 221.83 1.54 1.62 3.91 -13.90 2.67 42.30 1.29 0.991
car -1 -1 2.36 708.03 172.26 829.92 217.50 1.54 1.62 3.91 5.70 1.47 26.70 2.57 0.919
car -1 -1 0.84 855.57 176.46 1241.00 371.36 1.54 1.62 3.91 2.70 1.67 6.30 1.24 0.907
car -1 -1 -1.60 516.16 187.06 561.64 223.01 1.46 1.49 2.95 -3.40 2.13 32.20 -1.71 0.831
car -1 -1 1.40 663.80 178.21 753.02 211.12 1.54 1.62 3.91 4.90 1.87 36.30 1.53 0.824
car -1 -1 -1.65 501.95 183.79 529.51 205.85 1.54 1.62 3.91 -6.10 2.27 46.90 -1.78 0.456
car -1 -1 0.87 779.20 171.91 829.22 212.09 1.46 1.49 2.95 8.00 1.53 29.20 1.14 0.182
car -1 -1 0.91 722.53 177.50 776.77 222.42 1.46 1.49 2.95 5.40 1.93 28.00 1.10 0.140
