pedestrian -1 -1 -0.44 548.78 169.67 572.26 226.99 1.77 0.62 0.88 -1.40 1.48 23.50 -0.50 1.000
pedestrian -1 -1 1.86 398.95 162.26 453.65 293.43 1.77 0.62 0.88 -2.40 1.48 9.70 1.62 0.999
pedestrian -1 -1 -1.37 586.34 165.14 620.12 276.14 1.75 0.62 1.83 0.00 1.48 11.60 -1.37 0.999
pedestrian -1 -1 0.75 798.08 145.46 849.82 270.50 1.87 0.84 1.11 4.90 1.33 16.10 1.05 0.994
pedestrian -1 -1 -1.96 526.30 168.09 542.08 226.05 1.76 0.66 0.49 -2.30 1.48 24.60 -2.05 0.976
pedestrian -1 -1 -0.20 500.01 175.60 516.49 228.97 1.75 0.62 1.83 -3.60 1.48 28.80 -0.32 0.942
pedestrian -1 -1 -0.77 840.09 148.83 863.34 228.84 1.76 0.66 0.49 5.50 1.08 15.80 -0.44 0.894
pedestrian -1 -1 -0.35 138.42 142.44 192.09 314.00 1.76 0.66 0.49 -5.40 1.48 8.90 -0.90 0.787
pedestrian -1 -1 2.04 471.04 173.37 486.98 201.19 1.41 0.50 1.32 -8.60 1.11 50.20 1.87 0.158
pedestrian -1 -1 -0.54 344.48 195.39 374.94 250.18 1.41 0.50 1.32 -6.00 1.71 18.20 -0.86 0.119
pedestrian -1 -1 -1.57 631.60 166.47 639.57 205.83 1.87 0.84 1.11 1.90 1.13 39.70 -1.52 0.068
cyclist -1 -1 1.18 475.01 171.49 520.55 273.13 1.77 0.62 0.88 -1.80 1.48 12.50 1.03 0.999
cyclist -1 -1 0.60 762.81 132.49 885.60 349.32 1.75 0.62 1.83 2.00 1.48 6.60 0.89 0.998
cyclist -1 -1 1.54 370.73 167.96 486.91 279.02 1.75 0.62 1.83 -2.20 1.48 10.00 1.32 0.341
cyclist -1 -1 1.20 100.13 177.96 224.60 358.19 1.76 0.66 0.49 -3.50 1.68 5.60 0.64 0.101
cyclist -1 -1 -2.00 575.03 169.03 630.12 249.43 1.75 0.62 1.83 0.00 1.48 19.40 -2.00 0.097
