car -1 -1 -1.95 751.20 175.32 1052.70 366.00 1.54 1.62 3.91 2.90 1.47 7.70 -1.59 1.000
car -1 -1 -1.66 575.85 182.39 618.62 218.91 1.54 1.62 3.91 -0.50 1.47 31.90 -1.68 0.999
car -1 -1 -1.11 132.76 178.64 381.48 332.18 1.46 1.49 2.95 -4.20 1.53 9.00 -1.55 0.999
car -1 -1 -1.36 396.06 183.32 481.99 242.90 1.46 1.49 2.95 -4.40 1.53 19.00 -1.59 0.999
car -1 -1 -1.51 457.27 183.53 512.65 224.85 1.46 1.49 2.95 -4.60 1.33 27.00 -1.68 0.996
car -1 -1 -1.19 384.86 182.65 433.05 216.80 1.46 1.49 2.95 -8.00 1.33 29.60 -1.46 0.988
car -1 -1 -1.45 504.22 180.41 536.80 205.74 1.54 1.62 3.91 -4.90 1.27 41.10 -1.56 0.835
car -1 -1 -1.13 72.28 165.19 273.74 271.72 1.54 1.62 3.91 -8.70 1.27 14.70 -1.67 0.833
car -1 -1 0.40 235.27 171.15 378.10 228.76 1.54 1.62 3.91 -10.10 1.27 24.30 0.01 0.709
car -1 -1 -1.56 567.20 182.08 597.57 210.01 1.46 1.49 2.95 -1.40 1.33 38.80 -1.60 0.184
car -1 -1 -1.51 386.93 175.33 475.65 212.89 1.54 1.62 3.91 -7.90 1.07 32.50 -1.74 0.133
car -1 -1 -1.53 472.28 183.45 533.12 211.03 1.54 1.62 3.91 -5.70 1.47 39.50 -1.67 0.132
