car -1 -1 2.21 70.28 195.22 206.97 265.85 1.54 1.62 3.91 -12.30 2.27 19.30 1.64 1.000
car -1 -1 -1.35 345.06 183.03 498.84 299.14 1.46 1.49 2.95 -2.80 1.73 11.20 -1.60 1.000
car -1 -1 -1.67 588.40 176.16 614.66 201.78 1.54 1.62 3.91 -0.30 1.87 47.10 -1.68 0.996
car -1 -1 0.45 669.26 175.48 742.53 232.31 1.54 1.62 3.91 2.50 1.47 20.10 0.57 0.110
pedestrian -1 -1 2.38 684.15 165.55 708.97 231.96 1.77 0.62 0.88 2.20 1.68 19.10 2.49 0.977
pedestrian -1 -1 2.27 670.16 168.48 683.40 226.26 1.76 0.66 0.49 1.90 1.68 20.80 2.36 0.969
pedestrian -1 -1 -0.73 704.87 155.33 729.23 230.44 1.76 0.66 0.49 2.70 1.48 18.40 -0.59 0.962
pedestrian -1 -1 2.55 678.18 168.23 692.59 226.18 1.76 0.66 0.49 2.10 1.68 20.80 2.66 0.439
pedestrian -1 -1 -0.34 382.07 167.25 399.52 229.10 1.77 0.62 0.88 -6.00 1.68 20.10 -0.63 0.105
cyclist -1 -1 1.29 670.16 166.40 751.63 228.95 1.75 0.62 1.83 2.60 1.68 18.40 1.43 0.997
cyclist -1 -1 -1.70 1073.89 152.99 1145.39 230.67 1.68 0.41 1.64 9.90 1.14 14.30 -1.09 0.108
