car -1 -1 2.05 16.93 190.78 301.34 345.64 1.54 1.62 3.91 -5.90 1.87 9.90 1.51 1.000
car -1 -1 1.84 329.49 184.83 447.49 249.00 1.54 1.62 3.91 -5.70 1.87 19.30 1.55 1.000
car -1 -1 1.07 732.95 179.34 868.55 272.29 1.54 1.62 3.91 3.30 1.67 13.30 1.32 0.999
car -1 -1 1.79 463.13 175.48 512.66 209.74 1.54 1.62 3.91 -6.10 1.87 36.10 1.62 0.999
car -1 -1 -1.76 665.91 175.43 723.80 215.91 1.54 1.62 3.91 3.10 1.67 26.70 -1.65 0.999
car -1 -1 -1.55 691.12 178.39 782.45 237.77 1.54 1.62 3.91 3.30 1.67 20.70 -1.39 0.998
car -1 -1 1.89 85.54 186.77 267.71 250.10 1.54 1.62 3.91 -12.10 2.07 20.30 1.36 0.988
car -1 -1 0.92 489.43 178.27 521.96 204.61 1.46 1.49 2.95 -5.80 1.93 40.60 0.78 0.768
car -1 -1 -1.39 658.11 174.23 698.47 205.85 1.46 1.49 2.95 3.20 1.53 35.40 -1.30 0.409
car -1 -1 1.74 75.57 189.30 176.37 234.21 1.46 1.49 2.95 -16.20 1.93 24.00 1.14 0.173
pedestrian -1 -1 -0.98 700.86 158.62 714.66 202.63 1.75 0.62 1.83 4.80 1.28 35.80 -0.85 0.063
