car -1 -1 1.34 479.36 169.66 525.22 206.41 2.48 1.81 4.73 -6.60 1.74 49.10 1.20 0.985
pedestrian -1 -1 -0.64 742.50 160.78 768.72 235.46 1.76 0.66 0.49 3.70 1.28 17.20 -0.43 0.997
pedestrian -1 -1 -1.89 664.77 164.09 713.11 315.72 1.76 0.66 0.49 1.00 1.48 8.30 -1.77 0.996
pedestrian -1 -1 -0.35 615.23 168.10 656.02 318.90 1.68 0.41 1.64 0.30 1.54 8.70 -0.31 0.988
pedestrian -1 -1 -1.45 208.27 173.67 256.07 336.52 1.76 0.66 0.49 -4.10 1.68 8.00 -1.92 0.981
pedestrian -1 -1 -1.12 717.17 159.27 747.55 246.11 1.75 0.62 1.83 3.60 1.28 20.00 -0.94 0.738
pedestrian -1 -1 -0.56 659.95 169.26 670.84 210.33 1.75 0.62 1.83 3.60 1.08 40.00 -0.47 0.556
pedestrian -1 -1 1.86 427.17 161.37 458.21 264.78 1.76 0.66 0.49 -2.90 1.28 13.20 1.65 0.514
pedestrian -1 -1 2.15 347.22 177.55 413.82 279.90 1.75 0.62 1.83 -5.40 1.68 17.60 1.85 0.411
pedestrian -1 -1 -0.92 680.74 169.27 703.29 212.52 1.75 0.62 1.83 4.60 1.08 35.40 -0.79 0.054
cyclist -1 -1 1.65 332.52 171.82 425.50 331.41 1.87 0.84 1.11 -3.30 1.73 10.10 1.33 0.998
cyclist -1 -1 1.58 414.94 162.28 466.94 263.72 1.77 0.62 0.88 -3.10 1.68 13.60 1.35 0.984
cyclist -1 -1 -1.37 711.60 155.52 768.68 275.98 1.77 0.62 0.88 2.00 1.48 10.70 -1.19 0.800
cyclist -1 -1 -1.68 642.87 164.06 793.68 307.37 1.75 0.62 1.83 1.40 1.48 8.20 -1.52 0.253
cyclist -1 -1 -0.32 396.99 173.39 421.82 222.62 1.77 0.62 0.88 -7.90 1.68 29.60 -0.59 0.059
