car -1 -1 -1.45 352.63 179.83 415.93 229.27 1.46 1.49 2.95 -8.40 1.93 27.00 -1.75 0.998
car -1 -1 -1.26 510.93 179.04 541.23 203.98 1.46 1.49 2.95 -5.00 1.93 43.00 -1.38 0.996
car -1 -1 -1.44 571.35 181.47 671.21 248.26 1.46 1.49 2.95 0.20 1.93 20.80 -1.43 0.992
car -1 -1 -1.79 528.82 179.42 585.82 220.48 1.46 1.49 2.95 -2.00 1.73 25.80 -1.87 0.984
car -1 -1 -1.62 380.32 180.06 430.77 213.46 1.46 1.49 2.95 -9.60 1.93 35.00 -1.89 0.980
car -1 -1 -1.64 553.98 177.42 617.51 226.60 1.54 1.62 3.91 -0.90 1.67 22.50 -1.68 0.961
car -1 -1 1.68 13.50 175.38 332.17 369.86 1.46 1.49 2.95 -4.00 1.73 7.60 1.19 0.903
car -1 -1 0.67 483.81 171.78 509.55 193.19 2.48 1.81 4.73 -11.40 2.34 73.10 0.52 0.438
pedestrian -1 -1 0.18 1077.99 156.38 1105.04 224.77 1.76 0.66 0.49 11.50 1.28 17.40 0.77 0.414
pedestrian -1 -1 -0.34 575.85 194.29 598.13 251.80 1.41 0.50 1.32 -0.60 1.90 17.20 -0.38 0.096
