car -1 -1 1.60 545.56 182.97 597.06 224.75 1.54 1.62 3.91 -1.30 1.67 29.70 1.56 0.996
pedestrian -1 -1 2.20 334.80 178.40 385.24 313.93 1.76 0.66 0.49 -3.20 1.68 9.70 1.89 1.000
pedestrian -1 -1 1.13 912.12 166.29 971.51 306.34 1.76 0.66 0.49 4.10 1.48 8.80 1.57 1.000
pedestrian -1 -1 -1.67 707.79 177.75 763.18 288.97 1.77 0.62 0.88 2.10 1.68 11.80 -1.49 0.999
pedestrian -1 -1 0.05 695.05 181.21 726.30 284.73 1.76 0.66 0.49 1.70 1.68 12.00 0.19 0.998
pedestrian -1 -1 1.77 769.52 168.61 810.25 330.72 1.76 0.66 0.49 2.10 1.68 8.40 2.01 0.997
pedestrian -1 -1 -1.22 797.41 168.41 821.54 252.25 1.76 0.66 0.49 4.90 1.48 16.80 -0.94 0.997
pedestrian -1 -1 -1.81 637.55 171.69 668.42 251.44 1.75 0.62 1.83 1.40 1.68 18.40 -1.73 0.996
pedestrian -1 -1 1.30 966.31 163.77 1021.53 312.77 1.76 0.66 0.49 4.50 1.48 8.20 1.80 0.996
pedestrian -1 -1 1.65 238.39 176.01 299.96 312.63 1.76 0.66 0.49 -4.50 1.88 9.80 1.22 0.909
pedestrian -1 -1 -0.65 670.55 177.57 687.88 240.23 1.68 0.41 1.64 2.70 1.54 25.30 -0.54 0.747
pedestrian -1 -1 -1.46 748.30 180.96 761.97 221.20 1.68 0.41 1.64 8.10 1.74 37.30 -1.25 0.229
pedestrian -1 -1 -1.03 732.12 183.50 743.74 214.05 1.41 0.50 1.32 7.80 1.71 40.60 -0.84 0.202
cyclist -1 -1 1.40 208.26 181.90 327.94 311.24 1.87 0.84 1.11 -5.30 1.93 11.10 0.96 0.996
cyclist -1 -1 -1.82 634.60 171.00 679.69 251.56 1.75 0.62 1.83 2.00 1.68 23.60 -1.74 0.612
cyclist -1 -1 -0.90 661.10 175.84 692.84 245.09 1.68 0.41 1.64 1.90 1.74 18.10 -0.80 0.311
