car -1 -1 0.21 600.20 172.00 626.04 196.41 2.48 1.81 4.73 1.20 1.54 69.50 0.22 0.484
pedestrian -1 -1 -0.74 499.44 175.02 521.04 231.66 1.68 0.41 1.64 -2.70 1.54 21.90 -0.86 0.999
pedestrian -1 -1 -0.30 657.33 168.25 674.96 229.48 1.76 0.66 0.49 2.00 1.48 21.90 -0.20 0.986
pedestrian -1 -1 -1.35 683.00 169.01 698.17 228.86 1.68 0.41 1.64 2.70 1.54 22.10 -1.23 0.738
pedestrian -1 -1 0.97 460.09 171.51 473.14 208.86 1.41 0.50 1.32 -6.00 1.11 31.80 0.79 0.564
pedestrian -1 -1 -0.52 1108.20 192.88 1185.40 319.70 1.41 0.50 1.32 7.00 1.50 9.40 0.12 0.304
pedestrian -1 -1 -0.12 890.19 180.90 910.60 231.94 1.76 0.66 0.49 10.10 1.48 24.40 0.27 0.127
pedestrian -1 -1 0.07 706.08 174.56 718.17 208.86 1.75 0.62 1.83 6.40 1.48 40.80 0.23 0.090
cyclist -1 -1 1.11 454.30 172.36 478.46 226.16 1.75 0.62 1.83 -4.80 1.28 26.20 0.93 0.316
cyclist -1 -1 0.35 702.88 178.74 723.94 205.78 1.41 0.50 1.32 6.40 1.30 40.60 0.50 0.070
