pedestrian -1 -1 -1.15 579.53 157.20 605.25 234.46 1.75 0.62 1.83 -0.20 1.28 16.00 -1.16 1.000
pedestrian -1 -1 1.61 539.73 154.81 563.24 225.65 1.77 0.62 0.88 -1.40 1.08 19.90 1.53 1.000
pedestrian -1 -1 -1.85 1067.12 143.24 1151.97 340.31 1.77 0.62 0.88 5.80 1.28 8.30 -1.24 0.997
pedestrian -1 -1 0.94 41.40 173.76 130.49 369.21 1.76 0.66 0.49 -5.00 1.68 7.10 0.33 0.988
pedestrian -1 -1 -0.16 617.10 160.23 632.40 208.48 1.76 0.66 0.49 0.90 1.08 28.40 -0.12 0.969
pedestrian -1 -1 1.74 352.70 179.76 437.41 322.37 1.77 0.62 0.88 -2.10 1.48 7.80 1.47 0.942
pedestrian -1 -1 -0.82 603.31 164.92 618.04 205.10 1.41 0.50 1.32 0.40 0.90 29.60 -0.80 0.924
pedestrian -1 -1 0.72 718.47 149.50 738.24 200.60 1.87 0.84 1.11 6.10 0.53 34.50 0.89 0.852
pedestrian -1 -1 -0.99 478.99 164.80 506.87 235.41 1.75 0.62 1.83 -2.60 1.48 17.40 -1.14 0.723
cyclist -1 -1 1.43 0.00 165.77 177.43 357.24 1.75 0.62 1.83 -6.60 1.48 9.20 0.81 0.977
cyclist -1 -1 1.65 326.35 177.88 468.01 314.86 1.41 0.50 1.32 -2.60 1.30 8.00 1.34 0.968
cyclist -1 -1 -0.13 701.77 145.58 765.23 252.25 1.87 0.84 1.11 2.50 1.33 13.30 0.06 0.895
cyclist -1 -1 -1.82 1036.99 147.19 1184.17 342.22 1.87 0.84 1.11 4.70 1.53 6.90 -1.22 0.335
