car -1 -1 -1.80 721.26 157.73 900.21 292.47 1.54 1.62 3.91 2.70 1.27 10.30 -1.54 0.062
pedestrian -1 -1 0.16 516.24 178.75 534.29 234.47 1.77 0.62 0.88 -2.60 1.68 24.90 0.05 1.000
pedestrian -1 -1 -2.19 966.24 160.80 1048.09 327.89 1.76 0.66 0.49 4.20 1.48 7.50 -1.68 1.000
pedestrian -1 -1 -0.01 675.01 181.30 691.59 228.87 1.68 0.41 1.64 2.90 1.74 25.30 0.11 0.986
pedestrian -1 -1 1.72 381.25 171.53 429.66 279.52 1.76 0.66 0.49 -3.30 1.48 12.00 1.45 0.979
pedestrian -1 -1 -1.12 418.46 164.00 437.15 245.82 1.76 0.66 0.49 -4.50 1.48 18.60 -1.36 0.472
pedestrian -1 -1 0.17 29.22 198.01 75.23 263.36 1.41 0.50 1.32 -16.20 1.90 21.00 -0.49 0.281
pedestrian -1 -1 -0.08 628.28 176.35 639.75 216.49 1.68 0.41 1.64 1.50 1.74 31.90 -0.03 0.095
pedestrian -1 -1 0.02 301.83 146.41 332.79 269.46 1.76 0.66 0.49 -5.40 1.48 13.70 -0.36 0.069
pedestrian -1 -1 -1.26 347.59 190.30 387.65 273.95 1.41 0.50 1.32 -4.80 1.71 14.60 -1.58 0.055
cyclist -1 -1 2.45 558.46 180.65 603.07 224.58 1.68 0.41 1.64 -0.70 1.74 29.70 2.42 0.968
cyclist -1 -1 0.39 623.86 175.49 646.65 216.40 1.87 0.84 1.11 1.50 1.53 32.90 0.44 0.165
