car -1 -1 -1.73 696.91 181.14 826.73 276.60 1.54 1.62 3.91 2.50 1.67 13.10 -1.54 1.000
car -1 -1 1.84 315.13 185.24 472.62 280.14 1.54 1.62 3.91 -3.90 1.87 13.30 1.56 0.999
car -1 -1 -1.45 649.60 178.31 713.61 229.80 1.54 1.62 3.91 2.30 1.67 23.10 -1.35 0.997
car -1 -1 0.80 405.62 173.51 496.56 218.45 1.54 1.62 3.91 -6.90 1.87 31.50 0.59 0.988
car -1 -1 -1.51 626.50 172.06 663.25 206.73 1.54 1.62 3.91 1.70 1.67 37.70 -1.47 0.923
car -1 -1 -0.51 842.09 196.46 1241.00 374.00 1.46 1.49 2.95 2.40 1.73 3.60 0.08 0.144
car -1 -1 -0.69 710.20 181.09 800.13 210.99 1.54 1.62 3.91 7.70 1.87 37.50 -0.49 0.091
pedestrian -1 -1 2.08 445.22 180.64 460.75 227.12 1.41 0.50 1.32 -5.20 1.71 23.80 1.86 0.199
pedestrian -1 -1 -0.56 702.70 174.46 712.89 215.67 1.41 0.50 1.32 5.00 1.90 36.40 -0.42 0.123
pedestrian -1 -1 0.44 628.39 166.07 639.24 202.81 1.87 0.84 1.11 1.30 1.73 36.70 0.48 0.051
cyclist -1 -1 -0.63 700.35 176.28 718.61 238.62 1.75 0.62 1.83 3.80 1.88 28.20 -0.49 0.103
