car -1 -1 -1.65 627.65 178.38 687.29 225.22 1.54 1.62 3.91 1.70 1.87 25.70 -1.58 0.998
car -1 -1 1.98 884.19 183.83 1241.00 333.86 1.46 1.49 2.95 5.00 1.73 8.40 2.52 0.997
car -1 -1 1.28 798.24 176.82 1005.59 283.54 1.54 1.62 3.91 4.50 1.47 11.70 1.65 0.993
car -1 -1 -0.87 17.02 161.63 281.11 307.10 1.46 1.49 2.95 -5.80 1.53 9.60 -1.41 0.992
car -1 -1 -1.62 610.55 172.91 648.55 205.27 1.54 1.62 3.91 1.10 1.67 41.10 -1.59 0.992
car -1 -1 -2.51 280.71 181.85 457.48 235.72 1.54 1.62 3.91 -6.50 1.67 19.30 -2.83 0.975
car -1 -1 -1.55 459.76 176.12 507.60 206.82 1.54 1.62 3.91 -5.90 1.67 34.50 -1.72 0.913
car -1 -1 -2.17 372.31 178.98 483.40 221.87 1.46 1.49 2.95 -6.20 1.73 26.00 -2.41 0.594
pedestrian -1 -1 -0.71 342.27 169.79 358.07 206.50 1.75 0.62 1.83 -14.00 1.68 38.40 -1.06 0.057
cyclist -1 -1 1.75 453.71 175.96 487.81 251.30 1.77 0.62 0.88 -3.40 1.88 17.50 1.55 1.000
cyclist -1 -1 -0.29 335.77 173.36 365.33 207.49 1.75 0.62 1.83 -14.00 1.68 38.40 -0.64 0.131
