car -1 -1 -1.71 459.16 176.34 497.27 204.19 1.54 1.62 3.91 -8.70 2.07 48.30 -1.89 0.996
car -1 -1 -0.59 846.08 182.99 1241.00 349.65 1.54 1.62 3.91 4.70 1.67 7.50 -0.03 0.995
car -1 -1 -0.65 773.90 181.54 1053.14 306.48 1.46 1.49 2.95 4.00 1.73 9.80 -0.26 0.968
car -1 -1 -2.15 34.18 176.46 258.91 272.37 1.46 1.49 2.95 -8.00 1.53 12.60 -2.71 0.949
car -1 -1 -1.88 127.92 172.68 326.46 257.62 1.54 1.62 3.91 -7.50 1.67 14.30 -2.36 0.876
car -1 -1 -1.62 232.69 180.52 341.97 247.25 1.46 1.49 2.95 -8.80 1.93 20.20 -2.03 0.672
car -1 -1 -0.85 334.25 175.33 387.80 205.74 1.54 1.62 3.91 -13.30 1.67 38.90 -1.18 0.577
car -1 -1 -0.01 1174.67 186.05 1235.77 232.94 1.46 1.49 2.95 24.20 2.13 28.40 0.70 0.469
car -1 -1 -1.89 258.93 172.33 369.91 222.09 1.54 1.62 3.91 -10.10 1.67 25.10 -2.27 0.093
car -1 -1 1.41 1060.11 182.49 1128.48 205.72 1.54 1.62 3.91 36.30 2.27 54.10 2.00 0.089
