car -1 -1 -1.94 44.20 180.11 330.88 274.43 1.54 1.62 3.91 -7.10 1.67 12.30 -2.46 0.999
car -1 -1 -2.75 280.43 179.88 454.43 235.81 1.54 1.62 3.91 -6.50 1.67 19.90 -3.06 0.996
car -1 -1 2.55 799.41 172.44 1078.79 269.01 1.54 1.62 3.91 6.10 1.67 14.30 2.95 0.985
car -1 -1 -2.35 365.72 172.53 497.81 226.17 1.54 1.62 3.91 -6.10 1.67 24.70 -2.59 0.983
car -1 -1 -1.37 1087.62 188.72 1241.00 364.90 1.46 1.49 2.95 6.00 1.53 6.20 -0.60 0.917
car -1 -1 -1.33 456.39 174.57 527.85 204.39 1.54 1.62 3.91 -6.10 1.67 37.10 -1.49 0.916
car -1 -1 0.36 497.86 167.36 560.92 200.25 2.48 1.81 4.73 -5.70 2.14 51.80 0.25 0.883
car -1 -1 -1.28 226.27 185.93 345.47 247.27 1.46 1.49 2.95 -8.40 1.93 19.40 -1.69 0.186
car -1 -1 -2.10 475.56 181.38 510.86 206.73 1.46 1.49 2.95 -6.60 2.13 41.40 -2.26 0.119
car -1 -1 -0.92 635.80 155.92 678.25 203.81 2.48 1.81 4.73 2.40 1.94 38.50 -0.86 0.072
pedestrian -1 -1 -1.51 288.54 175.17 318.19 219.63 1.41 0.50 1.32 -11.40 1.71 26.80 -1.92 0.466
