car -1 -1 -2.12 341.71 170.85 498.95 227.23 1.54 1.62 3.91 -4.90 1.47 18.50 -2.38 0.999
car -1 -1 -1.48 661.50 175.37 718.38 220.12 1.46 1.49 2.95 2.80 1.53 24.80 -1.37 0.998
car -1 -1 -2.13 201.10 161.35 395.81 267.98 2.48 1.81 4.73 -7.50 1.94 17.60 -2.53 0.994
car -1 -1 0.32 8.59 169.21 352.96 299.26 1.54 1.62 3.91 -5.10 1.47 9.30 -0.18 0.988
car -1 -1 -1.85 710.66 166.41 861.77 288.28 1.54 1.62 3.91 2.70 1.47 11.90 -1.62 0.966
car -1 -1 -2.45 400.50 171.31 514.17 208.13 1.54 1.62 3.91 -6.30 1.47 30.70 -2.65 0.801
car -1 -1 -0.93 705.29 171.44 800.86 212.64 1.46 1.49 2.95 5.20 1.53 27.60 -0.74 0.778
car -1 -1 -2.19 316.67 174.04 418.68 235.41 1.46 1.49 2.95 -6.20 1.53 18.40 -2.52 0.518
car -1 -1 -2.39 494.98 173.87 551.87 197.31 1.54 1.62 3.91 -6.10 1.67 51.50 -2.51 0.384
car -1 -1 -2.20 456.17 171.48 526.16 200.41 1.46 1.49 2.95 -6.20 1.53 38.20 -2.36 0.068
car -1 -1 -0.78 1133.03 170.94 1237.69 224.71 1.54 1.62 3.91 14.70 1.27 16.50 -0.06 0.055
