car -1 -1 -1.70 681.93 181.34 783.61 255.60 1.54 1.62 3.91 2.70 1.67 16.70 -1.54 1.000
car -1 -1 -2.31 433.46 175.03 528.04 208.23 1.54 1.62 3.91 -6.30 1.67 34.50 -2.49 0.994
car -1 -1 0.44 236.02 168.85 480.88 240.09 1.54 1.62 3.91 -5.50 1.47 15.50 0.10 0.978
car -1 -1 -0.55 3.13 176.36 337.89 309.78 1.54 1.62 3.91 -6.10 1.47 10.10 -1.09 0.976
car -1 -1 0.35 671.24 174.65 741.44 200.87 1.54 1.62 3.91 5.30 1.67 40.50 0.48 0.965
car -1 -1 -2.71 349.63 168.13 496.40 221.82 1.54 1.62 3.91 -5.50 1.47 22.10 -2.95 0.962
car -1 -1 0.80 161.45 175.90 368.77 261.89 1.54 1.62 3.91 -6.70 1.67 14.30 0.36 0.806
car -1 -1 -0.42 735.63 180.88 880.40 230.97 1.54 1.62 3.91 5.50 1.67 20.10 -0.16 0.735
car -1 -1 0.56 710.91 174.61 754.74 209.34 1.46 1.49 2.95 6.20 1.73 36.80 0.73 0.466
car -1 -1 -2.65 474.89 173.53 544.01 201.79 1.54 1.62 3.91 -5.50 1.67 41.50 -2.78 0.178
car -1 -1 -2.44 511.65 175.76 559.32 194.43 1.54 1.62 3.91 -6.10 1.87 61.50 -2.54 0.106
