car -1 -1 1.82 249.62 184.43 392.18 264.22 1.54 1.62 3.91 -6.10 1.87 15.90 1.45 1.000
car -1 -1 1.57 498.33 179.29 547.03 212.47 1.54 1.62 3.91 -4.30 1.87 35.90 1.45 0.998
car -1 -1 1.15 402.37 185.02 461.16 223.44 1.46 1.49 2.95 -7.00 2.13 29.20 0.91 0.994
car -1 -1 1.40 474.44 181.90 510.99 208.66 1.54 1.62 3.91 -6.90 2.07 43.50 1.25 0.993
car -1 -1 2.02 691.34 164.88 785.85 195.03 1.54 1.62 3.91 7.50 1.27 40.10 2.20 0.937
car -1 -1 2.00 0.00 175.71 290.98 331.55 1.54 1.62 3.91 -6.30 1.67 10.70 1.47 0.780
car -1 -1 -1.31 1074.94 155.92 1197.64 188.81 1.54 1.62 3.91 23.10 0.67 31.70 -0.68 0.669
car -1 -1 0.06 525.87 177.69 557.85 201.16 1.54 1.62 3.91 -4.10 1.87 43.70 -0.04 0.382
car -1 -1 2.24 47.84 185.42 257.70 248.70 1.54 1.62 3.91 -11.50 1.87 18.10 1.67 0.138
car -1 -1 -0.93 629.25 174.48 654.99 198.11 1.54 1.62 3.91 2.50 1.67 53.10 -0.88 0.121
pedestrian -1 -1 -0.97 681.02 163.93 694.27 210.93 1.68 0.41 1.64 2.90 1.34 27.10 -0.87 0.072
