car -1 -1 -1.75 656.61 174.23 722.21 226.09 1.54 1.62 3.91 2.50 1.67 23.90 -1.65 1.000
car -1 -1 -1.63 697.36 184.32 829.69 273.88 1.54 1.62 3.91 2.70 1.67 13.90 -1.44 0.999
car -1 -1 0.70 69.49 177.91 363.96 277.23 1.54 1.62 3.91 -6.50 1.67 12.50 0.22 0.999
car -1 -1 -2.77 243.04 166.54 445.00 247.65 1.54 1.62 3.91 -6.30 1.47 17.30 -3.12 0.992
car -1 -1 -2.44 380.65 178.48 497.30 220.99 1.54 1.62 3.91 -6.30 1.67 27.10 -2.67 0.988
car -1 -1 -1.08 637.45 173.92 674.83 205.20 1.46 1.49 2.95 2.40 1.53 36.20 -1.01 0.947
car -1 -1 -2.09 457.23 174.17 536.64 206.54 1.54 1.62 3.91 -5.50 1.67 35.30 -2.24 0.901
car -1 -1 -0.92 502.98 175.14 557.45 197.05 1.54 1.62 3.91 -6.30 1.87 59.90 -1.02 0.363
car -1 -1 -1.63 649.51 179.19 693.19 215.46 1.46 1.49 2.95 2.40 1.73 29.20 -1.55 0.301
car -1 -1 -1.10 496.99 179.78 535.09 203.56 1.46 1.49 2.95 -5.20 1.93 40.80 -1.23 0.109
car -1 -1 -2.00 440.78 176.63 495.49 212.60 1.54 1.62 3.91 -6.30 1.67 32.50 -2.19 0.055
