car -1 -1 1.47 375.03 150.39 479.61 229.77 2.48 1.81 4.73 -5.00 1.34 21.30 1.24 0.950
car -1 -1 0.84 512.74 142.65 566.02 213.24 2.48 1.81 4.73 -2.20 1.14 27.30 0.76 0.871
car -1 -1 1.85 424.72 160.40 496.04 213.59 1.54 1.62 3.91 -4.90 1.07 25.50 1.66 0.207
pedestrian -1 -1 -1.37 605.17 161.65 626.91 234.36 1.76 0.66 0.49 0.30 1.28 17.60 -1.35 1.000
pedestrian -1 -1 -0.94 207.43 168.07 249.47 280.09 1.76 0.66 0.49 -6.10 1.48 11.60 -1.43 0.999
pedestrian -1 -1 -2.00 760.25 143.31 807.86 300.49 1.76 0.66 0.49 2.30 1.48 9.00 -1.75 0.999
pedestrian -1 -1 1.09 695.36 164.30 742.28 297.37 1.76 0.66 0.49 1.30 1.48 8.60 1.24 0.998
pedestrian -1 -1 2.54 286.65 169.89 331.22 302.01 1.76 0.66 0.49 -3.90 1.48 9.60 2.15 0.995
pedestrian -1 -1 -0.40 1007.82 131.92 1052.56 279.31 1.76 0.66 0.49 5.50 1.08 9.40 0.13 0.994
pedestrian -1 -1 -0.52 727.03 152.18 764.46 276.61 1.76 0.66 0.49 2.30 1.28 11.40 -0.32 0.978
pedestrian -1 -1 2.59 1107.31 131.28 1200.61 341.30 1.76 0.66 0.49 4.80 1.48 6.30 3.24 0.961
pedestrian -1 -1 1.80 688.08 172.06 710.86 235.11 1.41 0.50 1.32 2.20 1.30 17.20 1.92 0.657
pedestrian -1 -1 2.40 241.90 169.17 294.87 308.17 1.76 0.66 0.49 -4.40 1.68 9.50 1.96 0.476
pedestrian -1 -1 1.66 1166.94 122.52 1224.87 310.39 1.76 0.66 0.49 6.60 1.08 7.70 2.36 0.411
pedestrian -1 -1 1.01 713.02 157.76 730.14 230.69 1.68 0.41 1.64 3.70 0.94 22.10 1.18 0.073
cyclist -1 -1 2.24 1080.33 138.82 1237.00 324.67 1.77 0.62 0.88 5.70 1.28 7.40 2.90 0.678
cyclist -1 -1 2.00 239.56 171.42 341.58 304.88 1.87 0.84 1.11 -4.30 1.73 9.50 1.57 0.502
