car -1 -1 -2.06 713.55 150.80 899.79 277.55 1.54 1.62 3.91 2.50 1.27 10.10 -1.82 0.999
car -1 -1 1.79 0.00 172.88 401.30 374.00 1.54 1.62 3.91 -3.50 1.67 7.30 1.34 0.999
car -1 -1 -1.82 816.97 171.49 1241.00 365.45 1.54 1.62 3.91 3.30 1.47 6.30 -1.34 0.996
car -1 -1 1.63 403.14 179.08 485.39 243.68 1.46 1.49 2.95 -4.20 1.73 19.20 1.41 0.991
car -1 -1 1.73 484.79 168.79 527.54 204.43 1.54 1.62 3.91 -5.70 1.47 39.10 1.58 0.982
car -1 -1 1.76 304.77 170.99 455.31 292.22 1.46 1.49 2.95 -3.80 1.73 12.20 1.46 0.982
car -1 -1 1.88 91.78 181.37 402.17 278.31 1.54 1.62 3.91 -5.90 1.67 12.10 1.43 0.262
car -1 -1 -1.93 723.60 158.36 778.07 211.50 2.48 1.81 4.73 7.00 1.74 37.10 -1.74 0.188
car -1 -1 1.57 520.90 169.91 545.98 191.74 1.54 1.62 3.91 -6.10 1.47 57.90 1.47 0.071
pedestrian -1 -1 -1.64 706.48 190.85 737.19 260.37 1.41 0.50 1.32 2.20 1.71 14.60 -1.49 0.761
