car -1 -1 -1.50 675.80 181.62 777.82 254.07 1.54 1.62 3.91 2.50 1.67 17.10 -1.35 0.999
car -1 -1 0.54 311.92 181.99 480.40 236.02 1.54 1.62 3.91 -5.90 1.87 21.10 0.27 0.997
car -1 -1 -1.90 790.55 200.34 1115.59 370.88 1.46 1.49 2.95 2.60 1.73 6.40 -1.51 0.996
car -1 -1 0.43 639.05 170.96 674.45 200.06 1.46 1.49 2.95 2.60 1.53 39.40 0.49 0.992
car -1 -1 -1.30 659.38 179.70 706.08 218.06 1.46 1.49 2.95 2.80 1.73 27.40 -1.19 0.992
car -1 -1 -1.60 162.06 187.82 384.37 265.30 1.54 1.62 3.91 -6.70 1.67 14.30 -2.04 0.991
car -1 -1 -2.26 56.34 191.45 307.76 296.08 1.54 1.62 3.91 -6.50 1.87 11.70 -2.77 0.964
car -1 -1 -2.18 463.68 175.00 540.45 209.69 1.54 1.62 3.91 -5.30 1.67 35.90 -2.32 0.949
car -1 -1 -2.01 510.45 173.91 547.40 201.20 1.54 1.62 3.91 -4.30 1.67 40.50 -2.11 0.176
car -1 -1 0.97 242.21 180.19 346.99 209.94 1.54 1.62 3.91 -15.10 1.87 34.90 0.56 0.108
