pedestrian -1 -1 0.20 551.56 169.74 570.73 228.91 1.76 0.66 0.49 -1.30 1.48 22.20 0.14 1.000
pedestrian -1 -1 -1.21 623.73 161.05 664.42 303.42 1.76 0.66 0.49 0.50 1.48 9.40 -1.16 1.000
pedestrian -1 -1 -0.94 576.26 167.16 601.26 227.21 1.87 0.84 1.11 -0.30 1.53 22.50 -0.95 1.000
pedestrian -1 -1 1.74 285.43 151.27 371.44 359.87 1.76 0.66 0.49 -2.60 1.48 6.70 1.37 0.999
pedestrian -1 -1 -1.68 513.49 167.60 531.94 224.31 1.75 0.62 1.83 -2.60 1.28 24.00 -1.78 0.978
pedestrian -1 -1 2.37 489.90 168.73 503.27 223.48 1.76 0.66 0.49 -3.70 1.28 24.60 2.22 0.978
pedestrian -1 -1 0.86 918.04 116.73 1018.59 364.94 1.76 0.66 0.49 2.80 1.48 5.70 1.32 0.977
pedestrian -1 -1 0.23 591.77 168.48 609.46 223.68 1.75 0.62 1.83 0.00 1.48 21.00 0.23 0.844
pedestrian -1 -1 -0.09 355.38 194.59 401.54 310.37 1.76 0.66 0.49 -2.90 1.68 9.40 -0.39 0.777
pedestrian -1 -1 -1.49 788.11 156.35 809.19 210.86 1.76 0.66 0.49 5.30 1.08 19.60 -1.22 0.724
pedestrian -1 -1 2.12 469.17 167.81 486.77 222.97 1.68 0.41 1.64 -4.10 1.34 24.50 1.96 0.702
pedestrian -1 -1 -1.12 633.79 167.46 654.84 218.70 1.77 0.62 0.88 1.80 1.08 27.70 -1.06 0.132
pedestrian -1 -1 0.87 418.99 174.96 463.99 298.62 1.41 0.50 1.32 -2.40 1.30 10.40 0.65 0.107
pedestrian -1 -1 2.00 223.71 205.24 270.89 307.96 1.41 0.50 1.32 -4.80 1.71 9.60 1.54 0.091
pedestrian -1 -1 -1.87 663.26 165.72 674.10 205.86 1.77 0.62 0.88 3.40 1.08 35.70 -1.78 0.059
cyclist -1 -1 0.44 403.89 174.40 479.90 323.56 1.77 0.62 0.88 -1.80 1.68 7.90 0.22 0.999
cyclist -1 -1 1.10 846.57 120.62 1083.49 360.57 1.87 0.84 1.11 1.90 1.53 4.30 1.52 0.959
cyclist -1 -1 -1.84 508.45 167.62 539.39 230.04 1.41 0.50 1.32 -2.80 1.30 24.20 -1.95 0.262
cyclist -1 -1 1.44 238.72 165.48 442.73 336.93 1.68 0.41 1.64 -2.10 1.34 6.70 1.14 0.193
cyclist -1 -1 -1.46 612.85 166.12 680.33 285.53 1.75 0.62 1.83 0.80 1.48 13.20 -1.40 0.080
