car -1 -1 -1.22 291.89 197.07 396.71 268.70 1.46 1.49 2.95 -6.20 2.13 17.20 -1.56 1.000
car -1 -1 -1.64 678.72 181.21 814.49 274.10 1.54 1.62 3.91 2.30 1.67 13.50 -1.47 1.000
car -1 -1 -1.82 540.40 183.23 573.52 209.65 1.54 1.62 3.91 -2.90 2.07 40.30 -1.89 0.994
car -1 -1 0.82 342.89 188.35 430.85 243.07 1.46 1.49 2.95 -6.60 2.13 21.40 0.52 0.991
car -1 -1 -1.61 566.68 181.06 611.94 215.75 1.54 1.62 3.91 -0.90 1.87 32.70 -1.63 0.987
car -1 -1 -1.12 639.14 186.44 758.35 240.08 1.46 1.49 2.95 2.20 1.73 19.20 -1.00 0.630
car -1 -1 1.78 346.70 188.81 393.63 222.74 1.46 1.49 2.95 -12.40 2.33 37.20 1.45 0.307
car -1 -1 -0.18 844.68 191.12 1218.87 370.31 1.46 1.49 2.95 2.80 1.53 5.20 0.32 0.265
pedestrian -1 -1 1.92 404.24 177.58 427.03 261.11 1.76 0.66 0.49 -4.30 1.88 16.20 1.66 0.166
cyclist -1 -1 1.59 436.91 177.60 470.33 251.45 1.77 0.62 0.88 -4.00 1.88 18.10 1.37 0.999
cyclist -1 -1 1.84 393.59 180.26 436.92 258.69 1.77 0.62 0.88 -4.90 2.08 17.60 1.57 0.987
