car -1 -1 -1.64 662.31 172.41 749.00 235.69 1.54 1.62 3.91 2.30 1.47 19.10 -1.52 1.000
car -1 -1 -1.56 517.14 169.84 562.87 207.67 1.54 1.62 3.91 -3.30 1.47 33.90 -1.65 0.998
car -1 -1 -1.53 643.13 169.02 692.33 208.31 1.54 1.62 3.91 2.30 1.47 29.30 -1.45 0.998
car -1 -1 -1.23 632.40 172.43 669.92 204.91 1.46 1.49 2.95 1.80 1.53 32.20 -1.17 0.984
car -1 -1 -0.77 132.01 185.41 430.90 362.87 1.46 1.49 2.95 -3.20 1.73 7.80 -1.16 0.964
car -1 -1 -1.09 297.94 176.82 379.80 217.61 1.46 1.49 2.95 -9.60 1.53 25.60 -1.45 0.870
car -1 -1 0.35 291.75 183.91 432.74 236.63 1.54 1.62 3.91 -7.70 1.87 23.10 0.03 0.677
car -1 -1 -0.06 261.03 178.98 434.05 299.40 1.46 1.49 2.95 -3.20 1.53 9.80 -0.38 0.611
car -1 -1 -1.76 541.61 170.69 573.33 196.09 1.54 1.62 3.91 -3.10 1.47 43.50 -1.83 0.567
car -1 -1 -1.13 624.82 169.04 654.16 196.17 1.46 1.49 2.95 1.60 1.33 40.60 -1.09 0.075
pedestrian -1 -1 -1.28 227.28 156.07 280.63 275.20 1.77 0.62 0.88 -5.70 1.48 11.80 -1.73 0.981
pedestrian -1 -1 -0.27 291.51 163.86 327.03 259.57 1.76 0.66 0.49 -4.90 1.48 11.60 -0.67 0.946
pedestrian -1 -1 -0.65 301.82 168.34 325.11 208.52 1.75 0.62 1.83 -16.00 1.48 39.60 -1.03 0.339
