car -1 -1 -1.53 432.11 210.27 559.91 299.34 1.54 1.62 3.91 -2.30 2.27 14.70 -1.68 1.000
car -1 -1 -1.65 487.11 217.62 719.42 345.94 1.46 1.49 2.95 0.00 1.93 9.20 -1.65 0.997
car -1 -1 -1.51 374.55 205.31 474.32 277.77 1.46 1.49 2.95 -4.20 2.33 17.00 -1.75 0.996
car -1 -1 0.44 329.80 211.03 381.41 247.97 1.46 1.49 2.95 -11.40 3.33 32.00 0.10 0.994
car -1 -1 -1.49 583.97 215.21 1028.10 374.00 1.46 1.49 2.95 1.40 1.73 6.40 -1.28 0.932
car -1 -1 -0.40 300.95 208.67 352.67 236.69 1.46 1.49 2.95 -14.80 3.33 38.20 -0.77 0.876
car -1 -1 1.62 182.71 211.87 227.50 241.50 1.46 1.49 2.95 -22.40 3.73 39.80 1.11 0.708
car -1 -1 -0.79 349.81 205.73 424.30 258.34 1.46 1.49 2.95 -7.40 2.53 23.80 -1.09 0.536
car -1 -1 1.71 132.12 209.78 206.94 267.20 1.46 1.49 2.95 -15.00 2.93 24.40 1.16 0.325
car -1 -1 1.82 28.49 232.06 162.57 319.37 1.46 1.49 2.95 -9.80 2.73 14.60 1.23 0.188
pedestrian -1 -1 -0.85 459.41 206.22 477.86 249.69 1.41 0.50 1.32 -5.20 2.70 26.20 -1.04 0.690
