car -1 -1 -1.74 723.44 184.73 896.13 304.82 1.46 1.49 2.95 2.80 1.73 10.40 -1.48 0.998
car -1 -1 -2.47 383.45 172.23 510.17 217.26 1.54 1.62 3.91 -5.70 1.47 24.90 -2.70 0.987
car -1 -1 -0.14 679.89 175.49 745.22 202.14 1.54 1.62 3.91 6.30 1.67 43.70 0.00 0.985
car -1 -1 -1.97 490.74 173.31 550.32 196.92 1.54 1.62 3.91 -5.90 1.67 48.70 -2.09 0.958
car -1 -1 -0.50 714.75 175.83 787.15 213.31 1.46 1.49 2.95 6.00 1.73 31.20 -0.31 0.954
car -1 -1 -0.53 109.46 172.54 409.90 270.97 1.54 1.62 3.91 -5.50 1.67 12.10 -0.96 0.889
car -1 -1 -2.55 447.17 173.77 525.32 211.72 1.46 1.49 2.95 -5.00 1.53 29.80 -2.72 0.865
car -1 -1 0.40 789.52 183.51 990.60 258.94 1.54 1.62 3.91 6.10 1.67 15.90 0.76 0.846
car -1 -1 -2.52 356.72 180.09 464.23 229.58 1.46 1.49 2.95 -5.60 1.73 20.80 -2.78 0.726
car -1 -1 -2.47 234.75 166.08 455.22 244.12 1.54 1.62 3.91 -5.10 1.47 14.90 -2.80 0.589
