car -1 -1 -0.11 824.98 180.92 1105.61 281.63 1.54 1.62 3.91 5.70 1.67 11.90 0.34 1.000
car -1 -1 -1.73 645.23 179.91 698.28 222.42 1.46 1.49 2.95 2.20 1.73 27.00 -1.64 0.999
car -1 -1 0.83 274.39 180.22 460.34 239.98 1.54 1.62 3.91 -6.50 1.67 19.30 0.51 0.997
car -1 -1 -2.16 93.68 193.38 323.00 286.09 1.46 1.49 2.95 -6.20 1.73 11.80 -2.65 0.997
car -1 -1 -1.14 415.85 177.06 522.08 211.03 1.54 1.62 3.91 -6.10 1.67 30.50 -1.33 0.994
car -1 -1 -0.00 357.82 172.20 479.65 222.15 1.54 1.62 3.91 -7.30 1.67 27.30 -0.26 0.643
car -1 -1 -0.72 200.97 190.11 358.62 265.60 1.46 1.49 2.95 -6.60 1.73 14.80 -1.14 0.388
car -1 -1 -1.62 475.73 176.28 523.69 204.27 1.46 1.49 2.95 -6.60 1.73 44.60 -1.76 0.250
car -1 -1 1.39 293.75 177.63 389.03 225.10 1.54 1.62 3.91 -9.30 1.67 25.30 1.03 0.172
car -1 -1 -1.59 637.01 179.58 668.84 208.17 1.46 1.49 2.95 2.00 1.73 35.40 -1.53 0.118
