car -1 -1 -1.03 117.53 189.63 377.72 359.50 1.46 1.49 2.95 -3.80 1.53 8.00 -1.48 1.000
car -1 -1 -0.67 53.42 183.35 247.34 277.48 1.54 1.62 3.91 -8.50 1.67 14.30 -1.21 0.998
car -1 -1 -1.58 565.47 178.39 602.87 214.49 1.54 1.62 3.91 -1.10 1.27 36.70 -1.61 0.994
car -1 -1 -1.25 436.42 179.38 523.22 223.12 1.46 1.49 2.95 -4.80 1.33 27.00 -1.42 0.511
car -1 -1 -1.43 368.21 182.67 428.77 219.67 1.46 1.49 2.95 -8.40 1.33 29.00 -1.71 0.441
car -1 -1 -1.06 329.69 180.80 407.16 233.38 1.46 1.49 2.95 -7.40 1.53 22.40 -1.37 0.336
car -1 -1 -1.13 239.11 142.85 410.56 244.17 2.48 1.81 4.73 -7.90 1.34 20.20 -1.50 0.157
car -1 -1 -1.56 465.81 178.28 541.46 206.84 1.54 1.62 3.91 -5.50 1.27 38.50 -1.70 0.156
car -1 -1 -0.06 296.62 190.15 372.38 251.49 1.46 1.49 2.95 -7.60 1.73 20.40 -0.41 0.091
car -1 -1 0.34 247.27 179.17 311.43 220.33 1.46 1.49 2.95 -13.20 1.33 28.60 -0.09 0.055
