car -1 -1 1.49 453.86 170.87 487.14 195.72 1.54 1.62 3.91 -9.50 0.87 50.30 1.30 0.977
car -1 -1 -1.19 29.11 191.79 396.30 369.00 1.54 1.62 3.91 -2.30 1.67 5.90 -1.57 0.773
pedestrian -1 -1 0.61 683.17 149.63 742.91 265.96 1.87 0.84 1.11 1.90 1.33 12.50 0.76 0.999
pedestrian -1 -1 0.18 412.01 149.92 464.39 287.00 1.76 0.66 0.49 -2.40 1.48 10.10 -0.05 0.999
pedestrian -1 -1 1.00 96.71 179.42 133.94 263.48 1.41 0.50 1.32 -10.20 1.50 14.60 0.39 0.604
pedestrian -1 -1 -0.13 1102.24 140.93 1131.01 190.14 1.77 0.62 0.88 22.70 0.28 31.40 0.49 0.301
pedestrian -1 -1 1.02 390.45 158.85 432.60 274.54 1.76 0.66 0.49 -2.90 1.48 10.40 0.75 0.153
pedestrian -1 -1 -0.40 64.08 176.07 104.49 260.27 1.41 0.50 1.32 -10.20 1.30 14.00 -1.03 0.076
cyclist -1 -1 -1.17 956.65 147.48 986.87 207.20 1.76 0.66 0.49 11.00 0.88 21.10 -0.69 1.000
cyclist -1 -1 0.34 369.31 155.79 485.59 278.67 1.75 0.62 1.83 -3.00 1.48 11.80 0.09 0.976
cyclist -1 -1 -0.02 1085.89 143.79 1147.25 194.07 1.75 0.62 1.83 26.80 0.28 36.80 0.61 0.646
