car -1 -1 1.76 524.39 160.39 602.17 205.90 1.46 1.49 2.95 -1.20 0.93 24.60 1.72 0.999
pedestrian -1 -1 -1.83 733.24 155.64 784.84 305.09 1.76 0.66 0.49 1.90 1.48 8.80 -1.62 0.998
pedestrian -1 -1 -1.70 571.92 143.13 603.65 236.15 1.87 0.84 1.11 -0.30 1.13 15.70 -1.72 0.996
pedestrian -1 -1 -0.59 859.80 146.81 943.28 368.24 1.77 0.62 0.88 2.60 1.48 6.70 -0.22 0.992
pedestrian -1 -1 1.05 775.41 149.65 817.28 291.12 1.76 0.66 0.49 2.50 1.48 9.20 1.31 0.991
pedestrian -1 -1 -0.83 703.97 153.26 748.88 287.20 1.76 0.66 0.49 1.70 1.28 10.00 -0.66 0.988
pedestrian -1 -1 -1.73 817.05 139.64 875.37 344.42 1.76 0.66 0.49 2.30 1.48 6.80 -1.41 0.979
pedestrian -1 -1 -0.87 2.98 162.34 91.55 362.21 1.76 0.66 0.49 -5.10 1.48 6.80 -1.51 0.788
pedestrian -1 -1 -1.56 804.93 147.69 835.96 225.05 1.75 0.62 1.83 7.40 0.68 24.40 -1.27 0.774
pedestrian -1 -1 0.71 676.50 154.29 690.21 201.73 1.76 0.66 0.49 3.10 0.88 27.20 0.82 0.669
pedestrian -1 -1 -1.49 837.83 156.63 878.48 212.00 1.41 0.50 1.32 8.80 0.70 24.60 -1.15 0.319
pedestrian -1 -1 -1.44 829.42 150.57 851.38 211.23 1.76 0.66 0.49 8.20 0.68 24.70 -1.12 0.298
pedestrian -1 -1 0.78 661.14 155.04 673.34 202.48 1.68 0.41 1.64 2.50 0.74 27.10 0.87 0.283
pedestrian -1 -1 -1.13 878.06 153.77 931.74 213.52 1.75 0.62 1.83 10.00 0.68 23.80 -0.73 0.216
cyclist -1 -1 -1.76 561.37 145.73 621.52 243.98 1.41 0.50 1.32 -0.40 1.30 15.40 -1.79 0.591
