pedestrian -1 -1 1.93 484.36 161.78 518.65 246.86 1.68 0.41 1.64 -2.10 1.34 15.30 1.80 1.000
pedestrian -1 -1 -1.16 566.42 156.39 598.89 254.03 1.77 0.62 0.88 -0.40 1.48 13.70 -1.18 0.999
pedestrian -1 -1 0.87 735.97 132.53 775.87 277.72 1.76 0.66 0.49 2.10 1.48 10.20 1.07 0.908
pedestrian -1 -1 -1.98 547.16 160.59 560.51 215.28 1.68 0.41 1.64 -1.70 1.14 26.30 -2.04 0.884
pedestrian -1 -1 -0.55 602.24 163.34 614.46 213.41 1.68 0.41 1.64 0.30 1.34 26.10 -0.54 0.805
pedestrian -1 -1 1.76 12.17 165.81 165.89 373.00 1.75 0.62 1.83 -5.20 1.68 7.60 1.16 0.658
pedestrian -1 -1 -0.88 408.40 182.31 431.99 240.57 1.41 0.50 1.32 -4.40 1.50 17.80 -1.12 0.575
pedestrian -1 -1 0.06 362.36 157.76 393.38 228.49 1.75 0.62 1.83 -6.80 1.08 21.80 -0.24 0.482
pedestrian -1 -1 -0.84 592.72 162.37 603.08 221.36 1.76 0.66 0.49 -0.10 1.08 26.20 -0.85 0.099
pedestrian -1 -1 -1.25 810.44 150.36 832.09 211.28 1.77 0.62 0.88 6.00 1.08 19.50 -0.95 0.070
cyclist -1 -1 0.38 713.13 146.63 800.64 287.13 1.87 0.84 1.11 2.30 1.33 9.90 0.60 0.999
cyclist -1 -1 0.17 524.50 165.00 556.59 234.02 1.77 0.62 0.88 -1.60 1.28 18.10 0.08 0.969
cyclist -1 -1 1.75 0.00 164.58 218.56 373.00 1.75 0.62 1.83 -5.20 1.68 7.60 1.15 0.166
cyclist -1 -1 1.70 468.11 173.38 537.91 241.51 1.68 0.41 1.64 -2.30 1.14 15.10 1.55 0.071
