pedestrian -1 -1 1.37 583.21 136.27 615.41 222.21 1.76 0.66 0.49 -0.20 0.88 15.70 1.36 1.000
pedestrian -1 -1 0.75 544.39 143.13 583.85 223.26 1.77 0.62 0.88 -0.90 0.88 15.60 0.69 1.000
pedestrian -1 -1 -0.16 507.95 141.89 539.97 218.34 1.76 0.66 0.49 -2.00 0.88 16.90 -0.27 0.999
pedestrian -1 -1 0.67 708.05 141.34 783.08 328.54 1.76 0.66 0.49 1.40 1.48 7.30 0.86 0.999
pedestrian -1 -1 0.92 770.83 135.33 854.06 318.66 1.68 0.41 1.64 2.30 1.34 7.90 1.21 0.998
pedestrian -1 -1 1.42 457.82 141.09 478.73 219.32 1.76 0.66 0.49 -3.30 0.88 16.80 1.22 0.997
pedestrian -1 -1 1.08 679.06 145.05 697.41 201.53 1.77 0.62 0.88 2.60 0.68 22.10 1.19 0.992
pedestrian -1 -1 1.71 433.27 140.38 454.69 214.99 1.76 0.66 0.49 -3.90 0.88 16.60 1.48 0.991
pedestrian -1 -1 0.91 483.06 138.59 503.07 215.38 1.76 0.66 0.49 -2.70 0.88 17.20 0.76 0.972
pedestrian -1 -1 1.08 578.25 138.53 589.99 209.32 1.68 0.41 1.64 -0.50 0.74 17.50 1.05 0.687
pedestrian -1 -1 1.31 472.48 140.48 491.42 215.06 1.76 0.66 0.49 -3.00 0.88 17.10 1.14 0.301
pedestrian -1 -1 0.34 235.99 135.90 281.10 290.60 1.76 0.66 0.49 -4.10 1.28 8.40 -0.12 0.217
pedestrian -1 -1 0.30 265.23 139.39 297.42 246.60 1.76 0.66 0.49 -5.40 1.08 11.70 -0.13 0.122
pedestrian -1 -1 -0.49 493.98 142.60 520.14 215.26 1.77 0.62 0.88 -2.40 0.88 17.30 -0.63 0.079
pedestrian -1 -1 -1.55 353.38 150.92 375.07 190.07 1.41 0.50 1.32 -11.00 0.10 32.40 -1.88 0.075
pedestrian -1 -1 2.04 437.07 136.90 474.83 253.16 1.77 0.62 0.88 -2.20 1.28 10.50 1.83 0.068
pedestrian -1 -1 -1.21 322.57 153.51 336.94 187.24 1.41 0.50 1.32 -12.60 0.10 32.40 -1.58 0.055
cyclist -1 -1 0.02 243.55 140.84 323.07 235.72 1.77 0.62 0.88 -5.30 1.08 11.80 -0.40 0.252
cyclist -1 -1 1.56 412.45 143.26 489.98 246.04 1.75 0.62 1.83 -2.20 1.28 10.20 1.35 0.208
