car -1 -1 -2.55 33.91 191.97 318.68 305.57 1.46 1.49 2.95 -6.00 1.73 10.20 -3.08 0.998
car -1 -1 -1.64 632.80 185.66 674.30 217.73 1.54 1.62 3.91 2.10 2.27 37.50 -1.58 0.997
car -1 -1 -2.33 219.79 173.20 417.01 262.35 2.48 1.81 4.73 -7.50 2.34 19.20 -2.71 0.996
car -1 -1 -0.43 814.86 190.65 1054.90 278.25 1.54 1.62 3.91 5.50 1.87 13.10 -0.03 0.992
car -1 -1 1.27 761.59 188.42 951.52 255.72 1.54 1.62 3.91 5.90 2.07 17.50 1.60 0.987
car -1 -1 -0.53 885.24 187.24 1204.81 309.81 1.54 1.62 3.91 6.30 1.87 10.50 0.01 0.984
car -1 -1 -1.32 404.70 185.48 515.63 219.46 1.54 1.62 3.91 -6.90 2.07 32.30 -1.54 0.958
car -1 -1 -2.47 161.84 189.32 354.26 278.31 1.46 1.49 2.95 -6.40 1.93 14.00 -2.90 0.733
car -1 -1 -1.96 315.53 176.11 439.92 245.50 1.54 1.62 3.91 -5.90 1.67 18.70 -2.26 0.704
car -1 -1 0.19 731.81 186.17 847.46 239.80 1.46 1.49 2.95 5.20 1.93 21.20 0.43 0.621
car -1 -1 -1.43 620.93 181.08 648.63 208.25 1.54 1.62 3.91 1.70 2.47 50.30 -1.39 0.137
cyclist -1 -1 1.11 525.22 179.25 548.23 222.96 1.75 0.62 1.83 -3.20 2.08 32.00 1.01 0.924
