car -1 -1 1.54 540.35 170.60 599.35 210.59 1.46 1.49 2.95 -1.40 1.13 33.00 1.50 0.988
pedestrian -1 -1 -0.39 796.34 161.44 863.72 342.55 1.77 0.62 0.88 2.20 1.48 7.10 -0.09 1.000
pedestrian -1 -1 -2.07 625.60 159.73 654.71 237.36 1.87 0.84 1.11 0.90 1.33 17.30 -2.02 0.999
pedestrian -1 -1 2.33 244.65 155.91 328.52 352.76 1.76 0.66 0.49 -3.00 1.68 6.90 1.91 0.998
pedestrian -1 -1 0.84 1085.40 139.25 1166.71 373.00 1.76 0.66 0.49 4.10 1.28 5.60 1.47 0.996
pedestrian -1 -1 -1.59 715.60 168.26 765.35 289.51 1.68 0.41 1.64 1.90 1.54 10.30 -1.40 0.996
pedestrian -1 -1 -0.63 699.82 170.76 735.49 280.67 1.76 0.66 0.49 1.70 1.48 11.00 -0.48 0.996
pedestrian -1 -1 1.78 100.84 153.26 187.54 349.01 1.76 0.66 0.49 -4.60 1.68 7.30 1.22 0.978
pedestrian -1 -1 0.30 1182.41 134.34 1234.08 366.35 1.68 0.41 1.64 4.50 1.54 4.70 1.06 0.650
pedestrian -1 -1 0.08 666.16 166.38 684.57 238.35 1.68 0.41 1.64 1.70 1.34 16.70 0.18 0.280
pedestrian -1 -1 -0.61 802.70 163.99 822.97 215.12 1.68 0.41 1.64 8.50 0.94 28.70 -0.32 0.274
pedestrian -1 -1 -0.59 964.57 167.27 1001.55 224.94 1.41 0.50 1.32 9.20 1.11 17.40 -0.10 0.108
pedestrian -1 -1 -0.44 817.26 166.88 852.60 215.65 1.41 0.50 1.32 8.60 0.90 26.40 -0.13 0.100
pedestrian -1 -1 0.17 750.77 166.24 785.67 286.78 1.76 0.66 0.49 2.50 1.48 10.60 0.41 0.074
pedestrian -1 -1 2.44 268.96 169.08 337.41 253.93 1.87 0.84 1.11 -7.70 1.53 19.30 2.06 0.070
cyclist -1 -1 1.49 75.13 152.05 210.05 343.36 1.77 0.62 0.88 -5.50 1.48 8.40 0.91 0.939
cyclist -1 -1 -0.02 657.91 172.48 689.38 238.43 1.76 0.66 0.49 1.70 1.48 16.20 0.08 0.506
cyclist -1 -1 -1.71 619.46 160.00 672.77 240.48 1.75 0.62 1.83 0.80 1.48 17.00 -1.66 0.502
