car -1 -1 1.92 208.79 199.25 369.93 289.58 1.54 1.62 3.91 -6.10 2.07 14.50 1.52 0.999
car -1 -1 1.75 336.51 190.97 438.06 253.68 1.54 1.62 3.91 -6.10 2.07 20.30 1.46 0.998
car -1 -1 -1.47 666.82 173.09 723.96 219.54 1.54 1.62 3.91 2.90 1.67 24.90 -1.35 0.997
car -1 -1 1.85 413.37 191.55 487.19 232.16 1.46 1.49 2.95 -6.80 2.33 30.00 1.63 0.996
car -1 -1 1.91 0.00 214.16 270.13 363.23 1.46 1.49 2.95 -5.80 2.13 9.60 1.37 0.990
car -1 -1 -1.36 683.54 175.76 758.08 226.43 1.54 1.62 3.91 3.10 1.47 20.10 -1.21 0.961
car -1 -1 1.89 460.97 184.70 506.12 218.50 1.46 1.49 2.95 -6.20 2.13 35.20 1.72 0.953
car -1 -1 -1.34 647.28 175.91 692.13 207.73 1.54 1.62 3.91 2.70 1.67 33.70 -1.26 0.939
car -1 -1 3.16 891.88 135.84 1143.53 221.82 2.48 1.81 4.73 10.90 1.34 18.80 3.68 0.910
car -1 -1 1.87 492.49 183.46 528.99 211.37 1.54 1.62 3.91 -5.70 2.07 41.50 1.73 0.856
car -1 -1 3.00 817.52 147.20 1005.72 213.92 2.48 1.81 4.73 9.30 1.54 23.00 3.39 0.339
