pedestrian -1 -1 0.04 1061.82 146.67 1206.84 369.00 1.76 0.66 0.49 3.80 1.48 5.10 0.68 1.000
pedestrian -1 -1 0.98 866.44 141.66 964.02 358.58 1.76 0.66 0.49 2.60 1.48 5.90 1.39 0.999
pedestrian -1 -1 1.23 523.99 134.01 596.93 362.39 1.75 0.62 1.83 -0.40 1.28 6.00 1.17 0.998
pedestrian -1 -1 0.53 715.72 135.94 768.02 305.14 1.76 0.66 0.49 1.50 1.28 8.20 0.71 0.997
pedestrian -1 -1 0.92 603.44 138.71 685.48 326.93 1.76 0.66 0.49 0.40 1.48 7.50 0.98 0.995
pedestrian -1 -1 0.64 764.54 137.70 871.34 360.58 1.77 0.62 0.88 1.70 1.48 6.00 0.92 0.995
pedestrian -1 -1 0.87 671.08 160.27 725.33 316.82 1.41 0.50 1.32 1.00 1.50 7.80 1.00 0.993
pedestrian -1 -1 -1.26 1202.27 153.72 1223.00 369.00 1.41 0.50 1.32 4.80 1.50 4.80 -0.47 0.990
pedestrian -1 -1 0.92 576.34 148.87 632.71 348.97 1.76 0.66 0.49 -0.10 1.48 6.40 0.90 0.877
pedestrian -1 -1 0.63 227.15 137.05 279.61 305.90 1.76 0.66 0.49 -4.10 1.48 8.20 0.16 0.575
pedestrian -1 -1 1.04 670.98 134.14 824.62 333.30 1.75 0.62 1.83 1.20 1.28 6.00 1.24 0.519
pedestrian -1 -1 1.43 264.22 132.88 294.51 248.94 1.76 0.66 0.49 -5.50 1.08 12.00 1.00 0.416
pedestrian -1 -1 1.55 491.83 140.10 502.71 177.81 1.77 0.62 0.88 -6.00 -0.12 39.70 1.40 0.240
pedestrian -1 -1 0.03 820.00 146.38 854.38 212.04 1.75 0.62 1.83 7.40 0.48 22.60 0.34 0.179
pedestrian -1 -1 -1.09 350.46 152.96 377.27 192.88 1.41 0.50 1.32 -11.60 0.31 33.80 -1.42 0.145
pedestrian -1 -1 0.89 302.56 144.40 330.35 198.12 1.75 0.62 1.83 -13.00 0.28 32.00 0.51 0.120
pedestrian -1 -1 1.24 624.09 145.33 673.58 226.70 1.75 0.62 1.83 1.60 0.68 23.40 1.30 0.067
pedestrian -1 -1 1.92 522.72 145.13 551.54 192.33 1.75 0.62 1.83 -3.80 -0.12 37.20 1.81 0.064
pedestrian -1 -1 1.20 280.54 136.32 309.51 237.96 1.76 0.66 0.49 -5.30 1.08 12.20 0.79 0.053
cyclist -1 -1 1.17 248.58 139.42 315.30 239.86 1.76 0.66 0.49 -5.30 1.08 11.80 0.75 0.146
cyclist -1 -1 0.88 290.75 139.59 345.77 221.06 1.76 0.66 0.49 -5.10 1.08 12.80 0.50 0.117
cyclist -1 -1 1.94 516.00 144.38 557.73 190.07 1.75 0.62 1.83 -3.40 -0.12 37.00 1.85 0.086
