car -1 -1 -2.00 804.56 181.34 1158.27 370.72 1.54 1.62 3.91 3.30 1.67 7.30 -1.57 1.000
car -1 -1 -1.80 745.40 186.14 896.64 282.42 1.54 1.62 3.91 3.50 1.67 12.90 -1.53 1.000
car -1 -1 -1.74 713.98 179.71 810.10 246.33 1.54 1.62 3.91 3.50 1.67 17.30 -1.54 0.999
car -1 -1 1.74 230.34 191.74 417.28 289.83 1.46 1.49 2.95 -4.80 1.73 12.00 1.36 0.998
car -1 -1 -1.46 691.87 179.12 760.28 227.71 1.54 1.62 3.91 3.90 1.67 24.70 -1.31 0.997
car -1 -1 1.58 466.28 179.01 520.78 220.04 1.54 1.62 3.91 -4.50 1.87 27.90 1.42 0.996
car -1 -1 -1.63 1065.98 175.82 1200.12 226.12 1.54 1.62 3.91 18.30 1.67 24.90 -1.00 0.995
car -1 -1 1.96 0.00 194.60 306.72 373.06 1.46 1.49 2.95 -4.80 1.73 8.20 1.43 0.991
car -1 -1 1.57 492.60 180.54 539.77 212.95 1.54 1.62 3.91 -4.30 1.87 34.10 1.45 0.970
car -1 -1 0.89 83.93 185.62 208.43 235.88 1.54 1.62 3.91 -15.70 2.07 24.70 0.33 0.857
car -1 -1 0.81 108.16 183.93 195.09 211.48 1.54 1.62 3.91 -24.70 2.07 38.50 0.24 0.211
car -1 -1 -2.02 986.49 178.38 1062.59 219.00 1.46 1.49 2.95 16.20 1.73 28.40 -1.50 0.143
