car -1 -1 1.20 350.99 167.07 485.32 258.83 2.48 1.81 4.73 -5.20 1.94 20.10 0.95 0.889
car -1 -1 1.69 422.45 171.89 507.96 233.20 1.54 1.62 3.91 -4.30 1.47 23.50 1.51 0.304
pedestrian -1 -1 1.67 771.55 159.63 825.96 301.52 1.76 0.66 0.49 2.60 1.48 9.30 1.94 1.000
pedestrian -1 -1 2.69 254.20 180.89 299.83 301.58 1.76 0.66 0.49 -5.20 1.88 11.50 2.26 1.000
pedestrian -1 -1 -1.43 135.86 182.23 228.82 365.44 1.76 0.66 0.49 -3.50 1.68 6.20 -1.94 0.998
pedestrian -1 -1 -1.53 1011.66 141.54 1131.17 322.11 1.76 0.66 0.49 4.40 1.48 6.90 -0.96 0.994
pedestrian -1 -1 2.14 511.49 174.73 527.60 230.44 1.76 0.66 0.49 -2.80 1.68 24.70 2.02 0.947
pedestrian -1 -1 1.89 726.92 190.28 756.39 255.96 1.41 0.50 1.32 2.80 1.71 14.60 2.08 0.823
pedestrian -1 -1 -0.49 349.42 184.89 368.39 250.97 1.76 0.66 0.49 -6.50 1.88 19.00 -0.81 0.160
pedestrian -1 -1 1.66 187.63 179.49 286.45 344.56 1.75 0.62 1.83 -3.40 1.68 6.80 1.20 0.097
cyclist -1 -1 2.22 709.52 192.76 758.98 258.39 1.41 0.50 1.32 2.60 1.50 14.80 2.39 0.486
cyclist -1 -1 2.28 694.44 186.13 728.30 259.10 1.41 0.50 1.32 2.40 1.71 15.80 2.43 0.373
cyclist -1 -1 2.43 235.59 182.91 311.78 283.92 1.75 0.62 1.83 -8.60 1.88 18.60 2.00 0.084
