car -1 -1 1.50 534.29 179.81 574.62 211.92 1.54 1.62 3.91 -2.30 1.47 38.10 1.44 0.990
pedestrian -1 -1 0.61 639.66 172.09 665.69 269.51 1.68 0.41 1.64 0.90 1.54 13.90 0.67 1.000
pedestrian -1 -1 1.83 428.11 175.75 455.69 246.61 1.68 0.41 1.64 -4.30 1.54 19.70 1.61 1.000
pedestrian -1 -1 -0.83 672.79 176.28 708.80 268.46 1.68 0.41 1.64 1.70 1.54 13.90 -0.71 1.000
pedestrian -1 -1 -1.68 608.33 169.08 631.74 233.34 1.87 0.84 1.11 0.50 1.53 22.70 -1.66 0.998
pedestrian -1 -1 -1.22 709.80 165.73 736.94 245.67 1.77 0.62 0.88 3.00 1.48 18.10 -1.06 0.998
pedestrian -1 -1 0.91 741.68 167.63 764.43 232.81 1.68 0.41 1.64 4.10 1.34 20.10 1.11 0.994
pedestrian -1 -1 1.83 409.67 173.71 427.46 240.26 1.68 0.41 1.64 -5.10 1.54 19.90 1.58 0.945
pedestrian -1 -1 -1.36 144.61 180.21 181.45 266.48 1.77 0.62 0.88 -11.10 1.68 18.40 -1.90 0.700
pedestrian -1 -1 -0.71 665.14 171.80 686.82 258.56 1.76 0.66 0.49 1.50 1.48 15.20 -0.61 0.610
pedestrian -1 -1 0.65 110.53 204.93 225.39 366.09 1.41 0.50 1.32 -4.60 1.71 7.60 0.10 0.596
pedestrian -1 -1 -0.93 712.44 168.32 728.10 207.32 1.75 0.62 1.83 6.60 1.08 40.40 -0.77 0.210
pedestrian -1 -1 -0.10 727.30 167.39 751.67 235.10 1.87 0.84 1.11 3.70 1.53 19.50 0.09 0.064
cyclist -1 -1 1.54 403.65 178.52 431.38 243.04 1.41 0.50 1.32 -5.00 1.71 19.20 1.28 0.409
