pedestrian -1 -1 1.94 683.08 145.07 734.55 283.47 1.68 0.41 1.64 1.30 1.34 9.10 2.08 1.000
pedestrian -1 -1 1.86 463.94 139.24 489.21 221.82 1.76 0.66 0.49 -2.70 0.88 15.00 1.68 0.999
pedestrian -1 -1 0.54 886.77 128.35 967.20 357.52 1.76 0.66 0.49 2.50 1.28 5.60 0.96 0.999
pedestrian -1 -1 0.54 648.33 140.66 696.26 277.06 1.76 0.66 0.49 0.90 1.28 10.00 0.63 0.999
pedestrian -1 -1 1.08 772.20 139.66 894.82 369.00 1.75 0.62 1.83 1.80 1.48 6.00 1.37 0.999
pedestrian -1 -1 0.89 479.80 141.46 532.99 274.88 1.76 0.66 0.49 -1.40 1.28 10.10 0.75 0.997
pedestrian -1 -1 1.31 541.73 142.35 588.32 260.91 1.76 0.66 0.49 -0.60 1.28 10.90 1.25 0.996
pedestrian -1 -1 0.88 596.88 140.86 633.28 257.25 1.75 0.62 1.83 0.20 1.08 11.80 0.89 0.991
pedestrian -1 -1 1.53 773.96 142.83 817.77 276.09 1.76 0.66 0.49 2.50 1.08 9.60 1.79 0.990
pedestrian -1 -1 1.23 518.39 151.07 553.61 267.34 1.76 0.66 0.49 -1.10 1.28 10.40 1.13 0.976
pedestrian -1 -1 1.67 630.46 137.94 649.10 220.12 1.76 0.66 0.49 0.70 0.88 15.80 1.72 0.907
pedestrian -1 -1 1.62 578.27 136.59 593.95 219.16 1.68 0.41 1.64 -0.50 0.74 16.50 1.59 0.898
pedestrian -1 -1 2.50 375.07 142.03 390.18 195.77 1.76 0.66 0.49 -7.70 0.48 24.40 2.20 0.815
pedestrian -1 -1 0.94 260.15 131.25 299.62 251.45 1.76 0.66 0.49 -5.30 1.08 11.60 0.52 0.718
pedestrian -1 -1 1.49 584.26 137.77 609.14 248.55 1.41 0.50 1.32 -0.20 1.11 11.60 1.47 0.296
pedestrian -1 -1 1.06 612.37 133.48 669.92 263.48 1.87 0.84 1.11 0.50 1.13 9.90 1.11 0.080
pedestrian -1 -1 0.55 282.69 136.28 315.41 234.29 1.76 0.66 0.49 -5.30 1.08 12.40 0.15 0.078
pedestrian -1 -1 0.40 504.91 138.80 516.08 170.11 1.75 0.62 1.83 -5.60 -0.92 42.00 0.26 0.073
pedestrian -1 -1 1.53 553.04 141.75 576.44 203.95 1.75 0.62 1.83 -1.40 0.28 24.80 1.47 0.065
pedestrian -1 -1 0.19 220.11 128.53 293.70 322.09 1.76 0.66 0.49 -2.90 1.48 5.80 -0.27 0.065
pedestrian -1 -1 1.94 1022.29 173.07 1078.98 273.25 1.41 0.50 1.32 5.60 1.30 9.20 2.48 0.055
cyclist -1 -1 0.49 231.50 139.19 331.57 238.77 1.87 0.84 1.11 -5.70 1.13 12.70 0.06 0.687
cyclist -1 -1 2.38 365.78 144.49 399.69 194.05 1.77 0.62 0.88 -7.40 0.48 24.30 2.09 0.536
cyclist -1 -1 1.72 885.05 141.35 973.71 227.19 1.75 0.62 1.83 10.00 0.68 21.40 2.16 0.281
cyclist -1 -1 -0.24 287.14 149.50 359.77 200.60 1.41 0.50 1.32 -6.80 0.70 17.40 -0.61 0.173
cyclist -1 -1 1.49 754.41 141.56 836.26 272.19 1.77 0.62 0.88 2.70 1.08 9.80 1.76 0.077
cyclist -1 -1 -0.65 341.68 147.32 383.99 202.60 1.41 0.50 1.32 -5.80 0.90 16.80 -0.99 0.052
