car -1 -1 -2.13 808.47 195.60 1197.01 374.00 1.46 1.49 2.95 2.60 1.73 5.80 -1.71 0.994
car -1 -1 -1.46 626.44 181.54 679.07 225.67 1.54 1.62 3.91 1.50 1.87 28.10 -1.41 0.994
car -1 -1 1.53 445.86 184.76 495.87 217.42 1.54 1.62 3.91 -7.30 2.27 37.10 1.34 0.989
car -1 -1 0.52 864.80 168.91 1025.06 230.43 1.54 1.62 3.91 10.10 1.67 21.70 0.95 0.988
car -1 -1 1.72 793.74 176.02 911.75 212.40 1.54 1.62 3.91 9.50 1.67 28.90 2.03 0.987
car -1 -1 -1.77 639.41 187.86 708.32 236.32 1.54 1.62 3.91 1.90 1.87 22.10 -1.69 0.963
car -1 -1 0.14 253.81 188.59 315.26 215.28 1.54 1.62 3.91 -19.90 2.47 44.70 -0.28 0.907
car -1 -1 1.96 470.80 184.16 506.80 213.83 1.46 1.49 2.95 -7.20 2.33 43.60 1.80 0.235
car -1 -1 -1.39 614.79 181.17 633.47 199.29 1.46 1.49 2.95 1.40 2.53 69.80 -1.37 0.116
car -1 -1 0.92 16.85 210.48 267.03 365.07 1.46 1.49 2.95 -4.60 2.13 8.00 0.40 0.104
car -1 -1 1.07 1118.83 167.04 1226.33 211.78 1.46 1.49 2.95 20.80 1.33 26.60 1.74 0.068
