car -1 -1 -0.04 763.29 204.19 1148.29 371.94 1.46 1.49 2.95 2.60 1.73 6.20 0.36 1.000
car -1 -1 -1.17 657.06 177.01 717.64 228.39 1.54 1.62 3.91 2.70 1.87 26.50 -1.06 0.999
car -1 -1 -2.34 374.36 180.59 492.73 226.24 1.54 1.62 3.91 -6.30 1.87 26.10 -2.58 0.998
car -1 -1 -2.42 419.08 175.87 527.09 214.88 1.54 1.62 3.91 -5.10 1.67 29.50 -2.59 0.989
car -1 -1 -1.64 326.33 181.46 444.40 258.83 1.54 1.62 3.91 -5.30 1.87 17.30 -1.94 0.927
car -1 -1 -1.96 490.10 177.98 553.02 202.71 1.54 1.62 3.91 -6.10 2.07 48.70 -2.09 0.887
car -1 -1 -1.17 645.41 183.48 685.65 218.83 1.54 1.62 3.91 2.50 2.07 32.90 -1.09 0.500
car -1 -1 -0.63 635.17 180.19 666.55 205.12 1.54 1.62 3.91 2.50 1.87 42.90 -0.57 0.404
car -1 -1 -1.54 97.35 192.85 326.74 303.63 1.46 1.49 2.95 -5.20 1.73 10.00 -2.02 0.116
pedestrian -1 -1 -1.76 1202.22 178.94 1237.66 239.26 1.87 0.84 1.11 21.10 2.13 24.70 -1.05 0.446
pedestrian -1 -1 1.57 208.12 169.51 228.15 233.76 1.77 0.62 0.88 -12.80 1.68 23.30 1.07 0.062
cyclist -1 -1 -1.62 1186.62 183.30 1241.00 239.53 1.87 0.84 1.11 20.90 2.13 24.90 -0.92 0.558
cyclist -1 -1 0.34 338.60 197.66 383.06 276.78 1.41 0.50 1.32 -4.60 1.90 13.40 0.01 0.105
