car -1 -1 -0.52 1063.48 197.77 1222.28 368.38 1.54 1.62 3.91 4.30 1.67 3.10 0.43 0.054
pedestrian -1 -1 1.43 519.25 141.67 552.60 213.01 1.75 0.62 1.83 -1.80 0.88 18.20 1.33 1.000
pedestrian -1 -1 1.19 551.11 137.45 573.22 211.56 1.76 0.66 0.49 -1.10 0.88 18.40 1.13 0.999
pedestrian -1 -1 0.76 652.04 138.20 701.06 270.10 1.76 0.66 0.49 1.00 1.28 10.30 0.85 0.999
pedestrian -1 -1 1.16 585.20 135.95 621.77 277.49 1.76 0.66 0.49 -0.10 1.28 9.80 1.15 0.998
pedestrian -1 -1 1.72 400.10 143.71 429.99 200.51 1.41 0.50 1.32 -5.00 0.50 18.60 1.46 0.997
pedestrian -1 -1 0.92 607.20 140.40 650.15 273.19 1.76 0.66 0.49 0.30 1.28 10.20 0.94 0.996
pedestrian -1 -1 0.86 465.92 141.39 486.31 210.83 1.77 0.62 0.88 -3.40 0.68 18.70 0.68 0.995
pedestrian -1 -1 1.41 487.21 142.02 509.23 211.54 1.68 0.41 1.64 -2.90 0.74 19.70 1.27 0.991
pedestrian -1 -1 -0.92 1038.29 175.13 1216.85 369.00 1.41 0.50 1.32 2.80 1.50 3.60 -0.26 0.987
pedestrian -1 -1 -0.50 234.94 138.08 281.54 299.32 1.76 0.66 0.49 -4.10 1.28 8.20 -0.97 0.564
pedestrian -1 -1 -2.09 260.03 142.88 306.13 242.38 1.41 0.50 1.32 -5.00 0.90 11.40 -2.50 0.337
pedestrian -1 -1 0.85 498.12 141.96 511.61 182.69 1.75 0.62 1.83 -4.60 -0.12 33.20 0.71 0.254
pedestrian -1 -1 1.21 440.07 146.12 456.61 200.48 1.41 0.50 1.32 -4.60 0.50 20.40 0.98 0.111
pedestrian -1 -1 0.77 543.98 145.62 560.02 208.92 1.41 0.50 1.32 -1.40 0.70 18.60 0.69 0.105
pedestrian -1 -1 1.39 514.39 142.86 527.77 202.02 1.76 0.66 0.49 -2.50 0.68 20.40 1.26 0.102
pedestrian -1 -1 -0.45 1155.30 168.59 1212.22 225.38 1.41 0.50 1.32 17.80 0.90 21.80 0.24 0.100
cyclist -1 -1 -0.74 233.79 145.06 307.94 262.74 1.75 0.62 1.83 -5.80 1.08 12.40 -1.18 0.398
cyclist -1 -1 -0.80 343.58 150.67 383.87 202.63 1.76 0.66 0.49 -5.80 0.88 17.10 -1.13 0.170
cyclist -1 -1 1.66 394.30 143.58 439.63 206.58 1.75 0.62 1.83 -4.80 0.88 18.80 1.41 0.161
cyclist -1 -1 1.07 429.81 146.14 467.87 215.54 1.41 0.50 1.32 -3.20 0.90 14.40 0.85 0.096
cyclist -1 -1 1.20 481.92 140.98 521.05 184.27 1.75 0.62 1.83 -4.80 -0.12 33.60 1.05 0.073
