car -1 -1 1.81 124.79 188.83 346.39 304.28 1.54 1.62 3.91 -5.50 1.67 11.10 1.35 1.000
car -1 -1 1.86 280.70 183.42 421.71 260.87 1.54 1.62 3.91 -5.50 1.67 15.70 1.52 1.000
car -1 -1 -1.81 835.49 179.40 1241.00 374.00 1.46 1.49 2.95 2.40 1.53 5.20 -1.38 0.995
car -1 -1 -1.32 746.63 178.05 917.53 290.03 1.46 1.49 2.95 3.20 1.53 11.40 -1.05 0.995
car -1 -1 0.94 472.88 176.19 531.32 199.96 1.54 1.62 3.91 -6.50 1.87 45.50 0.79 0.983
car -1 -1 1.96 274.54 175.72 326.81 213.08 1.46 1.49 2.95 -14.20 1.73 33.60 1.56 0.964
car -1 -1 0.13 1002.29 162.77 1096.82 191.25 1.54 1.62 3.91 25.10 1.07 41.50 0.68 0.173
car -1 -1 1.74 301.42 180.95 406.43 219.38 1.54 1.62 3.91 -9.70 1.67 27.90 1.41 0.127
pedestrian -1 -1 -1.00 670.17 168.72 682.09 200.52 1.87 0.84 1.11 4.90 1.53 52.50 -0.91 0.969
cyclist -1 -1 -0.98 668.60 170.29 686.95 201.63 1.41 0.50 1.32 4.60 1.50 47.80 -0.89 0.506
