car -1 -1 -1.14 651.76 169.96 698.79 206.33 1.46 1.49 2.95 2.60 1.33 30.40 -1.06 0.998
car -1 -1 -2.39 439.05 162.37 525.21 204.81 2.48 1.81 4.73 -7.50 1.74 40.80 -2.58 0.996
car -1 -1 -1.77 745.13 150.58 1087.54 367.79 1.54 1.62 3.91 2.10 1.27 6.50 -1.46 0.996
car -1 -1 -0.91 682.58 171.02 765.12 235.93 1.54 1.62 3.91 2.70 1.47 19.10 -0.77 0.995
car -1 -1 -2.07 103.89 164.05 380.97 276.32 1.54 1.62 3.91 -5.70 1.47 11.50 -2.53 0.992
car -1 -1 -1.18 710.46 173.37 826.36 267.42 1.46 1.49 2.95 2.60 1.53 13.00 -0.98 0.988
car -1 -1 -0.92 287.77 164.73 446.42 235.36 1.54 1.62 3.91 -6.10 1.47 18.30 -1.25 0.961
car -1 -1 -1.13 376.93 167.53 497.66 211.85 1.54 1.62 3.91 -6.50 1.47 27.50 -1.37 0.955
car -1 -1 -1.26 637.34 165.15 673.16 196.19 1.46 1.49 2.95 2.60 1.13 38.80 -1.19 0.930
car -1 -1 -2.16 0.76 180.08 276.87 324.64 1.46 1.49 2.95 -5.40 1.73 9.00 -2.70 0.767
car -1 -1 -1.91 502.21 171.15 534.56 196.39 1.46 1.49 2.95 -4.80 1.33 38.80 -2.04 0.165
car -1 -1 0.99 839.21 149.82 1050.01 230.90 2.48 1.81 4.73 8.90 1.54 20.20 1.40 0.134
