car -1 -1 1.84 1.77 185.27 317.68 365.43 1.54 1.62 3.91 -4.30 1.67 8.30 1.36 0.992
car -1 -1 0.86 460.26 169.92 487.76 192.54 2.48 1.81 4.73 -13.00 1.14 73.90 0.69 0.737
pedestrian -1 -1 -1.49 365.49 172.02 387.51 223.44 1.68 0.41 1.64 -7.90 1.54 25.30 -1.79 1.000
pedestrian -1 -1 1.49 682.07 152.16 715.23 246.08 1.76 0.66 0.49 1.90 1.28 14.00 1.62 0.999
pedestrian -1 -1 -1.28 31.69 176.52 109.22 333.54 1.76 0.66 0.49 -6.00 1.68 8.10 -1.91 0.998
pedestrian -1 -1 1.69 47.08 166.59 226.68 354.14 1.75 0.62 1.83 -4.80 1.48 7.80 1.14 0.879
pedestrian -1 -1 -0.72 282.92 193.91 322.93 247.02 1.41 0.50 1.32 -9.20 1.90 22.40 -1.11 0.179
cyclist -1 -1 1.76 9.45 161.56 278.76 370.82 1.75 0.62 1.83 -4.40 1.88 7.20 1.21 0.737
cyclist -1 -1 -1.41 359.05 171.73 395.16 225.21 1.75 0.62 1.83 -12.00 1.48 37.80 -1.72 0.108
cyclist -1 -1 0.49 595.33 189.27 629.86 301.69 1.41 0.50 1.32 0.00 1.50 8.80 0.49 0.071
