car -1 -1 -1.66 671.16 189.33 741.55 238.56 1.54 1.62 3.91 2.90 1.87 21.90 -1.53 0.998
car -1 -1 -3.06 41.44 191.62 314.95 298.46 1.54 1.62 3.91 -6.90 1.87 11.70 -3.59 0.996
car -1 -1 -2.70 327.19 188.95 466.90 236.13 1.54 1.62 3.91 -6.70 2.07 23.30 -2.98 0.986
car -1 -1 -1.04 639.96 184.04 688.77 221.83 1.54 1.62 3.91 2.10 1.87 29.70 -0.97 0.985
car -1 -1 -2.75 218.72 190.47 430.70 255.01 1.54 1.62 3.91 -6.70 1.87 17.10 -3.13 0.982
car -1 -1 -1.11 436.34 184.79 526.70 220.15 1.54 1.62 3.91 -5.10 2.07 29.30 -1.29 0.967
car -1 -1 0.79 970.67 186.50 1241.00 314.02 1.46 1.49 2.95 6.80 1.73 9.60 1.41 0.922
car -1 -1 -1.55 381.85 186.06 500.15 227.11 1.54 1.62 3.91 -6.70 2.07 29.30 -1.78 0.865
car -1 -1 -1.06 503.31 182.64 553.08 203.94 1.54 1.62 3.91 -6.30 2.47 56.50 -1.17 0.569
car -1 -1 -0.15 626.56 179.42 650.39 201.15 1.54 1.62 3.91 1.90 2.07 49.50 -0.11 0.056
cyclist -1 -1 0.36 125.82 189.33 162.49 229.83 1.41 0.50 1.32 -18.80 2.11 29.00 -0.21 0.060
