car -1 -1 1.79 483.34 171.21 593.19 232.78 1.46 1.49 2.95 -1.60 1.33 18.40 1.70 1.000
pedestrian -1 -1 -1.59 653.18 164.29 699.35 270.75 1.77 0.62 0.88 1.20 1.48 11.70 -1.49 1.000
pedestrian -1 -1 -1.24 554.69 159.28 613.62 311.92 1.76 0.66 0.49 -0.20 1.48 8.70 -1.26 1.000
pedestrian -1 -1 -2.14 697.31 159.96 746.00 270.59 1.77 0.62 0.88 2.00 1.48 12.30 -1.98 0.999
pedestrian -1 -1 -1.52 611.27 163.13 634.31 220.70 1.76 0.66 0.49 0.80 1.28 24.30 -1.49 0.999
pedestrian -1 -1 -1.80 767.34 156.12 843.04 328.50 1.77 0.62 0.88 2.20 1.48 7.90 -1.52 0.999
pedestrian -1 -1 -2.32 888.15 157.01 971.53 372.11 1.76 0.66 0.49 2.50 1.48 5.80 -1.91 0.998
pedestrian -1 -1 -2.17 410.25 152.56 447.44 270.82 1.76 0.66 0.49 -2.70 1.48 10.80 -2.41 0.997
pedestrian -1 -1 -1.79 923.54 154.45 1066.58 373.00 1.77 0.62 0.88 2.90 1.48 5.40 -1.30 0.992
pedestrian -1 -1 -2.08 726.95 160.17 791.22 332.26 1.76 0.66 0.49 1.50 1.48 7.40 -1.88 0.991
pedestrian -1 -1 -0.21 637.19 167.57 651.57 213.74 1.41 0.50 1.32 1.60 1.11 26.40 -0.15 0.897
pedestrian -1 -1 -1.93 964.28 149.33 1018.79 236.33 1.77 0.62 0.88 9.10 1.08 16.80 -1.44 0.714
pedestrian -1 -1 -0.74 792.33 159.93 811.56 212.92 1.76 0.66 0.49 6.90 0.88 24.80 -0.46 0.190
pedestrian -1 -1 -1.62 709.81 145.72 934.32 351.04 1.75 0.62 1.83 1.40 1.48 4.40 -1.31 0.142
pedestrian -1 -1 -1.01 745.01 167.28 763.70 207.89 1.41 0.50 1.32 6.60 0.90 31.20 -0.80 0.107
pedestrian -1 -1 -0.41 945.08 170.05 991.33 254.93 1.41 0.50 1.32 8.60 1.30 17.00 0.06 0.099
pedestrian -1 -1 -0.07 778.05 167.39 803.41 223.78 1.75 0.62 1.83 6.60 1.28 25.60 0.19 0.078
pedestrian -1 -1 -1.58 708.90 167.47 735.38 210.64 1.41 0.50 1.32 6.00 0.90 35.60 -1.41 0.077
pedestrian -1 -1 0.60 517.74 164.82 527.72 208.21 1.68 0.41 1.64 -3.10 1.14 28.10 0.49 0.073
cyclist -1 -1 -1.85 396.67 162.43 470.35 267.87 1.87 0.84 1.11 -2.90 1.33 12.90 -2.07 0.649
