car -1 -1 -1.68 634.91 176.54 705.62 227.92 1.54 1.62 3.91 1.70 1.67 22.70 -1.60 0.999
car -1 -1 -1.14 894.84 159.87 1241.00 360.31 1.54 1.62 3.91 4.30 1.47 7.50 -0.62 0.998
car -1 -1 -1.65 615.44 170.66 651.76 202.84 1.54 1.62 3.91 0.90 1.47 31.70 -1.62 0.988
car -1 -1 -1.08 186.71 183.26 415.00 252.04 1.54 1.62 3.91 -6.50 1.87 15.90 -1.47 0.959
car -1 -1 -1.58 426.91 178.26 500.22 210.27 1.46 1.49 2.95 -7.00 1.73 33.40 -1.79 0.957
car -1 -1 -2.58 324.35 182.28 444.89 231.79 1.46 1.49 2.95 -6.40 1.73 21.20 -2.87 0.909
car -1 -1 -0.79 471.97 173.63 531.27 198.01 1.54 1.62 3.91 -7.70 1.67 51.90 -0.94 0.342
car -1 -1 -2.11 357.48 176.29 478.31 216.21 1.54 1.62 3.91 -7.50 1.67 28.30 -2.37 0.131
pedestrian -1 -1 -0.93 1109.96 142.13 1130.02 200.71 1.76 0.66 0.49 16.90 1.08 24.00 -0.31 0.083
pedestrian -1 -1 2.47 374.02 181.17 408.54 280.89 1.41 0.50 1.32 -5.40 1.71 17.80 2.17 0.070
cyclist -1 -1 1.78 347.46 174.33 416.88 302.93 1.68 0.41 1.64 -3.30 1.74 10.50 1.47 1.000
