car -1 -1 -1.99 755.91 193.39 1086.95 372.26 1.46 1.49 2.95 2.80 1.73 6.80 -1.60 1.000
car -1 -1 -0.51 691.69 182.18 785.06 243.70 1.46 1.49 2.95 3.40 1.73 19.00 -0.34 0.998
car -1 -1 0.20 79.27 182.10 407.60 289.26 1.54 1.62 3.91 -5.70 1.67 11.50 -0.26 0.998
car -1 -1 -1.30 655.05 171.28 697.72 208.31 1.54 1.62 3.91 3.10 1.47 34.10 -1.21 0.996
car -1 -1 -2.20 405.18 177.63 521.34 221.55 1.54 1.62 3.91 -5.30 1.67 26.70 -2.40 0.991
car -1 -1 -2.05 464.42 171.27 544.06 210.53 2.48 1.81 4.73 -6.10 2.14 42.40 -2.19 0.990
car -1 -1 -1.75 242.21 170.41 417.86 247.33 1.46 1.49 2.95 -6.20 1.53 16.00 -2.12 0.813
car -1 -1 -1.91 491.85 174.81 558.82 200.47 1.54 1.62 3.91 -5.10 1.87 46.10 -2.03 0.574
car -1 -1 -1.98 330.56 175.64 474.77 228.17 1.54 1.62 3.91 -6.10 1.67 21.10 -2.26 0.074
cyclist -1 -1 -2.06 1005.74 181.51 1031.50 210.21 1.41 0.50 1.32 19.60 1.71 34.60 -1.54 0.064
