car -1 -1 -0.75 897.02 128.78 1049.33 195.08 2.48 1.81 4.73 12.90 0.54 25.00 -0.27 0.077
pedestrian -1 -1 0.94 682.01 151.98 739.80 304.19 1.76 0.66 0.49 1.20 1.48 8.30 1.08 1.000
pedestrian -1 -1 0.84 1115.39 153.26 1223.00 369.00 1.68 0.41 1.64 3.30 1.54 3.50 1.60 0.999
pedestrian -1 -1 1.00 570.90 141.61 626.90 313.11 1.76 0.66 0.49 0.00 1.48 8.10 1.00 0.999
pedestrian -1 -1 0.35 728.84 140.59 797.31 298.20 1.76 0.66 0.49 1.80 1.28 8.50 0.55 0.998
pedestrian -1 -1 -0.28 493.08 164.40 584.49 368.57 1.68 0.41 1.64 -0.50 1.54 5.10 -0.38 0.997
pedestrian -1 -1 0.60 970.01 136.35 1070.61 369.00 1.76 0.66 0.49 2.70 1.48 4.60 1.14 0.975
pedestrian -1 -1 0.98 748.30 152.22 1047.56 366.23 1.41 0.50 1.32 1.20 1.50 3.20 1.34 0.925
pedestrian -1 -1 -0.10 237.73 130.96 273.54 289.71 1.76 0.66 0.49 -6.00 1.08 11.90 -0.56 0.898
pedestrian -1 -1 -0.13 618.04 142.70 631.82 200.09 1.41 0.50 1.32 0.60 0.50 21.00 -0.10 0.870
pedestrian -1 -1 1.13 640.15 143.48 655.75 194.95 1.68 0.41 1.64 1.50 0.54 23.70 1.20 0.783
pedestrian -1 -1 0.68 549.51 144.67 563.24 187.27 1.68 0.41 1.64 -2.10 0.14 33.30 0.62 0.635
pedestrian -1 -1 1.77 492.33 141.59 502.77 176.94 1.77 0.62 0.88 -5.60 -0.12 36.90 1.62 0.405
pedestrian -1 -1 1.35 754.47 128.08 851.58 339.80 1.75 0.62 1.83 1.80 1.28 6.80 1.60 0.390
pedestrian -1 -1 0.22 609.43 135.98 622.01 214.26 1.76 0.66 0.49 0.30 0.68 19.60 0.23 0.227
pedestrian -1 -1 1.02 326.48 131.86 355.40 228.05 1.76 0.66 0.49 -4.90 1.08 13.20 0.66 0.100
pedestrian -1 -1 -0.77 943.53 142.55 1015.49 215.44 1.75 0.62 1.83 11.40 0.48 21.60 -0.29 0.063
pedestrian -1 -1 1.38 886.32 134.17 948.96 218.17 1.75 0.62 1.83 9.60 0.28 21.80 1.79 0.061
cyclist -1 -1 0.11 221.02 135.70 298.49 281.15 1.87 0.84 1.11 -5.50 1.13 11.70 -0.32 0.245
cyclist -1 -1 1.30 309.98 136.72 370.57 223.52 1.76 0.66 0.49 -5.00 1.08 13.10 0.93 0.153
