car -1 -1 1.54 566.59 168.86 599.03 195.21 1.54 1.62 3.91 -0.90 0.87 45.10 1.52 0.972
car -1 -1 -0.21 688.94 162.98 718.42 184.57 1.54 1.62 3.91 7.70 0.27 53.90 -0.07 0.327
pedestrian -1 -1 -0.67 628.60 153.96 655.63 239.23 1.68 0.41 1.64 0.90 1.14 15.70 -0.62 1.000
pedestrian -1 -1 1.84 400.28 165.01 457.15 332.96 1.76 0.66 0.49 -1.90 1.48 7.80 1.60 1.000
pedestrian -1 -1 2.02 701.91 165.35 724.97 227.09 1.41 0.50 1.32 2.80 1.11 18.40 2.17 1.000
pedestrian -1 -1 1.94 452.55 153.40 499.93 316.01 1.76 0.66 0.49 -1.50 1.48 8.20 1.76 1.000
pedestrian -1 -1 0.90 671.80 160.12 701.15 234.38 1.76 0.66 0.49 1.80 1.28 16.10 1.02 1.000
pedestrian -1 -1 -1.02 348.83 187.20 407.23 317.88 1.41 0.50 1.32 -3.00 1.71 9.80 -1.32 0.980
pedestrian -1 -1 -1.32 732.43 156.11 752.26 235.15 1.76 0.66 0.49 4.10 1.08 21.20 -1.13 0.917
pedestrian -1 -1 2.59 497.86 163.39 511.48 217.18 1.76 0.66 0.49 -3.30 1.28 25.00 2.46 0.860
pedestrian -1 -1 -1.26 390.01 168.10 412.14 224.09 1.77 0.62 0.88 -7.20 1.28 25.70 -1.54 0.659
pedestrian -1 -1 1.24 694.09 160.59 711.02 231.93 1.76 0.66 0.49 2.50 1.28 18.00 1.38 0.306
pedestrian -1 -1 -1.47 745.27 155.26 762.26 220.43 1.76 0.66 0.49 5.10 0.88 24.00 -1.26 0.179
pedestrian -1 -1 -1.59 623.30 158.77 640.69 217.38 1.75 0.62 1.83 1.00 1.08 27.00 -1.55 0.169
pedestrian -1 -1 1.10 477.45 160.96 497.35 234.51 1.68 0.41 1.64 -3.70 1.34 24.10 0.95 0.067
cyclist -1 -1 -1.39 723.57 151.92 782.45 251.39 1.87 0.84 1.11 3.10 1.33 14.30 -1.18 0.422
