car -1 -1 1.07 809.16 190.26 1049.02 331.55 1.46 1.49 2.95 3.80 1.73 9.20 1.46 1.000
car -1 -1 0.25 746.09 183.05 860.14 264.93 1.46 1.49 2.95 3.80 1.73 14.40 0.51 0.999
car -1 -1 1.31 380.95 153.86 537.81 288.12 1.54 1.62 3.91 -2.30 1.47 11.10 1.10 0.997
car -1 -1 1.65 552.22 170.73 595.65 206.85 1.54 1.62 3.91 -1.50 1.47 29.30 1.60 0.997
car -1 -1 -0.62 726.96 179.51 807.00 235.01 1.46 1.49 2.95 4.20 1.73 20.20 -0.41 0.996
car -1 -1 -1.55 692.85 176.42 736.97 210.28 1.46 1.49 2.95 4.80 1.73 32.60 -1.40 0.991
car -1 -1 -1.42 710.23 176.85 764.55 220.49 1.46 1.49 2.95 4.60 1.73 26.40 -1.25 0.981
car -1 -1 -1.43 680.26 173.68 716.87 203.87 1.46 1.49 2.95 4.40 1.53 35.40 -1.30 0.874
car -1 -1 1.23 468.91 174.93 558.51 250.93 1.46 1.49 2.95 -2.00 1.73 15.60 1.11 0.791
car -1 -1 1.22 1063.68 190.83 1238.70 368.69 1.46 1.49 2.95 6.40 1.73 7.40 1.94 0.451
car -1 -1 1.29 838.20 185.31 983.97 240.10 1.54 1.62 3.91 9.10 1.87 21.90 1.68 0.071
