car -1 -1 2.12 418.93 156.72 493.29 221.22 2.48 1.81 4.73 -5.00 1.54 25.50 1.93 0.654
car -1 -1 -0.29 181.38 160.28 407.98 316.85 1.54 1.62 3.91 -3.70 1.27 9.50 -0.66 0.428
car -1 -1 1.04 375.12 152.88 475.65 234.87 2.48 1.81 4.73 -5.00 1.54 20.30 0.80 0.054
pedestrian -1 -1 2.42 1162.16 143.83 1232.93 310.80 1.77 0.62 0.88 7.90 1.28 9.40 3.12 0.999
pedestrian -1 -1 0.17 802.45 150.23 848.05 269.05 1.76 0.66 0.49 3.20 1.28 10.50 0.46 0.999
pedestrian -1 -1 0.25 1051.66 142.10 1104.06 291.72 1.76 0.66 0.49 6.10 1.08 9.40 0.82 0.997
pedestrian -1 -1 -2.35 348.68 166.24 398.58 292.39 1.41 0.50 1.32 -3.20 1.30 10.20 -2.65 0.972
pedestrian -1 -1 -1.67 380.31 166.20 428.37 288.91 1.41 0.50 1.32 -3.00 1.30 11.00 -1.94 0.916
pedestrian -1 -1 1.28 718.57 180.58 740.52 238.66 1.41 0.50 1.32 3.40 1.30 18.80 1.46 0.779
pedestrian -1 -1 -1.58 1211.70 168.10 1233.22 301.81 1.41 0.50 1.32 7.00 1.30 7.20 -0.80 0.759
pedestrian -1 -1 2.79 497.42 167.30 510.54 213.79 1.76 0.66 0.49 -3.90 1.28 28.60 2.66 0.737
pedestrian -1 -1 2.11 685.96 174.87 710.02 234.86 1.41 0.50 1.32 2.20 1.30 16.60 2.24 0.518
pedestrian -1 -1 -2.38 636.92 168.10 645.53 208.49 1.68 0.41 1.64 1.90 1.14 34.50 -2.33 0.080
pedestrian -1 -1 -0.98 6.97 199.90 132.98 315.42 1.41 0.50 1.32 -7.80 1.71 10.40 -1.62 0.054
pedestrian -1 -1 0.59 602.28 161.97 615.00 216.36 1.41 0.50 1.32 0.20 1.11 22.60 0.59 0.050
cyclist -1 -1 2.34 670.67 180.01 714.97 233.88 1.41 0.50 1.32 2.20 1.30 18.80 2.46 0.289
