car -1 -1 -0.90 704.88 188.16 831.40 269.24 1.54 1.62 3.91 2.90 1.87 14.30 -0.70 0.999
car -1 -1 -1.43 653.42 175.75 700.69 213.47 1.54 1.62 3.91 3.30 1.87 35.70 -1.34 0.999
car -1 -1 -1.49 145.42 165.56 345.99 279.75 1.54 1.62 3.91 -5.30 1.47 11.50 -1.93 0.997
car -1 -1 -1.94 370.49 180.10 508.86 227.50 1.54 1.62 3.91 -5.50 1.67 22.90 -2.17 0.983
car -1 -1 -1.88 453.70 170.55 552.13 210.23 2.48 1.81 4.73 -6.30 2.14 42.40 -2.02 0.981
car -1 -1 0.01 21.71 186.00 302.74 347.37 1.46 1.49 2.95 -5.20 1.93 9.20 -0.51 0.946
car -1 -1 -1.72 473.15 179.02 524.13 215.20 1.46 1.49 2.95 -4.80 1.93 31.60 -1.87 0.919
car -1 -1 -1.57 295.24 179.84 452.38 243.31 1.46 1.49 2.95 -5.80 1.73 17.60 -1.89 0.637
car -1 -1 1.42 162.01 162.13 287.47 226.55 2.48 1.81 4.73 -14.60 1.94 27.10 0.93 0.253
car -1 -1 -1.74 243.45 166.56 358.97 248.49 2.48 1.81 4.73 -9.60 1.94 22.70 -2.14 0.143
pedestrian -1 -1 -1.74 1058.33 185.43 1094.31 227.27 1.41 0.50 1.32 20.20 2.31 31.40 -1.16 0.864
cyclist -1 -1 -1.69 1044.94 186.71 1108.85 229.06 1.75 0.62 1.83 20.60 2.28 31.80 -1.12 0.421
