car -1 -1 -1.68 652.05 182.27 713.34 229.01 1.54 1.62 3.91 2.30 1.87 25.30 -1.59 0.999
car -1 -1 -1.83 697.83 188.23 817.22 269.70 1.54 1.62 3.91 2.70 1.67 14.10 -1.64 0.999
car -1 -1 -2.72 122.19 189.92 386.52 272.52 1.54 1.62 3.91 -6.50 1.87 13.90 -3.16 0.988
car -1 -1 -2.63 313.34 182.60 424.07 248.23 1.46 1.49 2.95 -6.00 1.73 18.00 -2.95 0.966
car -1 -1 -2.37 13.64 190.44 293.64 303.93 1.46 1.49 2.95 -6.20 1.73 10.20 -2.92 0.958
car -1 -1 -1.41 389.07 180.48 505.24 222.64 1.54 1.62 3.91 -6.10 1.87 27.50 -1.63 0.921
car -1 -1 -1.94 494.21 179.31 542.90 205.17 1.46 1.49 2.95 -5.20 1.93 41.60 -2.06 0.852
car -1 -1 -2.30 261.40 191.82 389.70 256.16 1.46 1.49 2.95 -6.60 1.93 17.60 -2.66 0.464
car -1 -1 -2.19 344.18 186.66 466.10 230.04 1.46 1.49 2.95 -6.80 2.13 25.40 -2.45 0.202
car -1 -1 0.28 353.22 180.34 424.56 205.05 1.54 1.62 3.91 -14.50 2.07 47.70 -0.01 0.068
car -1 -1 -0.16 629.85 175.90 659.05 202.43 1.46 1.49 2.95 1.80 1.73 37.80 -0.12 0.063
car -1 -1 -2.13 431.78 175.47 510.68 209.40 1.54 1.62 3.91 -6.30 1.67 34.10 -2.31 0.057
pedestrian -1 -1 -0.83 850.87 156.59 880.38 221.86 1.76 0.66 0.49 7.30 1.48 20.80 -0.49 0.119
