car -1 -1 -1.17 172.62 183.01 378.38 295.26 1.54 1.62 3.91 -5.90 1.87 12.90 -1.60 1.000
car -1 -1 1.63 401.25 183.61 477.97 233.53 1.54 1.62 3.91 -5.70 1.87 24.30 1.40 0.999
car -1 -1 -1.67 769.80 181.30 1022.83 341.19 1.46 1.49 2.95 2.80 1.53 8.20 -1.34 0.999
car -1 -1 1.76 445.58 183.24 503.32 222.87 1.54 1.62 3.91 -5.50 1.87 29.70 1.58 0.997
car -1 -1 2.05 1015.97 143.71 1241.00 255.47 1.46 1.49 2.95 7.40 1.13 11.00 2.64 0.952
car -1 -1 1.73 474.09 183.03 516.03 214.59 1.46 1.49 2.95 -5.20 1.93 32.60 1.57 0.885
car -1 -1 -0.35 1022.49 148.06 1134.70 178.49 1.54 1.62 3.91 25.50 0.27 39.10 0.23 0.476
car -1 -1 1.49 738.35 160.08 843.22 192.39 1.54 1.62 3.91 9.70 1.07 38.50 1.74 0.274
car -1 -1 1.59 498.91 182.87 531.96 207.46 1.46 1.49 2.95 -5.60 2.13 42.40 1.46 0.220
car -1 -1 1.16 249.89 187.43 365.86 234.74 1.54 1.62 3.91 -10.90 2.07 26.70 0.77 0.175
car -1 -1 1.73 512.22 177.89 550.52 202.53 1.54 1.62 3.91 -5.10 1.87 46.90 1.62 0.070
