car -1 -1 1.99 100.89 173.59 527.14 372.49 1.54 1.62 3.91 -2.30 1.47 6.10 1.63 0.999
car -1 -1 -1.12 494.31 167.97 628.19 266.73 1.54 1.62 3.91 -0.70 1.27 11.50 -1.18 0.998
car -1 -1 1.38 650.82 164.75 703.81 206.51 1.54 1.62 3.91 2.50 1.27 29.50 1.46 0.993
car -1 -1 -1.59 796.67 176.31 868.97 235.20 1.46 1.49 2.95 6.00 1.53 20.20 -1.30 0.973
car -1 -1 0.55 525.77 164.13 602.46 201.70 1.46 1.49 2.95 -2.00 1.13 29.60 0.49 0.956
car -1 -1 -1.22 912.83 211.69 1241.00 372.83 1.46 1.49 2.95 4.80 1.73 6.60 -0.59 0.720
car -1 -1 0.09 675.47 169.07 713.97 199.54 1.54 1.62 3.91 4.90 1.47 41.30 0.21 0.416
car -1 -1 1.42 768.15 165.15 797.79 190.03 2.48 1.81 4.73 15.40 1.54 64.30 1.66 0.285
pedestrian -1 -1 1.16 929.03 168.86 962.80 230.97 1.41 0.50 1.32 8.20 1.50 17.80 1.59 0.319
cyclist -1 -1 1.00 918.16 171.16 972.00 233.71 1.76 0.66 0.49 8.10 1.48 17.40 1.44 0.185
