car -1 -1 -1.41 398.82 175.04 519.73 266.82 1.54 1.62 3.91 -2.90 1.67 14.70 -1.61 1.000
car -1 -1 2.03 193.03 186.74 287.78 236.26 1.54 1.62 3.91 -12.90 2.07 25.70 1.56 0.999
car -1 -1 -1.77 586.42 171.34 611.99 195.59 1.46 1.49 2.95 -0.60 1.73 48.20 -1.78 0.974
car -1 -1 0.66 665.57 176.34 724.01 222.51 1.46 1.49 2.95 2.60 1.53 23.60 0.77 0.092
pedestrian -1 -1 1.72 659.03 169.73 669.65 212.29 1.41 0.50 1.32 2.00 1.30 27.60 1.79 0.863
pedestrian -1 -1 2.06 675.08 164.19 690.54 219.61 1.76 0.66 0.49 2.30 1.48 23.00 2.16 0.770
pedestrian -1 -1 -1.53 690.77 155.19 711.49 219.15 1.76 0.66 0.49 2.70 1.48 21.60 -1.41 0.764
pedestrian -1 -1 -1.55 114.09 177.42 138.24 224.64 1.77 0.62 0.88 -20.10 2.08 29.80 -2.15 0.265
pedestrian -1 -1 -1.07 308.49 179.20 321.14 212.11 1.41 0.50 1.32 -18.20 2.11 44.20 -1.46 0.132
cyclist -1 -1 0.38 668.64 165.44 723.38 218.81 1.75 0.62 1.83 2.60 1.48 23.40 0.49 0.999
