car -1 -1 1.46 550.60 169.57 583.54 194.49 1.54 1.62 3.91 -2.50 0.87 49.30 1.41 0.897
pedestrian -1 -1 -0.11 587.72 163.61 608.64 235.21 1.76 0.66 0.49 -0.10 1.28 18.40 -0.12 1.000
pedestrian -1 -1 -1.47 632.24 162.73 662.03 229.30 1.77 0.62 0.88 1.30 1.28 21.00 -1.41 1.000
pedestrian -1 -1 1.94 503.46 160.71 532.92 261.05 1.68 0.41 1.64 -1.70 1.34 14.30 1.82 1.000
pedestrian -1 -1 1.70 475.18 165.53 503.15 259.62 1.76 0.66 0.49 -2.10 1.48 13.80 1.55 0.999
pedestrian -1 -1 -0.96 945.25 121.95 1117.14 359.21 1.77 0.62 0.88 2.70 1.48 4.80 -0.45 0.999
pedestrian -1 -1 1.77 672.64 162.98 691.69 222.65 1.41 0.50 1.32 2.20 1.11 20.40 1.88 0.998
pedestrian -1 -1 -1.65 704.21 156.31 724.49 214.07 1.68 0.41 1.64 3.50 0.94 22.50 -1.49 0.968
pedestrian -1 -1 1.46 156.20 217.37 274.98 370.65 1.68 0.41 1.64 -3.70 1.74 7.10 0.98 0.740
pedestrian -1 -1 -1.40 374.26 210.41 417.31 303.13 1.41 0.50 1.32 -3.00 1.71 10.80 -1.67 0.618
pedestrian -1 -1 -1.08 617.65 159.22 632.14 214.44 1.77 0.62 0.88 0.80 1.08 25.30 -1.05 0.240
pedestrian -1 -1 0.57 411.27 176.82 426.78 215.40 1.41 0.50 1.32 -7.60 1.30 29.80 0.32 0.162
pedestrian -1 -1 0.81 80.43 217.54 211.35 367.85 1.41 0.50 1.32 -3.80 1.50 5.80 0.23 0.134
pedestrian -1 -1 -0.80 630.47 163.87 642.17 221.90 1.76 0.66 0.49 1.10 1.08 23.40 -0.75 0.128
pedestrian -1 -1 -1.36 696.12 157.85 708.41 218.44 1.68 0.41 1.64 3.10 0.94 22.50 -1.22 0.110
pedestrian -1 -1 -0.18 279.57 217.19 356.94 351.62 1.41 0.50 1.32 -2.80 1.71 7.40 -0.55 0.070
pedestrian -1 -1 -1.52 436.38 196.81 461.61 268.00 1.41 0.50 1.32 -2.80 1.71 13.40 -1.72 0.053
cyclist -1 -1 -0.19 690.82 148.94 733.56 265.00 1.76 0.66 0.49 1.70 1.48 11.80 -0.04 0.261
cyclist -1 -1 0.88 671.41 159.40 706.74 238.46 1.76 0.66 0.49 1.50 1.48 12.80 0.99 0.102
cyclist -1 -1 1.23 41.02 224.07 323.81 367.13 1.68 0.41 1.64 -2.30 1.74 3.90 0.70 0.080
