car -1 -1 1.14 747.84 187.74 951.98 327.46 1.46 1.49 2.95 2.80 1.73 9.20 1.44 0.999
car -1 -1 -2.97 251.15 174.40 448.68 241.65 1.54 1.62 3.91 -6.30 1.67 17.70 -3.31 0.997
car -1 -1 -1.34 641.19 180.64 679.84 210.29 1.54 1.62 3.91 2.70 1.87 38.70 -1.27 0.989
car -1 -1 -2.95 343.40 178.61 483.16 228.49 1.54 1.62 3.91 -5.90 1.67 22.30 -3.21 0.968
car -1 -1 -1.26 429.12 174.85 538.06 211.02 1.54 1.62 3.91 -5.90 1.67 31.70 -1.45 0.777
car -1 -1 -0.74 467.93 162.67 555.99 204.14 2.48 1.81 4.73 -5.30 1.94 40.80 -0.87 0.168
car -1 -1 0.88 308.93 172.24 385.67 208.88 2.48 1.81 4.73 -19.50 2.34 53.40 0.53 0.066
car -1 -1 0.17 508.77 169.82 562.24 197.29 2.48 1.81 4.73 -7.10 2.34 69.80 0.06 0.057
pedestrian -1 -1 -0.38 96.71 167.59 144.65 257.12 1.77 0.62 0.88 -11.10 1.68 16.60 -0.97 0.912
cyclist -1 -1 -0.70 733.88 190.85 801.57 283.28 1.41 0.50 1.32 2.80 1.90 12.80 -0.49 0.080
