car -1 -1 1.81 143.56 193.31 439.91 364.87 1.54 1.62 3.91 -3.30 1.67 8.30 1.43 1.000
car -1 -1 1.83 577.21 180.35 639.44 215.83 1.46 1.49 2.95 -0.20 2.13 35.00 1.82 0.995
car -1 -1 1.96 642.22 175.81 678.24 205.36 1.54 1.62 3.91 2.70 1.87 40.90 2.03 0.985
car -1 -1 -2.81 366.92 176.19 466.28 216.70 1.54 1.62 3.91 -7.10 1.67 27.30 -3.06 0.982
car -1 -1 1.86 606.94 172.60 649.86 212.49 2.48 1.81 4.73 1.00 2.14 36.70 1.89 0.944
car -1 -1 -1.33 754.94 176.96 787.31 199.97 1.54 1.62 3.91 13.30 2.07 59.50 -1.11 0.810
pedestrian -1 -1 0.02 808.33 163.43 851.46 302.39 1.77 0.62 0.88 3.20 1.68 10.90 0.30 0.939
pedestrian -1 -1 -1.55 772.10 170.05 804.52 278.82 1.68 0.41 1.64 3.10 1.74 12.30 -1.30 0.905
cyclist -1 -1 -0.66 794.43 160.68 866.59 317.47 1.77 0.62 0.88 2.80 1.68 8.70 -0.35 0.995
cyclist -1 -1 -1.85 762.24 175.70 811.06 277.99 1.68 0.41 1.64 2.90 1.74 12.90 -1.63 0.932
