car -1 -1 -2.23 737.37 174.54 842.02 218.13 1.54 1.62 3.91 6.30 1.67 25.50 -1.99 0.998
car -1 -1 -2.61 207.61 179.14 403.08 251.59 1.54 1.62 3.91 -6.30 1.67 15.90 -2.98 0.993
car -1 -1 -1.65 627.11 172.85 662.73 203.50 1.54 1.62 3.91 2.10 1.67 39.30 -1.59 0.989
car -1 -1 -2.25 429.41 175.50 504.16 203.18 1.54 1.62 3.91 -8.10 1.67 41.50 -2.44 0.987
car -1 -1 0.21 89.41 183.11 259.86 265.06 1.54 1.62 3.91 -10.10 1.87 16.90 -0.32 0.844
car -1 -1 -0.86 459.89 173.25 530.06 198.29 1.54 1.62 3.91 -6.30 1.47 39.50 -1.02 0.456
car -1 -1 -2.19 327.08 176.45 424.68 234.61 1.46 1.49 2.95 -6.00 1.53 19.00 -2.50 0.399
car -1 -1 -1.32 607.17 174.03 643.65 192.85 1.46 1.49 2.95 1.20 1.53 61.00 -1.30 0.254
car -1 -1 -1.64 357.00 166.56 484.00 218.96 1.54 1.62 3.91 -5.90 1.47 22.50 -1.90 0.130
car -1 -1 -1.22 21.86 178.99 268.23 328.10 1.54 1.62 3.91 -5.70 1.67 9.70 -1.75 0.119
pedestrian -1 -1 0.36 702.97 153.54 719.82 195.37 1.87 0.84 1.11 6.70 1.33 47.10 0.50 0.099
