car -1 -1 -1.72 707.31 177.44 858.73 297.38 1.54 1.62 3.91 2.30 1.67 11.10 -1.52 1.000
car -1 -1 -2.43 176.39 169.50 410.36 236.51 1.54 1.62 3.91 -7.30 1.47 16.70 -2.84 0.999
car -1 -1 1.39 629.92 171.87 661.11 197.30 1.54 1.62 3.91 2.30 1.67 46.70 1.44 0.990
car -1 -1 1.15 467.23 167.47 547.77 227.47 1.54 1.62 3.91 -3.10 1.47 22.70 1.01 0.986
car -1 -1 -1.71 682.67 185.53 769.18 254.88 1.46 1.49 2.95 2.20 1.73 15.20 -1.57 0.986
car -1 -1 -1.27 514.37 171.66 563.77 210.46 1.54 1.62 3.91 -2.90 1.47 31.10 -1.36 0.980
car -1 -1 0.97 568.64 165.82 590.62 187.31 2.48 1.81 4.73 -3.00 1.74 74.30 0.93 0.211
car -1 -1 -1.54 699.58 182.81 830.77 230.44 1.54 1.62 3.91 4.70 1.67 22.50 -1.33 0.061
pedestrian -1 -1 1.42 587.34 161.72 597.58 210.64 1.68 0.41 1.64 -0.70 1.54 29.30 1.39 0.066
cyclist -1 -1 1.59 583.76 160.38 604.37 211.17 1.75 0.62 1.83 -0.60 1.48 28.20 1.56 0.958
cyclist -1 -1 0.46 725.69 180.16 762.24 217.13 1.41 0.50 1.32 5.40 1.71 29.60 0.64 0.054
