car -1 -1 -1.70 662.85 175.52 743.45 239.50 1.54 1.62 3.91 2.50 1.67 19.90 -1.57 1.000
car -1 -1 -1.74 730.67 190.16 941.27 327.51 1.54 1.62 3.91 2.70 1.67 9.70 -1.47 1.000
car -1 -1 -0.98 86.19 170.98 382.87 282.56 1.54 1.62 3.91 -5.50 1.67 11.10 -1.44 0.997
car -1 -1 -2.59 306.16 185.47 457.88 244.01 1.54 1.62 3.91 -6.30 1.87 20.10 -2.90 0.994
car -1 -1 -1.67 653.50 184.06 703.35 224.82 1.46 1.49 2.95 2.60 1.93 28.60 -1.57 0.975
car -1 -1 0.97 17.59 202.02 253.27 342.99 1.46 1.49 2.95 -5.80 1.93 9.60 0.43 0.925
car -1 -1 -1.85 418.14 185.21 504.09 221.39 1.46 1.49 2.95 -6.20 2.13 30.80 -2.05 0.861
car -1 -1 0.27 487.02 175.36 550.42 205.05 2.48 1.81 4.73 -6.70 2.54 55.40 0.15 0.792
car -1 -1 -1.44 641.36 178.36 678.84 214.41 1.46 1.49 2.95 2.20 1.93 33.60 -1.37 0.787
car -1 -1 -1.19 447.05 179.03 532.94 207.87 1.54 1.62 3.91 -6.10 1.87 37.70 -1.35 0.749
car -1 -1 -2.48 206.30 176.71 433.19 258.21 1.54 1.62 3.91 -6.50 1.67 15.90 -2.86 0.652
car -1 -1 -2.44 381.34 183.25 469.46 232.92 1.46 1.49 2.95 -5.80 1.93 23.60 -2.68 0.303
car -1 -1 -0.97 630.48 179.83 657.78 203.75 1.54 1.62 3.91 2.10 1.87 44.90 -0.92 0.065
