pedestrian -1 -1 0.99 669.86 134.72 716.29 262.03 1.75 0.62 1.83 1.40 1.08 11.60 1.11 1.000
pedestrian -1 -1 0.73 613.29 141.23 669.60 262.31 1.77 0.62 0.88 0.50 1.28 10.80 0.78 0.999
pedestrian -1 -1 0.33 1109.36 155.41 1223.00 361.53 1.76 0.66 0.49 3.10 1.68 3.80 1.01 0.999
pedestrian -1 -1 1.10 557.20 138.19 593.07 235.18 1.76 0.66 0.49 -0.60 1.08 13.70 1.06 0.999
pedestrian -1 -1 1.34 444.81 138.72 482.67 224.41 1.41 0.50 1.32 -2.60 0.70 13.60 1.15 0.997
pedestrian -1 -1 1.11 585.07 140.97 622.96 231.58 1.76 0.66 0.49 0.00 1.08 13.70 1.11 0.996
pedestrian -1 -1 1.20 507.86 139.19 538.44 227.20 1.76 0.66 0.49 -1.70 1.08 14.60 1.08 0.995
pedestrian -1 -1 1.78 484.49 143.99 509.96 233.62 1.76 0.66 0.49 -2.10 0.88 13.80 1.63 0.990
pedestrian -1 -1 0.53 543.39 141.64 562.69 228.87 1.76 0.66 0.49 -1.10 1.08 14.20 0.46 0.973
pedestrian -1 -1 1.24 534.65 137.55 548.02 210.19 1.68 0.41 1.64 -1.90 0.54 20.50 1.15 0.810
pedestrian -1 -1 -0.16 229.81 133.13 281.19 293.52 1.76 0.66 0.49 -4.00 1.28 8.10 -0.62 0.136
pedestrian -1 -1 -0.03 271.50 132.49 305.16 238.05 1.76 0.66 0.49 -5.40 1.08 12.10 -0.45 0.134
pedestrian -1 -1 -0.44 296.28 131.72 307.97 167.85 1.76 0.66 0.49 -18.30 -1.32 42.80 -0.84 0.102
pedestrian -1 -1 2.52 408.93 146.03 430.67 192.90 1.41 0.50 1.32 -6.20 0.31 23.40 2.26 0.096
pedestrian -1 -1 -0.29 303.82 131.39 316.56 160.73 1.41 0.50 1.32 -17.00 -1.29 40.80 -0.68 0.061
cyclist -1 -1 2.14 392.65 148.92 448.86 200.68 1.41 0.50 1.32 -5.00 0.50 19.20 1.88 0.564
cyclist -1 -1 1.49 432.65 143.03 493.97 239.03 1.77 0.62 0.88 -2.60 1.08 11.90 1.27 0.358
cyclist -1 -1 0.06 248.97 136.69 323.45 232.64 1.77 0.62 0.88 -5.30 1.08 12.00 -0.35 0.093
