car -1 -1 1.87 238.57 193.59 376.57 280.87 1.46 1.49 2.95 -6.00 1.93 14.20 1.47 1.000
car -1 -1 -1.68 722.57 182.91 833.79 267.33 1.46 1.49 2.95 3.00 1.73 14.00 -1.47 1.000
car -1 -1 -1.93 769.67 185.95 1039.86 348.18 1.46 1.49 2.95 2.80 1.53 7.80 -1.58 0.999
car -1 -1 2.12 0.00 200.54 279.75 353.02 1.54 1.62 3.91 -5.90 1.87 9.90 1.58 0.998
car -1 -1 -2.34 330.03 178.01 426.27 215.78 1.54 1.62 3.91 -10.50 1.87 33.30 -2.65 0.969
car -1 -1 2.33 20.46 201.55 216.56 273.77 1.46 1.49 2.95 -10.00 1.93 14.60 1.73 0.419
car -1 -1 1.15 909.98 169.90 960.31 200.43 1.46 1.49 2.95 15.40 1.33 34.00 1.57 0.098
pedestrian -1 -1 -1.29 231.63 179.94 259.43 245.62 1.77 0.62 0.88 -12.80 2.28 25.50 -1.75 0.582
pedestrian -1 -1 -2.06 788.04 157.62 814.32 240.48 1.68 0.41 1.64 4.90 1.34 18.30 -1.80 0.501
pedestrian -1 -1 -1.67 815.54 153.02 839.27 246.22 1.76 0.66 0.49 5.40 1.48 18.10 -1.38 0.093
