car -1 -1 -1.44 745.86 192.95 1012.48 368.97 1.46 1.49 2.95 2.40 1.73 7.60 -1.13 1.000
car -1 -1 -1.84 0.00 170.94 265.32 308.39 1.46 1.49 2.95 -5.80 1.53 9.20 -2.40 0.999
car -1 -1 1.92 403.35 168.71 529.98 259.88 1.54 1.62 3.91 -2.90 1.67 15.30 1.74 0.998
car -1 -1 1.34 640.17 174.13 676.71 202.99 1.54 1.62 3.91 2.90 1.87 41.10 1.41 0.993
car -1 -1 1.50 569.88 168.75 592.19 193.17 2.48 1.81 4.73 -2.40 1.94 64.30 1.47 0.911
car -1 -1 0.47 939.44 207.24 1218.77 370.79 1.54 1.62 3.91 3.50 1.67 2.90 1.35 0.473
car -1 -1 0.13 495.09 180.49 555.44 235.92 1.54 1.62 3.91 -2.70 1.87 24.90 0.02 0.472
pedestrian -1 -1 2.02 513.25 165.22 551.46 289.90 1.76 0.66 0.49 -1.10 1.68 10.40 1.91 0.972
pedestrian -1 -1 1.06 541.34 168.89 559.21 224.69 1.77 0.62 0.88 -2.20 1.68 27.10 0.98 0.100
cyclist -1 -1 2.17 494.90 171.42 563.52 269.07 1.75 0.62 1.83 -2.00 1.68 15.20 2.03 0.651
