car -1 -1 -1.87 798.38 180.48 1018.03 316.31 1.54 1.62 3.91 3.70 1.67 10.10 -1.52 1.000
car -1 -1 1.78 38.02 190.52 359.55 354.98 1.54 1.62 3.91 -4.70 1.87 8.90 1.30 1.000
car -1 -1 -1.57 730.41 177.02 862.29 262.01 1.46 1.49 2.95 3.40 1.53 13.40 -1.32 0.999
car -1 -1 1.72 392.94 183.55 488.65 241.17 1.54 1.62 3.91 -4.50 1.87 20.50 1.50 0.999
car -1 -1 1.69 293.89 186.33 447.77 272.29 1.54 1.62 3.91 -4.30 1.87 13.90 1.39 0.996
car -1 -1 -1.81 703.22 174.03 781.34 232.38 1.46 1.49 2.95 3.60 1.53 20.60 -1.64 0.996
car -1 -1 -1.83 685.14 174.95 728.34 209.69 1.46 1.49 2.95 4.00 1.53 29.80 -1.70 0.992
car -1 -1 1.55 505.06 175.39 549.18 209.34 1.54 1.62 3.91 -4.30 1.67 37.50 1.44 0.985
car -1 -1 -1.90 1066.48 170.54 1193.60 215.81 1.54 1.62 3.91 19.70 1.47 27.30 -1.28 0.972
car -1 -1 -1.82 975.58 169.33 1074.55 214.86 1.46 1.49 2.95 14.20 1.33 24.80 -1.30 0.796
car -1 -1 2.23 132.82 196.65 328.91 261.62 1.54 1.62 3.91 -9.30 2.07 18.10 1.76 0.643
car -1 -1 1.48 526.19 175.37 561.56 204.77 1.54 1.62 3.91 -4.10 1.87 47.30 1.39 0.413
car -1 -1 -2.13 912.69 170.42 987.23 214.51 1.46 1.49 2.95 11.60 1.33 25.00 -1.69 0.059
cyclist -1 -1 1.59 271.81 186.91 309.99 230.24 1.41 0.50 1.32 -11.80 1.90 26.60 1.17 0.069
cyclist -1 -1 1.38 223.46 182.66 273.59 239.13 1.68 0.41 1.64 -12.50 1.94 24.90 0.92 0.055
