car -1 -1 -1.41 407.68 177.24 509.32 247.65 1.54 1.62 3.91 -3.30 1.47 16.70 -1.61 1.000
car -1 -1 -0.46 982.51 160.06 1073.11 190.11 1.46 1.49 2.95 20.80 0.53 34.60 0.08 0.981
car -1 -1 -0.70 1078.13 149.02 1196.17 185.91 1.54 1.62 3.91 27.50 0.27 36.50 -0.05 0.803
car -1 -1 1.87 477.15 175.32 507.65 192.74 1.46 1.49 2.95 -10.40 1.13 65.80 1.72 0.058
pedestrian -1 -1 1.17 539.91 159.95 564.48 218.70 1.87 0.84 1.11 -1.70 1.33 23.90 1.10 0.999
pedestrian -1 -1 0.56 242.71 177.61 262.00 227.50 1.77 0.62 0.88 -14.90 1.68 29.80 0.10 0.998
pedestrian -1 -1 -0.37 943.81 140.15 971.20 200.12 1.76 0.66 0.49 10.30 0.68 20.80 0.09 0.624
pedestrian -1 -1 0.72 308.31 169.24 332.54 234.54 1.76 0.66 0.49 -8.50 1.68 21.40 0.34 0.128
cyclist -1 -1 -0.13 705.11 158.18 741.90 198.27 1.75 0.62 1.83 6.20 0.88 36.60 0.04 0.998
cyclist -1 -1 -1.07 828.69 159.66 848.38 201.24 1.75 0.62 1.83 11.80 0.88 35.20 -0.75 0.998
cyclist -1 -1 0.20 291.62 170.27 353.59 234.63 1.75 0.62 1.83 -8.40 1.68 20.80 -0.18 0.995
cyclist -1 -1 -0.40 918.31 144.35 992.64 199.16 1.75 0.62 1.83 10.40 0.88 20.80 0.06 0.968
cyclist -1 -1 0.92 237.16 179.38 269.90 224.99 1.75 0.62 1.83 -18.80 1.68 37.60 0.46 0.060
