car -1 -1 2.23 585.36 170.48 693.59 214.15 1.54 1.62 3.91 0.90 1.47 25.90 2.27 1.000
car -1 -1 -1.79 683.44 174.58 864.38 303.86 1.54 1.62 3.91 2.10 1.47 9.70 -1.57 1.000
car -1 -1 -1.20 855.70 162.89 970.97 210.68 1.54 1.62 3.91 10.30 1.27 24.70 -0.80 0.998
car -1 -1 -0.51 939.35 164.90 1019.20 202.03 1.46 1.49 2.95 15.80 1.13 30.60 -0.04 0.978
car -1 -1 -0.62 771.17 165.91 900.99 217.65 1.46 1.49 2.95 6.80 1.33 22.20 -0.33 0.951
car -1 -1 -0.92 989.23 157.06 1093.13 202.59 1.54 1.62 3.91 17.30 1.07 29.30 -0.38 0.839
car -1 -1 2.50 739.85 167.02 804.88 208.11 1.54 1.62 3.91 6.90 1.47 31.30 2.72 0.785
car -1 -1 0.38 814.65 165.34 882.96 198.72 1.46 1.49 2.95 11.60 1.13 34.40 0.71 0.336
car -1 -1 -0.38 1160.90 161.49 1228.70 189.04 1.46 1.49 2.95 31.80 0.93 39.40 0.30 0.053
pedestrian -1 -1 -0.15 577.44 148.44 593.09 205.72 1.77 0.62 0.88 -1.00 1.08 28.90 -0.19 0.952
