car -1 -1 -1.83 3.02 180.38 362.55 301.76 1.54 1.62 3.91 -6.10 1.67 10.50 -2.36 0.999
car -1 -1 -1.71 640.83 175.96 679.57 207.64 1.54 1.62 3.91 2.50 1.67 36.30 -1.64 0.997
car -1 -1 -2.74 176.41 182.66 383.87 267.65 1.46 1.49 2.95 -5.60 1.53 12.60 -3.16 0.997
car -1 -1 -1.79 699.75 170.86 854.07 283.80 1.54 1.62 3.91 2.70 1.67 12.10 -1.57 0.996
car -1 -1 -1.78 661.65 178.90 717.84 225.74 1.54 1.62 3.91 2.50 1.67 24.50 -1.68 0.996
car -1 -1 -1.84 293.65 168.78 452.13 243.45 1.54 1.62 3.91 -5.50 1.67 17.70 -2.14 0.989
car -1 -1 -1.95 416.29 173.08 518.26 211.42 1.54 1.62 3.91 -6.30 1.67 32.50 -2.15 0.977
car -1 -1 -1.70 676.27 179.18 747.85 239.52 1.46 1.49 2.95 2.60 1.73 19.80 -1.57 0.954
car -1 -1 -1.38 630.30 172.65 663.29 200.91 1.54 1.62 3.91 1.90 1.67 38.10 -1.33 0.893
car -1 -1 -2.11 367.80 171.39 479.84 224.32 1.54 1.62 3.91 -6.50 1.67 25.70 -2.36 0.810
car -1 -1 0.93 747.90 164.65 800.73 208.03 2.48 1.81 4.73 9.40 1.94 42.30 1.15 0.176
car -1 -1 -1.97 461.73 171.79 532.99 202.99 1.46 1.49 2.95 -6.40 1.73 42.60 -2.12 0.133
