pedestrian -1 -1 0.54 793.71 146.96 884.81 363.80 1.76 0.66 0.49 1.30 1.48 4.20 0.84 1.000
pedestrian -1 -1 0.32 937.44 152.39 1052.49 369.00 1.76 0.66 0.49 2.40 1.48 4.50 0.81 0.998
pedestrian -1 -1 0.51 1031.64 132.99 1175.33 369.00 1.76 0.66 0.49 3.00 1.48 4.50 1.10 0.995
pedestrian -1 -1 0.52 1165.96 125.15 1223.00 363.08 1.76 0.66 0.49 4.00 1.48 4.50 1.25 0.988
pedestrian -1 -1 2.61 637.43 145.80 655.46 194.21 1.77 0.62 0.88 1.40 0.68 23.70 2.67 0.982
pedestrian -1 -1 1.37 369.91 139.20 392.93 191.56 1.77 0.62 0.88 -7.80 0.28 24.90 1.06 0.981
pedestrian -1 -1 0.55 359.05 141.13 378.99 187.75 1.77 0.62 0.88 -8.30 0.48 24.80 0.23 0.463
pedestrian -1 -1 -0.59 422.80 145.38 438.61 187.45 1.68 0.41 1.64 -9.30 -0.06 37.70 -0.83 0.302
pedestrian -1 -1 -0.20 310.08 133.13 340.21 237.72 1.76 0.66 0.49 -4.90 1.08 12.60 -0.57 0.224
cyclist -1 -1 2.37 626.30 146.17 663.07 193.29 1.41 0.50 1.32 1.40 0.31 26.00 2.43 0.457
cyclist -1 -1 -0.21 292.42 136.82 352.72 235.07 1.41 0.50 1.32 -5.40 0.90 13.40 -0.59 0.450
cyclist -1 -1 0.03 407.24 146.44 456.46 208.59 1.41 0.50 1.32 -4.20 0.70 16.40 -0.22 0.158
cyclist -1 -1 1.35 352.93 142.33 396.58 187.66 1.87 0.84 1.11 -7.50 0.73 22.90 1.03 0.080
