car -1 -1 -2.64 199.70 179.97 407.64 252.78 1.54 1.62 3.91 -6.70 1.67 15.90 -3.04 0.996
car -1 -1 -1.78 634.47 178.50 669.10 206.38 1.46 1.49 2.95 2.40 1.93 40.80 -1.73 0.992
car -1 -1 -1.90 422.76 175.79 522.38 207.13 1.54 1.62 3.91 -6.50 1.67 33.70 -2.09 0.990
car -1 -1 -1.40 810.18 180.12 1231.16 374.00 1.46 1.49 2.95 2.60 1.73 5.60 -0.97 0.984
car -1 -1 1.23 743.23 182.42 908.94 235.70 1.54 1.62 3.91 6.10 1.87 20.70 1.52 0.977
car -1 -1 -2.38 70.00 175.96 354.68 271.14 1.54 1.62 3.91 -6.90 1.67 12.50 -2.88 0.968
car -1 -1 0.02 822.17 175.87 1114.69 270.43 1.54 1.62 3.91 6.10 1.67 12.90 0.46 0.956
car -1 -1 -2.43 278.66 167.16 447.69 239.31 2.48 1.81 4.73 -7.90 1.94 23.20 -2.76 0.948
car -1 -1 0.24 721.49 178.14 820.12 224.69 1.46 1.49 2.95 5.40 1.73 24.80 0.45 0.461
cyclist -1 -1 0.52 538.79 171.67 558.05 208.62 1.75 0.62 1.83 -3.00 1.88 35.80 0.44 0.577
