car -1 -1 2.00 62.23 199.86 306.69 320.67 1.54 1.62 3.91 -6.10 1.87 10.90 1.49 1.000
car -1 -1 -1.78 756.14 179.53 931.03 303.54 1.46 1.49 2.95 3.00 1.53 9.80 -1.48 1.000
car -1 -1 -2.44 297.25 177.85 403.52 217.25 1.54 1.62 3.91 -12.30 2.07 34.90 -2.78 0.983
car -1 -1 0.76 173.08 191.38 241.09 222.88 1.54 1.62 3.91 -22.90 2.67 41.50 0.26 0.404
car -1 -1 -0.24 263.42 183.33 321.13 208.19 1.46 1.49 2.95 -21.60 2.33 48.80 -0.66 0.383
car -1 -1 -0.73 1030.05 155.76 1144.97 183.06 1.54 1.62 3.91 23.30 0.67 34.90 -0.14 0.149
car -1 -1 2.23 115.17 195.05 277.64 247.92 1.54 1.62 3.91 -11.90 2.07 20.70 1.71 0.131
car -1 -1 -1.66 851.33 186.74 1212.96 369.61 1.46 1.49 2.95 2.60 1.53 5.00 -1.18 0.126
car -1 -1 -0.68 378.81 175.51 444.75 202.34 1.54 1.62 3.91 -13.50 1.87 49.50 -0.94 0.117
pedestrian -1 -1 -2.20 820.01 146.34 844.71 231.42 1.76 0.66 0.49 4.70 1.28 15.40 -1.91 0.984
pedestrian -1 -1 -2.23 850.95 145.83 882.86 222.39 1.76 0.66 0.49 5.30 1.08 15.20 -1.89 0.728
pedestrian -1 -1 -0.55 1036.28 147.30 1056.97 184.80 1.77 0.62 0.88 16.70 0.68 27.60 -0.00 0.512
