car -1 -1 1.67 342.05 184.09 464.49 261.98 1.54 1.62 3.91 -4.70 1.87 16.50 1.39 1.000
car -1 -1 -1.75 729.05 180.26 836.30 251.47 1.54 1.62 3.91 3.90 1.67 16.50 -1.52 0.999
car -1 -1 1.72 419.91 183.23 505.63 235.68 1.54 1.62 3.91 -4.50 1.87 23.10 1.53 0.999
car -1 -1 -1.77 779.43 185.59 964.39 300.63 1.54 1.62 3.91 3.70 1.67 11.10 -1.45 0.999
car -1 -1 1.81 469.23 182.79 527.95 222.38 1.54 1.62 3.91 -4.10 1.87 27.50 1.66 0.996
car -1 -1 -1.63 700.34 179.05 783.72 230.48 1.54 1.62 3.91 3.70 1.67 20.30 -1.45 0.996
car -1 -1 -1.61 687.46 178.16 739.45 216.83 1.46 1.49 2.95 4.00 1.73 28.60 -1.47 0.989
car -1 -1 1.65 533.16 176.92 575.18 202.74 1.46 1.49 2.95 -3.60 1.93 47.20 1.58 0.988
car -1 -1 -1.90 854.98 180.71 1237.07 367.06 1.46 1.49 2.95 3.60 1.53 6.40 -1.38 0.948
car -1 -1 -1.89 680.92 175.88 720.52 204.93 1.54 1.62 3.91 4.90 1.67 40.10 -1.77 0.860
car -1 -1 -1.67 970.75 175.41 1079.84 210.04 1.54 1.62 3.91 19.30 1.67 33.50 -1.15 0.170
