car -1 -1 -1.73 675.39 178.81 764.47 246.50 1.54 1.62 3.91 2.70 1.67 18.30 -1.58 1.000
car -1 -1 0.74 21.55 174.37 359.85 295.30 1.54 1.62 3.91 -5.70 1.67 10.30 0.23 0.998
car -1 -1 -2.64 450.32 170.95 537.58 206.83 1.54 1.62 3.91 -4.90 1.47 32.30 -2.79 0.995
car -1 -1 -0.46 731.71 179.54 868.70 228.30 1.54 1.62 3.91 6.50 1.87 24.30 -0.20 0.920
car -1 -1 0.98 282.71 167.00 403.09 246.95 1.46 1.49 2.95 -6.20 1.53 17.00 0.63 0.917
car -1 -1 -2.10 386.85 173.60 507.97 216.92 1.54 1.62 3.91 -5.90 1.67 26.90 -2.31 0.859
car -1 -1 0.53 668.00 175.69 720.66 197.95 1.54 1.62 3.91 6.30 1.87 54.90 0.65 0.796
car -1 -1 0.33 316.73 176.67 480.93 234.67 1.54 1.62 3.91 -5.50 1.87 20.10 0.06 0.142
car -1 -1 0.94 207.48 167.35 365.18 284.71 1.46 1.49 2.95 -5.40 1.73 12.80 0.55 0.069
car -1 -1 -0.23 710.69 172.71 749.12 201.63 1.46 1.49 2.95 6.80 1.53 40.80 -0.07 0.059
pedestrian -1 -1 -2.18 958.13 165.66 1038.16 291.94 1.75 0.62 1.83 5.80 1.68 11.20 -1.71 0.430
