car -1 -1 -2.84 224.34 177.23 418.88 248.35 1.54 1.62 3.91 -7.10 1.67 17.10 -3.24 0.998
car -1 -1 1.05 780.43 186.61 1048.15 366.92 1.54 1.62 3.91 2.90 1.67 8.30 1.39 0.998
car -1 -1 -1.27 641.16 178.59 681.10 210.63 1.54 1.62 3.91 2.50 1.87 36.10 -1.20 0.998
car -1 -1 -2.12 307.86 178.57 464.75 232.19 1.54 1.62 3.91 -6.10 1.67 20.10 -2.41 0.979
car -1 -1 -1.52 424.40 172.28 532.25 211.94 1.54 1.62 3.91 -5.10 1.67 28.90 -1.69 0.862
car -1 -1 -1.69 380.72 178.38 506.54 221.97 1.54 1.62 3.91 -5.30 1.67 23.50 -1.92 0.418
car -1 -1 -0.98 474.74 171.10 552.43 201.87 1.54 1.62 3.91 -5.30 1.67 40.70 -1.11 0.134
car -1 -1 1.68 287.87 173.59 347.19 213.24 2.48 1.81 4.73 -19.40 2.34 47.90 1.29 0.087
car -1 -1 -0.26 506.63 175.99 559.13 197.34 1.54 1.62 3.91 -6.30 2.07 60.70 -0.36 0.058
pedestrian -1 -1 -0.69 1050.72 169.23 1102.79 222.83 1.75 0.62 1.83 16.00 1.48 24.80 -0.11 0.055
