car -1 -1 -1.72 686.66 187.46 774.49 247.70 1.54 1.62 3.91 3.10 1.87 19.10 -1.56 0.999
car -1 -1 -1.74 671.43 183.68 734.65 230.32 1.54 1.62 3.91 2.90 1.87 23.70 -1.62 0.998
car -1 -1 -1.58 653.42 177.52 683.24 203.47 1.54 1.62 3.91 3.90 2.07 48.50 -1.50 0.990
car -1 -1 1.71 476.49 184.80 527.89 218.74 1.54 1.62 3.91 -5.30 2.07 35.30 1.56 0.987
car -1 -1 2.13 954.35 169.33 1158.58 238.25 1.54 1.62 3.91 11.30 1.47 18.50 2.68 0.968
car -1 -1 1.29 861.60 176.21 1034.44 226.03 1.54 1.62 3.91 9.50 1.67 20.70 1.72 0.917
car -1 -1 1.95 500.91 183.33 542.27 215.60 1.54 1.62 3.91 -4.90 2.27 40.10 1.83 0.839
car -1 -1 1.72 1103.05 175.28 1227.58 217.55 1.54 1.62 3.91 21.10 1.67 27.50 2.38 0.136
car -1 -1 0.58 271.82 187.57 365.54 213.79 1.54 1.62 3.91 -15.50 2.27 38.10 0.19 0.065
pedestrian -1 -1 -0.27 962.46 166.65 975.08 202.62 1.77 0.62 0.88 20.60 1.68 41.70 0.19 0.053
