pedestrian -1 -1 -1.62 434.27 169.36 462.44 259.57 1.76 0.66 0.49 -3.10 1.48 14.20 -1.84 0.999
pedestrian -1 -1 -1.01 676.03 162.75 698.58 251.37 1.76 0.66 0.49 1.70 1.48 14.60 -0.90 0.999
pedestrian -1 -1 -1.51 707.83 169.96 733.34 254.78 1.68 0.41 1.64 2.50 1.54 15.10 -1.34 0.912
pedestrian -1 -1 -0.53 615.38 171.11 629.38 214.19 1.87 0.84 1.11 0.90 1.33 34.30 -0.50 0.677
pedestrian -1 -1 -0.17 569.39 168.17 580.91 212.58 1.68 0.41 1.64 -1.10 1.34 31.30 -0.21 0.564
cyclist -1 -1 0.98 581.14 164.34 612.76 220.70 1.87 0.84 1.11 -0.10 1.53 26.10 0.98 0.997
cyclist -1 -1 -0.21 608.25 169.89 633.21 212.29 1.87 0.84 1.11 1.10 1.53 32.50 -0.17 0.959
cyclist -1 -1 -1.23 726.85 160.22 777.03 222.03 1.87 0.84 1.11 4.10 1.33 19.50 -1.02 0.844
cyclist -1 -1 0.67 565.51 165.88 584.36 215.92 1.87 0.84 1.11 -1.10 1.53 30.90 0.63 0.753
cyclist -1 -1 -1.31 703.73 170.03 740.99 251.34 1.77 0.62 0.88 2.60 1.48 14.70 -1.13 0.070
cyclist -1 -1 0.57 822.54 162.95 891.03 343.86 1.76 0.66 0.49 2.30 1.48 6.80 0.89 0.066
