car -1 -1 1.81 212.21 196.20 386.62 290.79 1.54 1.62 3.91 -5.90 2.07 14.10 1.42 1.000
car -1 -1 1.82 400.56 188.18 470.77 237.24 1.46 1.49 2.95 -6.20 2.13 26.00 1.58 0.999
car -1 -1 1.74 336.80 194.01 442.52 255.65 1.46 1.49 2.95 -6.20 2.13 20.00 1.44 0.997
car -1 -1 1.71 441.97 186.67 498.17 223.85 1.46 1.49 2.95 -5.80 2.13 30.40 1.52 0.997
car -1 -1 1.79 480.44 183.48 529.10 214.40 1.54 1.62 3.91 -5.30 2.07 37.10 1.65 0.996
car -1 -1 -0.48 1125.12 135.60 1234.04 176.90 1.54 1.62 3.91 26.10 0.27 33.10 0.19 0.888
car -1 -1 2.70 796.62 151.35 927.51 198.27 2.48 1.81 4.73 11.50 1.34 32.00 3.05 0.842
car -1 -1 -1.36 660.60 175.90 699.20 206.48 1.46 1.49 2.95 3.40 1.73 35.40 -1.26 0.265
car -1 -1 2.32 729.34 156.47 847.30 201.21 2.48 1.81 4.73 7.90 1.54 33.40 2.56 0.112
pedestrian -1 -1 0.32 237.74 176.00 264.53 251.11 1.77 0.62 0.88 -10.60 2.28 21.10 -0.14 0.157
pedestrian -1 -1 -2.27 714.23 175.55 729.99 215.11 1.41 0.50 1.32 4.00 1.71 25.60 -2.11 0.055
