car -1 -1 -1.62 633.66 178.52 700.22 229.50 1.54 1.62 3.91 1.70 1.67 23.30 -1.54 0.999
car -1 -1 -0.44 858.04 173.18 1195.70 340.36 1.54 1.62 3.91 4.10 1.47 7.90 0.04 0.997
car -1 -1 -1.51 613.18 172.70 651.66 204.98 1.54 1.62 3.91 1.30 1.67 39.70 -1.48 0.991
car -1 -1 -1.70 435.05 177.02 496.92 208.94 1.46 1.49 2.95 -6.80 1.73 36.20 -1.88 0.986
car -1 -1 -0.60 320.70 183.24 441.31 234.71 1.46 1.49 2.95 -6.40 1.73 21.20 -0.89 0.979
car -1 -1 -0.06 204.69 184.86 434.34 249.76 1.54 1.62 3.91 -6.50 1.87 16.70 -0.43 0.935
car -1 -1 -0.62 470.44 174.78 529.59 197.71 1.54 1.62 3.91 -7.30 1.67 49.30 -0.77 0.609
pedestrian -1 -1 2.62 403.12 178.43 431.34 272.88 1.41 0.50 1.32 -5.20 1.90 19.60 2.36 0.096
pedestrian -1 -1 -0.31 1088.92 155.71 1107.11 211.13 1.76 0.66 0.49 15.80 1.48 23.30 0.28 0.057
cyclist -1 -1 1.87 379.97 174.99 444.64 288.49 1.77 0.62 0.88 -3.20 1.88 11.50 1.59 1.000
