car -1 -1 -1.96 733.50 168.70 993.07 358.62 1.54 1.62 3.91 2.50 1.67 8.30 -1.67 1.000
car -1 -1 -1.63 695.25 184.75 817.55 272.66 1.54 1.62 3.91 2.70 1.67 13.90 -1.44 0.998
car -1 -1 -2.06 429.38 176.04 535.31 208.57 1.54 1.62 3.91 -5.70 1.67 33.10 -2.23 0.994
car -1 -1 -1.77 0.00 188.44 300.79 346.01 1.54 1.62 3.91 -5.30 1.87 9.30 -2.28 0.989
car -1 -1 -0.83 645.50 176.25 684.85 207.41 1.54 1.62 3.91 2.70 1.67 36.90 -0.75 0.981
car -1 -1 -1.78 664.20 174.08 729.94 228.93 1.54 1.62 3.91 2.70 1.67 23.50 -1.67 0.953
car -1 -1 -2.20 377.70 173.11 494.82 223.07 1.54 1.62 3.91 -5.90 1.67 24.70 -2.43 0.949
car -1 -1 -1.98 111.30 191.17 332.57 285.80 1.46 1.49 2.95 -5.80 1.73 11.40 -2.46 0.810
car -1 -1 -0.61 473.40 170.93 538.95 200.14 2.48 1.81 4.73 -8.70 2.14 60.20 -0.75 0.267
car -1 -1 -0.32 429.60 190.16 485.43 225.92 1.46 1.49 2.95 -5.40 2.13 25.80 -0.52 0.143
car -1 -1 0.05 200.88 185.41 331.39 250.12 1.54 1.62 3.91 -8.70 1.67 18.50 -0.39 0.143
car -1 -1 -1.43 303.51 182.09 459.63 241.20 1.54 1.62 3.91 -5.90 1.67 18.10 -1.75 0.102
car -1 -1 1.35 394.86 171.57 444.37 206.59 2.48 1.81 4.73 -13.20 2.34 49.50 1.09 0.060
