car -1 -1 1.57 435.28 171.82 540.36 251.70 1.54 1.62 3.91 -2.90 1.67 17.10 1.40 0.999
car -1 -1 -1.66 721.52 185.92 904.00 322.97 1.46 1.49 2.95 2.40 1.73 9.80 -1.42 0.999
car -1 -1 -2.08 14.20 173.49 331.50 279.78 1.54 1.62 3.91 -5.90 1.47 10.70 -2.58 0.993
car -1 -1 1.40 642.64 175.87 677.04 202.49 1.54 1.62 3.91 3.10 1.87 46.10 1.47 0.989
car -1 -1 -1.17 507.94 176.19 564.24 224.91 1.46 1.49 2.95 -2.40 1.53 23.40 -1.27 0.948
car -1 -1 -2.04 821.75 187.54 1198.94 368.67 1.46 1.49 2.95 2.40 1.53 5.40 -1.63 0.862
car -1 -1 -1.04 108.80 178.11 312.44 241.56 1.54 1.62 3.91 -9.90 1.67 18.90 -1.52 0.669
pedestrian -1 -1 1.90 560.34 169.12 583.04 253.81 1.76 0.66 0.49 -0.90 1.68 15.40 1.84 0.975
pedestrian -1 -1 1.52 510.84 187.46 541.50 241.92 1.41 0.50 1.32 -2.20 1.90 19.60 1.41 0.637
pedestrian -1 -1 -1.41 755.10 186.92 771.89 236.11 1.41 0.50 1.32 5.20 1.90 24.80 -1.21 0.069
cyclist -1 -1 1.67 552.32 170.73 593.76 252.82 1.87 0.84 1.11 -0.70 1.53 15.50 1.62 0.745
