car -1 -1 1.77 306.17 159.01 504.38 303.36 1.54 1.62 3.91 -2.70 1.47 10.30 1.52 0.996
car -1 -1 0.95 446.03 162.38 504.84 191.47 2.48 1.81 4.73 -10.90 0.74 63.80 0.78 0.209
pedestrian -1 -1 -0.03 602.43 160.88 634.46 244.47 1.76 0.66 0.49 0.40 1.28 16.70 -0.01 1.000
pedestrian -1 -1 0.03 749.75 167.39 791.42 300.49 1.76 0.66 0.49 2.10 1.48 8.80 0.26 1.000
pedestrian -1 -1 -0.22 539.60 159.79 576.83 247.19 1.87 0.84 1.11 -0.90 1.53 15.90 -0.28 1.000
pedestrian -1 -1 2.46 1149.15 130.79 1227.90 316.01 1.68 0.41 1.64 6.70 1.14 7.50 3.19 0.999
pedestrian -1 -1 0.79 678.01 157.00 728.82 305.22 1.68 0.41 1.64 1.10 1.34 7.90 0.93 0.997
pedestrian -1 -1 -0.73 336.20 169.49 366.49 225.85 1.68 0.41 1.64 -7.50 1.34 21.70 -1.06 0.970
pedestrian -1 -1 -0.17 564.37 156.85 588.45 236.31 1.68 0.41 1.64 -0.50 1.34 17.30 -0.20 0.969
pedestrian -1 -1 -1.07 640.13 164.88 664.84 248.30 1.68 0.41 1.64 1.10 1.34 15.30 -1.00 0.969
pedestrian -1 -1 0.06 626.88 163.43 644.84 240.94 1.68 0.41 1.64 0.70 1.34 16.10 0.10 0.388
pedestrian -1 -1 2.34 712.24 172.12 735.97 239.01 1.41 0.50 1.32 3.20 1.30 18.20 2.51 0.230
cyclist -1 -1 0.34 671.77 160.14 745.68 303.20 1.77 0.62 0.88 0.90 1.48 7.40 0.46 0.134
