pedestrian -1 -1 -0.99 571.62 156.26 597.95 249.82 1.76 0.66 0.49 -0.30 1.28 14.40 -1.01 1.000
pedestrian -1 -1 2.19 507.32 158.22 538.57 238.65 1.77 0.62 0.88 -1.80 1.28 16.90 2.08 1.000
pedestrian -1 -1 1.90 187.84 160.34 305.78 373.00 1.76 0.66 0.49 -2.40 1.68 4.90 1.45 0.995
pedestrian -1 -1 1.62 731.43 153.55 762.97 224.09 1.87 0.84 1.11 5.10 0.93 25.70 1.82 0.953
pedestrian -1 -1 -1.94 603.42 161.40 620.57 212.72 1.77 0.62 0.88 0.40 1.08 26.90 -1.93 0.952
pedestrian -1 -1 -2.19 595.93 160.33 609.67 213.90 1.68 0.41 1.64 0.10 0.94 27.70 -2.18 0.912
pedestrian -1 -1 1.74 414.11 153.35 441.30 243.71 1.76 0.66 0.49 -3.50 1.28 14.40 1.51 0.547
pedestrian -1 -1 -1.76 553.08 157.69 573.37 225.48 1.75 0.62 1.83 -1.20 1.08 21.60 -1.82 0.542
pedestrian -1 -1 0.08 658.73 155.37 670.28 192.57 1.75 0.62 1.83 3.40 0.48 38.80 0.17 0.169
pedestrian -1 -1 -1.34 589.39 163.94 600.53 219.58 1.41 0.50 1.32 -0.20 0.90 28.00 -1.35 0.090
cyclist -1 -1 1.14 710.64 147.20 781.56 271.60 1.87 0.84 1.11 2.30 1.33 10.90 1.35 0.993
cyclist -1 -1 1.72 125.20 173.60 356.82 358.00 1.87 0.84 1.11 -2.70 1.73 5.10 1.24 0.901
cyclist -1 -1 -0.44 533.67 158.43 555.64 223.33 1.77 0.62 0.88 -1.60 1.08 19.90 -0.52 0.206
