pedestrian -1 -1 1.18 539.99 143.89 596.49 277.13 1.77 0.62 0.88 -0.50 1.28 9.80 1.12 1.000
pedestrian -1 -1 1.03 328.51 151.98 414.55 369.00 1.68 0.41 1.64 -1.90 1.54 5.90 0.72 1.000
pedestrian -1 -1 0.62 815.91 145.20 913.74 361.79 1.76 0.66 0.49 2.20 1.48 5.90 0.97 0.997
pedestrian -1 -1 0.81 925.94 143.43 1006.85 369.00 1.76 0.66 0.49 2.90 1.48 5.60 1.29 0.996
pedestrian -1 -1 0.87 660.98 139.03 759.15 369.00 1.76 0.66 0.49 0.50 1.48 4.00 0.99 0.993
pedestrian -1 -1 0.28 733.48 137.58 821.60 369.00 1.76 0.66 0.49 1.30 1.48 5.40 0.52 0.991
pedestrian -1 -1 0.41 1084.88 139.38 1214.70 354.68 1.76 0.66 0.49 2.80 1.48 3.50 1.09 0.986
pedestrian -1 -1 0.07 232.95 133.93 278.72 307.94 1.76 0.66 0.49 -4.10 1.28 8.20 -0.39 0.861
pedestrian -1 -1 -1.34 1175.79 120.43 1218.30 210.94 1.75 0.62 1.83 13.20 0.68 14.60 -0.61 0.550
pedestrian -1 -1 1.55 639.69 142.39 651.51 193.81 1.41 0.50 1.32 1.60 0.10 27.60 1.61 0.334
pedestrian -1 -1 0.75 490.64 140.17 503.37 177.96 1.87 0.84 1.11 -5.90 -0.07 39.30 0.60 0.238
pedestrian -1 -1 1.73 644.66 144.59 679.01 278.96 1.75 0.62 1.83 0.60 1.28 10.00 1.79 0.220
pedestrian -1 -1 -1.14 357.34 154.19 374.09 195.12 1.41 0.50 1.32 -12.00 0.31 35.80 -1.47 0.080
pedestrian -1 -1 -0.97 767.23 137.29 800.80 197.17 1.75 0.62 1.83 6.20 0.08 24.20 -0.72 0.058
pedestrian -1 -1 -0.27 692.85 138.26 703.98 169.81 1.75 0.62 1.83 6.80 -1.32 51.40 -0.14 0.058
cyclist -1 -1 1.42 305.93 139.23 343.66 226.11 1.76 0.66 0.49 -4.90 1.08 12.40 1.04 0.117
cyclist -1 -1 0.71 227.50 139.65 294.50 277.31 1.87 0.84 1.11 -6.70 1.33 14.10 0.26 0.099
cyclist -1 -1 0.57 341.31 152.81 378.99 193.47 1.41 0.50 1.32 -8.80 0.50 24.80 0.23 0.065
