car -1 -1 -1.63 650.76 174.30 733.86 236.54 1.54 1.62 3.91 2.10 1.47 19.10 -1.52 0.999
car -1 -1 -1.82 625.53 169.52 663.22 201.97 1.54 1.62 3.91 1.50 1.27 32.50 -1.77 0.997
car -1 -1 -2.19 116.97 185.14 390.15 261.18 1.54 1.62 3.91 -6.70 1.67 13.50 -2.65 0.993
car -1 -1 -2.43 414.46 173.59 496.18 206.21 1.54 1.62 3.91 -7.70 1.67 37.10 -2.63 0.982
car -1 -1 -2.45 281.40 179.25 422.59 247.05 1.54 1.62 3.91 -5.50 1.67 16.50 -2.77 0.976
car -1 -1 -1.40 471.41 172.21 534.15 197.57 1.54 1.62 3.91 -5.90 1.47 40.70 -1.55 0.893
car -1 -1 -1.61 1018.46 138.93 1221.98 367.34 1.46 1.49 2.95 4.40 1.33 5.40 -0.93 0.893
car -1 -1 -1.54 619.56 168.77 646.89 192.82 1.54 1.62 3.91 1.30 1.27 42.90 -1.51 0.208
car -1 -1 -1.96 339.18 186.92 439.67 230.79 1.46 1.49 2.95 -6.60 1.93 22.60 -2.25 0.101
pedestrian -1 -1 2.10 232.25 186.10 303.54 369.96 1.76 0.66 0.49 -3.10 1.48 6.60 1.66 0.363
cyclist -1 -1 1.99 187.29 181.70 319.94 367.65 1.41 0.50 1.32 -3.20 1.71 6.40 1.53 0.998
