car -1 -1 -2.28 386.65 164.23 458.40 194.61 1.46 1.49 2.95 -10.20 1.13 38.80 -2.54 0.951
car -1 -1 -1.87 325.68 161.66 391.13 198.77 1.54 1.62 3.91 -12.90 1.07 36.70 -2.21 0.928
car -1 -1 -0.93 623.96 156.23 691.71 186.73 2.48 1.81 4.73 3.70 1.34 57.80 -0.86 0.649
car -1 -1 -1.69 550.60 155.94 630.54 192.08 2.48 1.81 4.73 -1.30 1.34 44.60 -1.72 0.278
car -1 -1 -0.11 605.69 163.83 638.94 187.94 1.54 1.62 3.91 0.70 1.07 47.90 -0.10 0.212
car -1 -1 0.88 273.94 155.03 342.99 194.46 1.54 1.62 3.91 -14.10 0.87 34.30 0.49 0.101
pedestrian -1 -1 -0.43 309.41 160.56 325.23 202.33 1.76 0.66 0.49 -13.90 1.08 34.60 -0.82 0.996
pedestrian -1 -1 0.55 550.46 164.17 559.16 191.59 1.41 0.50 1.32 -3.40 1.11 45.00 0.47 0.250
pedestrian -1 -1 0.42 553.23 164.12 573.05 191.16 1.41 0.50 1.32 -2.80 1.11 45.40 0.35 0.126
pedestrian -1 -1 -0.19 581.12 166.57 590.87 193.32 1.41 0.50 1.32 -1.40 1.30 43.40 -0.22 0.065
pedestrian -1 -1 0.01 587.95 166.29 596.73 192.68 1.41 0.50 1.32 -1.00 1.30 44.20 -0.01 0.057
