car -1 -1 -1.26 271.27 185.92 431.71 282.99 1.54 1.62 3.91 -4.30 1.47 12.90 -1.58 1.000
car -1 -1 -1.19 411.48 182.95 486.58 230.08 1.54 1.62 3.91 -4.90 1.47 22.70 -1.40 0.999
car -1 -1 -1.58 471.80 181.12 522.19 214.68 1.54 1.62 3.91 -4.70 1.27 30.30 -1.73 0.998
car -1 -1 -1.57 573.65 175.60 610.85 208.77 1.54 1.62 3.91 -0.90 1.07 38.90 -1.59 0.992
car -1 -1 -0.95 255.94 173.60 367.18 238.47 1.46 1.49 2.95 -7.80 1.33 19.40 -1.33 0.987
car -1 -1 1.49 353.52 179.20 414.89 223.19 1.46 1.49 2.95 -8.80 1.33 28.80 1.19 0.973
car -1 -1 0.49 512.84 165.36 548.57 200.08 2.48 1.81 4.73 -5.20 1.14 48.90 0.39 0.337
car -1 -1 -0.14 19.89 158.57 202.14 259.77 2.48 1.81 4.73 -12.60 1.54 18.50 -0.74 0.309
car -1 -1 -1.40 457.11 173.91 489.04 196.69 1.54 1.62 3.91 -10.30 0.87 56.10 -1.58 0.102
pedestrian -1 -1 -2.24 256.65 145.57 277.61 231.23 1.76 0.66 0.49 -9.30 1.08 19.60 -2.68 0.164
