car -1 -1 1.93 163.26 192.30 373.04 299.88 1.54 1.62 3.91 -5.70 1.87 12.70 1.51 1.000
car -1 -1 1.59 432.55 183.55 495.54 227.06 1.54 1.62 3.91 -5.70 2.07 28.10 1.39 1.000
car -1 -1 1.91 332.43 187.99 436.74 253.66 1.54 1.62 3.91 -5.90 2.07 19.90 1.62 0.999
car -1 -1 1.09 685.09 181.74 756.43 232.14 1.54 1.62 3.91 3.30 1.87 22.50 1.24 0.999
car -1 -1 -1.98 794.93 186.14 1217.02 365.92 1.54 1.62 3.91 3.10 1.47 6.50 -1.53 0.999
car -1 -1 -1.56 738.24 176.08 883.48 283.84 1.46 1.49 2.95 3.00 1.53 10.60 -1.29 0.990
car -1 -1 1.74 496.69 178.07 534.19 204.78 1.54 1.62 3.91 -6.30 2.07 47.10 1.60 0.989
car -1 -1 -0.71 670.22 179.79 723.71 217.13 1.54 1.62 3.91 3.30 1.87 28.30 -0.59 0.984
car -1 -1 -1.48 648.65 178.84 704.04 207.94 1.46 1.49 2.95 3.40 1.73 35.80 -1.39 0.973
car -1 -1 -1.06 550.21 171.75 591.00 194.05 2.48 1.81 4.73 -4.30 2.34 80.60 -1.11 0.127
