car -1 -1 -0.59 576.21 149.39 651.24 186.48 1.46 1.49 2.95 0.20 0.33 30.20 -0.59 0.253
pedestrian -1 -1 1.42 525.19 140.84 573.23 262.61 1.77 0.62 0.88 -0.80 1.28 10.50 1.34 1.000
pedestrian -1 -1 0.61 1004.08 149.53 1115.76 369.00 1.76 0.66 0.49 3.10 1.68 4.80 1.18 0.999
pedestrian -1 -1 0.67 750.11 143.69 826.59 332.48 1.76 0.66 0.49 1.90 1.48 7.40 0.92 0.999
pedestrian -1 -1 0.84 859.64 152.89 983.06 369.00 1.76 0.66 0.49 2.30 1.68 5.00 1.27 0.998
pedestrian -1 -1 0.84 823.56 150.64 908.54 350.87 1.76 0.66 0.49 2.40 1.48 6.70 1.19 0.997
pedestrian -1 -1 0.84 283.31 143.30 352.60 338.96 1.76 0.66 0.49 -2.70 1.48 6.80 0.46 0.996
pedestrian -1 -1 0.71 575.46 138.67 661.04 369.00 1.75 0.62 1.83 0.00 1.48 6.00 0.71 0.992
pedestrian -1 -1 1.21 706.36 144.46 775.59 353.11 1.68 0.41 1.64 1.30 1.54 7.10 1.39 0.989
pedestrian -1 -1 1.64 639.39 143.81 688.36 353.27 1.68 0.41 1.64 0.50 1.34 7.10 1.71 0.977
pedestrian -1 -1 0.62 668.42 142.73 738.16 347.82 1.68 0.41 1.64 0.90 1.34 7.10 0.74 0.929
pedestrian -1 -1 0.99 235.91 132.83 296.91 322.58 1.76 0.66 0.49 -3.50 1.48 7.20 0.54 0.819
pedestrian -1 -1 1.35 304.55 144.63 341.60 250.27 1.76 0.66 0.49 -5.10 0.88 12.80 0.97 0.460
pedestrian -1 -1 2.37 659.92 144.77 683.64 213.41 1.75 0.62 1.83 2.60 0.68 26.40 2.46 0.314
pedestrian -1 -1 1.17 489.06 141.75 503.23 176.90 1.87 0.84 1.11 -5.90 -0.07 38.30 1.02 0.187
pedestrian -1 -1 0.22 430.16 143.26 441.04 177.18 1.68 0.41 1.64 -9.50 -0.06 39.90 -0.01 0.161
pedestrian -1 -1 0.35 905.70 149.78 971.72 242.31 1.75 0.62 1.83 9.80 0.88 20.80 0.80 0.100
pedestrian -1 -1 1.17 317.85 145.35 342.12 184.70 1.41 0.50 1.32 -12.60 -0.09 32.80 0.80 0.093
cyclist -1 -1 0.66 185.66 149.64 405.93 323.09 1.68 0.41 1.64 -1.90 1.54 4.50 0.26 0.121
cyclist -1 -1 1.13 308.74 147.91 352.22 182.72 1.41 0.50 1.32 -12.40 0.10 32.60 0.77 0.112
cyclist -1 -1 1.68 640.29 142.93 690.35 199.54 1.75 0.62 1.83 2.00 0.48 26.00 1.76 0.099
cyclist -1 -1 2.01 825.24 163.31 905.60 228.80 1.75 0.62 1.83 8.00 0.88 22.00 2.36 0.056
