car -1 -1 2.00 113.70 198.01 353.96 310.93 1.54 1.62 3.91 -5.70 1.87 11.50 1.54 1.000
car -1 -1 -1.65 745.82 178.37 910.83 298.15 1.46 1.49 2.95 3.20 1.73 11.40 -1.37 1.000
car -1 -1 1.86 315.11 190.90 427.49 258.16 1.54 1.62 3.91 -5.90 2.07 18.50 1.55 1.000
car -1 -1 1.73 494.42 178.75 530.84 206.02 1.46 1.49 2.95 -5.60 1.93 41.60 1.60 0.999
car -1 -1 1.76 422.79 184.83 492.39 228.03 1.54 1.62 3.91 -5.50 2.07 26.50 1.55 0.998
car -1 -1 1.25 688.68 178.95 763.65 235.10 1.46 1.49 2.95 3.20 1.73 19.60 1.41 0.998
car -1 -1 -1.52 652.61 175.40 698.53 206.33 1.54 1.62 3.91 3.10 1.67 35.70 -1.44 0.996
car -1 -1 -1.12 670.56 180.12 731.40 221.48 1.46 1.49 2.95 3.20 1.73 27.20 -1.00 0.980
car -1 -1 -1.58 829.80 178.87 1241.00 367.21 1.46 1.49 2.95 3.00 1.53 5.40 -1.07 0.881
car -1 -1 -1.06 543.88 171.34 587.97 194.75 2.48 1.81 4.73 -4.30 2.34 76.00 -1.12 0.065
cyclist -1 -1 0.15 483.87 185.30 501.20 223.71 1.41 0.50 1.32 -4.80 1.90 29.20 -0.01 0.084
