car -1 -1 -1.83 446.15 161.88 504.37 193.06 1.46 1.49 2.95 -8.00 1.13 42.20 -2.02 0.984
car -1 -1 -2.36 495.81 163.24 566.73 191.23 1.54 1.62 3.91 -4.50 1.07 42.50 -2.47 0.958
car -1 -1 -0.94 713.76 155.09 778.87 183.29 2.48 1.81 4.73 11.30 1.14 60.20 -0.76 0.337
car -1 -1 -0.49 692.08 162.05 731.34 185.22 1.54 1.62 3.91 6.50 1.07 46.10 -0.35 0.289
car -1 -1 0.96 409.71 153.93 460.82 193.32 2.48 1.81 4.73 -10.00 1.14 41.10 0.73 0.221
car -1 -1 -1.78 642.28 155.30 716.15 190.01 2.48 1.81 4.73 4.70 1.34 51.80 -1.69 0.109
pedestrian -1 -1 -1.27 454.66 162.88 465.45 196.89 1.41 0.50 1.32 -8.00 1.11 38.80 -1.47 0.835
pedestrian -1 -1 1.07 645.18 164.35 652.77 190.38 1.41 0.50 1.32 2.60 1.11 47.60 1.13 0.175
pedestrian -1 -1 0.62 649.76 164.45 658.15 190.11 1.41 0.50 1.32 3.00 1.11 48.40 0.69 0.161
pedestrian -1 -1 -0.02 655.77 164.49 663.11 188.66 1.41 0.50 1.32 3.40 1.11 48.60 0.05 0.056
