car -1 -1 -1.73 647.30 175.18 686.58 206.38 1.46 1.49 2.95 2.60 1.53 33.20 -1.65 0.998
car -1 -1 -1.81 713.79 167.25 916.88 306.09 1.54 1.62 3.91 2.70 1.67 10.50 -1.56 0.997
car -1 -1 -1.77 670.61 178.56 736.01 231.29 1.54 1.62 3.91 2.70 1.67 21.90 -1.64 0.997
car -1 -1 -2.42 63.48 185.31 363.29 280.05 1.54 1.62 3.91 -6.90 1.67 12.50 -2.93 0.993
car -1 -1 -1.65 258.99 167.36 438.26 249.88 1.54 1.62 3.91 -5.50 1.47 15.30 -1.99 0.986
car -1 -1 -1.99 399.98 172.35 506.43 212.30 1.54 1.62 3.91 -6.50 1.67 29.30 -2.21 0.957
car -1 -1 -2.28 447.96 168.53 526.15 205.77 1.54 1.62 3.91 -5.50 1.47 32.30 -2.45 0.934
car -1 -1 -1.49 633.28 171.47 665.98 200.21 1.54 1.62 3.91 2.50 1.67 45.90 -1.44 0.931
car -1 -1 -1.65 688.85 179.54 767.86 250.31 1.54 1.62 3.91 2.70 1.67 17.50 -1.50 0.834
car -1 -1 -2.01 331.37 169.54 463.33 228.02 1.54 1.62 3.91 -5.90 1.47 20.70 -2.29 0.787
car -1 -1 1.28 758.57 163.95 873.13 205.26 2.48 1.81 4.73 10.70 1.74 37.80 1.56 0.138
