car -1 -1 -1.93 810.20 180.95 1084.65 340.64 1.46 1.49 2.95 3.60 1.53 7.80 -1.50 0.999
car -1 -1 -1.54 727.64 179.06 893.47 268.57 1.46 1.49 2.95 3.80 1.73 13.60 -1.27 0.999
car -1 -1 1.63 261.96 187.97 431.29 283.28 1.46 1.49 2.95 -5.00 1.93 13.60 1.28 0.998
car -1 -1 1.53 376.25 186.12 481.64 243.24 1.46 1.49 2.95 -5.40 1.93 21.20 1.29 0.998
car -1 -1 -1.65 706.80 177.11 792.45 240.43 1.46 1.49 2.95 3.60 1.53 18.20 -1.45 0.997
car -1 -1 1.86 0.00 195.60 323.41 371.79 1.46 1.49 2.95 -4.60 1.73 8.00 1.33 0.997
car -1 -1 1.45 499.92 178.70 545.43 211.15 1.54 1.62 3.91 -4.10 1.87 34.30 1.33 0.995
car -1 -1 -1.69 683.46 175.36 728.78 212.70 1.46 1.49 2.95 4.40 1.73 33.40 -1.56 0.990
car -1 -1 1.61 518.83 175.11 559.81 205.81 1.54 1.62 3.91 -3.50 1.67 38.30 1.52 0.876
car -1 -1 -1.83 693.69 174.94 756.96 222.73 1.54 1.62 3.91 3.70 1.67 24.90 -1.69 0.871
car -1 -1 -2.05 991.27 169.09 1088.65 211.64 1.46 1.49 2.95 15.60 1.33 26.00 -1.51 0.514
car -1 -1 -0.67 1020.72 168.03 1127.49 201.00 1.54 1.62 3.91 20.50 1.27 31.50 -0.09 0.350
car -1 -1 2.08 54.30 196.51 285.36 262.82 1.54 1.62 3.91 -10.70 2.07 17.50 1.54 0.178
pedestrian -1 -1 -0.97 675.65 164.50 685.39 193.75 1.75 0.62 1.83 5.00 1.68 51.60 -0.88 0.093
