car -1 -1 1.70 351.77 189.00 453.90 247.49 1.54 1.62 3.91 -5.70 2.07 20.30 1.43 0.999
car -1 -1 1.79 250.28 192.27 404.01 277.53 1.46 1.49 2.95 -5.80 1.93 14.60 1.41 0.999
car -1 -1 1.82 418.01 186.93 473.70 231.45 1.46 1.49 2.95 -6.00 2.13 26.60 1.59 0.999
car -1 -1 1.74 488.28 182.67 528.55 210.91 1.54 1.62 3.91 -5.90 2.27 42.70 1.60 0.995
car -1 -1 1.60 449.03 182.23 504.66 219.95 1.54 1.62 3.91 -5.50 2.07 30.30 1.42 0.994
car -1 -1 2.98 776.98 147.92 921.43 199.07 2.48 1.81 4.73 9.90 1.34 28.80 3.32 0.727
car -1 -1 -1.21 1046.55 139.22 1145.20 175.60 2.48 1.81 4.73 27.70 0.34 42.00 -0.63 0.656
car -1 -1 -0.32 1082.28 142.63 1201.74 175.70 1.54 1.62 3.91 25.50 0.27 34.70 0.31 0.478
car -1 -1 -1.38 658.08 172.71 700.02 204.33 1.46 1.49 2.95 3.40 1.53 35.60 -1.29 0.319
car -1 -1 2.05 738.04 155.24 801.86 200.15 2.48 1.81 4.73 7.60 1.54 35.10 2.26 0.195
pedestrian -1 -1 -2.29 715.97 176.28 728.93 210.11 1.41 0.50 1.32 5.20 1.71 32.80 -2.13 0.051
