car -1 -1 1.59 539.97 184.38 598.19 221.87 1.46 1.49 2.95 -1.60 1.73 32.00 1.54 0.985
pedestrian -1 -1 2.59 304.09 169.77 368.60 333.01 1.76 0.66 0.49 -3.00 1.68 8.30 2.24 1.000
pedestrian -1 -1 1.59 794.86 171.07 837.62 339.30 1.76 0.66 0.49 2.30 1.68 8.00 1.87 0.999
pedestrian -1 -1 -1.03 690.95 179.29 730.54 287.48 1.76 0.66 0.49 1.70 1.68 11.80 -0.89 0.999
pedestrian -1 -1 -1.77 630.58 172.82 662.19 251.76 1.77 0.62 0.88 1.10 1.68 17.80 -1.71 0.999
pedestrian -1 -1 0.96 977.33 165.83 1048.19 340.67 1.76 0.66 0.49 4.00 1.48 7.10 1.47 0.998
pedestrian -1 -1 1.40 1052.33 163.05 1137.27 342.84 1.76 0.66 0.49 4.60 1.48 6.90 1.99 0.996
pedestrian -1 -1 -1.19 714.67 179.08 757.41 296.91 1.76 0.66 0.49 1.90 1.68 10.40 -1.01 0.975
pedestrian -1 -1 1.68 179.52 168.03 246.08 337.50 1.76 0.66 0.49 -4.50 1.88 8.40 1.19 0.779
pedestrian -1 -1 1.22 670.67 176.83 686.42 228.18 1.41 0.50 1.32 3.20 1.30 29.80 1.33 0.688
pedestrian -1 -1 0.16 775.51 173.70 809.27 307.48 1.76 0.66 0.49 2.90 1.68 11.40 0.41 0.179
cyclist -1 -1 1.11 151.35 174.86 288.62 324.07 1.75 0.62 1.83 -5.20 1.68 9.40 0.61 0.988
cyclist -1 -1 -1.99 622.64 174.73 681.77 253.29 1.75 0.62 1.83 1.20 1.68 17.80 -1.92 0.830
cyclist -1 -1 0.16 661.13 181.11 691.28 251.23 1.76 0.66 0.49 1.90 1.68 17.20 0.27 0.293
