car -1 -1 -1.55 657.06 180.89 696.74 212.16 1.54 1.62 3.91 3.70 1.27 37.10 -1.45 1.000
car -1 -1 -1.28 329.74 176.81 462.50 263.39 1.54 1.62 3.91 -4.10 1.47 14.70 -1.55 0.999
car -1 -1 -1.64 591.27 175.51 627.37 207.25 1.54 1.62 3.91 0.10 1.07 36.10 -1.64 0.999
car -1 -1 -1.07 127.37 181.71 296.68 258.93 1.54 1.62 3.91 -8.10 1.47 15.50 -1.56 0.999
car -1 -1 -1.50 465.54 178.80 523.74 218.16 1.54 1.62 3.91 -4.30 1.27 28.30 -1.65 0.999
car -1 -1 -1.49 505.31 176.50 550.97 205.58 1.54 1.62 3.91 -4.30 1.07 38.30 -1.60 0.991
car -1 -1 -1.23 303.70 167.32 387.78 227.06 1.54 1.62 3.91 -8.10 1.07 22.90 -1.57 0.849
car -1 -1 -1.33 444.05 177.99 480.23 206.21 1.46 1.49 2.95 -8.20 1.13 41.00 -1.53 0.743
car -1 -1 -0.95 370.55 168.50 454.47 207.92 1.54 1.62 3.91 -8.70 0.87 32.10 -1.21 0.153
pedestrian -1 -1 -1.82 617.52 163.44 627.80 199.23 1.75 0.62 1.83 0.80 0.88 39.60 -1.80 0.173
