car -1 -1 1.83 301.55 194.57 467.04 311.37 1.46 1.49 2.95 -3.40 1.93 11.60 1.55 0.999
car -1 -1 -1.79 718.84 180.42 890.78 305.33 1.46 1.49 2.95 2.60 1.73 10.20 -1.54 0.999
car -1 -1 1.61 447.09 186.52 525.78 240.57 1.54 1.62 3.91 -3.70 2.07 21.90 1.45 0.998
car -1 -1 1.97 0.00 208.72 385.42 374.00 1.46 1.49 2.95 -3.60 1.93 6.80 1.48 0.996
car -1 -1 1.76 405.84 187.34 491.06 259.39 1.46 1.49 2.95 -3.80 1.93 16.80 1.53 0.996
car -1 -1 -1.74 696.01 182.36 790.04 254.65 1.54 1.62 3.91 2.90 1.67 17.10 -1.57 0.994
car -1 -1 -1.78 678.01 177.41 737.51 229.26 1.54 1.62 3.91 3.10 1.67 24.30 -1.65 0.993
car -1 -1 -1.99 821.51 184.69 1239.51 374.00 1.46 1.49 2.95 2.60 1.53 5.40 -1.54 0.899
car -1 -1 0.25 634.23 179.16 676.68 205.72 1.46 1.49 2.95 3.00 2.13 45.80 0.31 0.855
car -1 -1 0.16 725.38 176.94 784.73 215.15 1.54 1.62 3.91 5.70 1.47 28.90 0.36 0.434
car -1 -1 0.33 785.75 185.58 886.77 252.44 1.46 1.49 2.95 4.80 1.53 15.80 0.63 0.070
