car -1 -1 -1.75 781.77 167.83 1140.70 374.00 1.54 1.62 3.91 2.70 1.47 6.70 -1.37 1.000
car -1 -1 1.89 74.04 194.23 417.61 374.00 1.54 1.62 3.91 -3.50 1.67 7.50 1.45 1.000
car -1 -1 1.66 333.53 186.99 480.37 286.44 1.54 1.62 3.91 -3.50 1.87 13.30 1.40 0.999
car -1 -1 1.56 456.55 178.45 526.07 228.96 1.46 1.49 2.95 -3.80 1.73 23.60 1.40 0.998
car -1 -1 -1.74 703.78 174.16 845.28 279.13 1.54 1.62 3.91 2.70 1.67 13.30 -1.54 0.998
car -1 -1 -1.64 685.63 173.20 762.69 235.76 1.46 1.49 2.95 3.00 1.53 18.80 -1.48 0.995
car -1 -1 1.91 421.02 178.07 495.46 245.86 1.46 1.49 2.95 -4.20 1.73 19.20 1.70 0.952
car -1 -1 -0.58 630.13 170.89 670.83 195.30 1.46 1.49 2.95 3.00 1.53 53.00 -0.52 0.932
car -1 -1 -1.66 669.44 171.23 721.42 218.17 1.54 1.62 3.91 3.10 1.47 25.50 -1.54 0.906
car -1 -1 0.89 727.70 176.12 796.51 221.93 1.54 1.62 3.91 5.10 1.47 24.30 1.10 0.098
pedestrian -1 -1 -0.15 506.73 175.77 521.37 210.54 1.41 0.50 1.32 -3.60 1.50 26.80 -0.28 0.557
