car -1 -1 -1.59 629.88 177.51 681.70 219.99 1.54 1.62 3.91 1.50 1.67 26.90 -1.54 0.999
car -1 -1 -1.66 613.14 173.34 646.10 202.06 1.54 1.62 3.91 1.10 1.67 43.70 -1.63 0.993
car -1 -1 -0.21 774.50 181.77 1034.40 274.20 1.54 1.62 3.91 5.30 1.87 13.30 0.17 0.979
car -1 -1 -0.73 950.63 183.83 1228.31 338.12 1.46 1.49 2.95 5.00 1.53 8.20 -0.19 0.979
car -1 -1 -0.82 89.70 162.15 339.80 279.30 1.54 1.62 3.91 -5.70 1.47 10.70 -1.31 0.974
car -1 -1 -2.42 306.99 179.76 467.40 229.15 1.54 1.62 3.91 -5.90 1.67 19.50 -2.71 0.966
car -1 -1 -1.88 476.63 177.76 513.31 203.53 1.46 1.49 2.95 -6.80 1.93 42.80 -2.04 0.958
car -1 -1 1.94 865.99 179.18 1129.23 300.70 1.54 1.62 3.91 5.90 1.67 11.30 2.42 0.455
car -1 -1 -2.52 383.45 176.32 475.35 220.08 1.54 1.62 3.91 -5.70 1.47 23.50 -2.76 0.287
cyclist -1 -1 1.28 477.80 179.45 505.67 236.90 1.41 0.50 1.32 -3.40 1.71 20.60 1.12 0.994
