car -1 -1 -1.64 629.14 176.81 679.27 216.10 1.54 1.62 3.91 1.70 1.67 29.10 -1.58 0.999
car -1 -1 -1.56 613.07 172.43 646.07 200.97 1.54 1.62 3.91 1.10 1.67 41.70 -1.53 0.995
car -1 -1 -1.11 1011.67 181.48 1241.00 370.44 1.46 1.49 2.95 5.00 1.73 6.60 -0.47 0.995
car -1 -1 2.53 819.00 180.91 1114.03 289.26 1.54 1.62 3.91 5.50 1.67 11.50 2.97 0.991
car -1 -1 -0.17 151.30 161.44 347.12 273.32 1.54 1.62 3.91 -5.90 1.47 12.50 -0.62 0.969
car -1 -1 1.77 769.32 177.60 930.69 264.66 1.54 1.62 3.91 4.70 1.67 14.90 2.08 0.944
car -1 -1 -2.46 0.00 164.65 300.96 302.13 1.46 1.49 2.95 -6.00 1.53 10.00 -3.00 0.907
car -1 -1 -2.48 327.98 177.31 488.95 222.37 1.54 1.62 3.91 -6.90 1.67 24.70 -2.75 0.901
car -1 -1 -2.12 479.31 175.08 518.75 201.44 1.54 1.62 3.91 -6.50 1.67 43.30 -2.27 0.357
car -1 -1 -2.55 404.34 181.53 477.10 218.70 1.46 1.49 2.95 -6.20 1.93 27.00 -2.78 0.059
pedestrian -1 -1 2.74 1160.68 167.47 1189.58 250.04 1.76 0.66 0.49 15.90 1.68 20.40 3.40 0.567
pedestrian -1 -1 1.31 492.63 174.08 510.39 228.95 1.68 0.41 1.64 -3.10 1.94 20.70 1.17 0.060
pedestrian -1 -1 2.17 1178.04 162.24 1203.36 243.27 1.76 0.66 0.49 16.10 1.48 20.00 2.85 0.060
cyclist -1 -1 0.96 484.19 173.64 518.64 230.07 1.75 0.62 1.83 -3.40 1.88 21.80 0.81 0.996
