car -1 -1 -2.04 767.29 193.73 1005.88 354.66 1.46 1.49 2.95 2.80 1.73 8.20 -1.71 1.000
car -1 -1 2.13 53.90 192.13 368.42 363.38 1.54 1.62 3.91 -4.50 1.67 8.70 1.65 0.999
car -1 -1 1.67 452.40 183.71 511.70 225.85 1.46 1.49 2.95 -4.80 1.93 27.20 1.50 0.999
car -1 -1 -1.89 664.48 181.01 732.72 234.27 1.54 1.62 3.91 2.50 1.67 21.30 -1.78 0.999
car -1 -1 -1.05 720.98 183.19 854.29 284.15 1.46 1.49 2.95 3.00 1.73 12.20 -0.81 0.996
car -1 -1 -1.51 646.48 182.39 702.46 211.95 1.46 1.49 2.95 3.20 1.93 36.00 -1.42 0.991
car -1 -1 1.76 480.81 180.69 526.36 216.54 1.46 1.49 2.95 -4.80 1.93 32.40 1.61 0.961
car -1 -1 1.79 502.27 178.75 541.64 211.13 1.54 1.62 3.91 -4.50 1.87 38.50 1.67 0.713
car -1 -1 0.73 253.40 182.19 373.18 233.00 1.46 1.49 2.95 -9.20 1.73 22.80 0.35 0.272
pedestrian -1 -1 -0.80 720.24 168.81 735.97 211.73 1.75 0.62 1.83 6.00 1.88 37.00 -0.64 0.074
