car -1 -1 1.43 530.35 170.75 560.25 194.31 1.54 1.62 3.91 -3.90 0.87 52.10 1.35 0.970
pedestrian -1 -1 -0.80 563.72 167.26 582.88 233.99 1.77 0.62 0.88 -0.80 1.48 19.50 -0.84 1.000
pedestrian -1 -1 1.56 477.65 166.85 498.10 243.04 1.76 0.66 0.49 -2.90 1.48 17.80 1.40 0.999
pedestrian -1 -1 -1.76 768.75 147.47 833.18 355.68 1.76 0.66 0.49 1.70 1.48 6.60 -1.50 0.999
pedestrian -1 -1 -0.27 604.19 165.60 621.90 228.71 1.68 0.41 1.64 0.30 1.34 20.70 -0.25 0.999
pedestrian -1 -1 -1.58 967.75 112.14 1023.91 289.63 1.76 0.66 0.49 4.70 1.28 8.80 -1.09 0.998
pedestrian -1 -1 2.01 500.42 163.70 523.04 244.15 1.77 0.62 0.88 -2.20 1.48 17.90 1.89 0.997
pedestrian -1 -1 2.02 631.62 167.78 649.03 229.13 1.76 0.66 0.49 1.10 1.28 21.20 2.07 0.992
pedestrian -1 -1 -1.78 591.86 167.34 604.84 220.42 1.76 0.66 0.49 -0.10 1.28 26.00 -1.78 0.992
pedestrian -1 -1 -1.82 672.64 160.50 693.70 212.95 1.77 0.62 0.88 3.00 1.08 25.90 -1.71 0.988
pedestrian -1 -1 -0.82 662.23 162.28 674.60 214.28 1.68 0.41 1.64 2.50 0.94 26.70 -0.73 0.978
pedestrian -1 -1 -0.53 253.24 206.39 358.84 373.00 1.41 0.50 1.32 -2.80 1.71 7.00 -0.91 0.958
pedestrian -1 -1 1.01 618.58 169.07 631.98 230.06 1.68 0.41 1.64 0.70 1.34 20.10 1.05 0.939
pedestrian -1 -1 1.73 192.98 194.69 287.33 367.25 1.41 0.50 1.32 -3.80 1.71 7.20 1.25 0.815
pedestrian -1 -1 -1.15 1095.57 106.90 1163.53 285.07 1.76 0.66 0.49 6.10 1.08 8.40 -0.52 0.799
pedestrian -1 -1 1.28 80.44 216.09 199.30 362.55 1.41 0.50 1.32 -5.00 1.90 8.00 0.73 0.776
pedestrian -1 -1 -1.11 650.59 167.64 660.77 212.88 1.41 0.50 1.32 2.20 0.90 29.00 -1.03 0.442
pedestrian -1 -1 -1.67 684.15 164.73 699.48 201.55 1.41 0.50 1.32 3.80 0.90 29.20 -1.54 0.317
pedestrian -1 -1 -0.86 401.78 199.52 430.48 272.48 1.41 0.50 1.32 -3.80 1.71 15.00 -1.11 0.241
pedestrian -1 -1 0.91 636.96 161.75 677.68 224.75 1.75 0.62 1.83 1.60 1.28 21.20 0.98 0.210
cyclist -1 -1 -1.40 658.88 150.37 713.04 271.46 1.77 0.62 0.88 1.00 1.48 9.70 -1.30 0.513
cyclist -1 -1 -0.13 646.02 156.96 683.61 239.54 1.68 0.41 1.64 1.10 1.34 13.50 -0.05 0.189
cyclist -1 -1 -1.61 586.61 168.31 610.72 219.35 1.77 0.62 0.88 -0.30 1.28 26.00 -1.62 0.052
