car -1 -1 2.06 0.00 187.32 304.95 363.00 1.46 1.49 2.95 -4.40 1.73 7.80 1.54 0.997
car -1 -1 0.79 430.88 167.38 460.19 187.79 1.54 1.62 3.91 -13.50 0.67 63.50 0.58 0.644
car -1 -1 2.56 56.31 188.85 239.70 280.93 1.46 1.49 2.95 -8.20 1.53 13.20 2.01 0.077
pedestrian -1 -1 1.47 648.46 154.02 676.54 236.81 1.68 0.41 1.64 1.30 1.14 15.70 1.55 1.000
pedestrian -1 -1 -1.66 340.07 170.06 361.38 225.29 1.77 0.62 0.88 -8.80 1.48 25.10 -2.00 0.999
pedestrian -1 -1 -1.00 22.80 165.80 86.46 337.66 1.76 0.66 0.49 -6.60 1.68 8.50 -1.66 0.950
pedestrian -1 -1 0.62 471.78 158.51 485.57 214.02 1.76 0.66 0.49 -4.50 1.28 26.60 0.45 0.609
pedestrian -1 -1 -0.98 430.77 167.71 442.19 196.77 1.41 0.50 1.32 -11.60 0.90 51.00 -1.20 0.577
pedestrian -1 -1 2.20 258.42 147.64 319.44 367.51 1.76 0.66 0.49 -2.90 1.48 6.80 1.79 0.168
cyclist -1 -1 2.22 210.95 154.19 333.42 367.63 1.77 0.62 0.88 -3.30 1.68 7.20 1.79 0.996
cyclist -1 -1 -0.56 568.18 168.49 596.48 287.38 1.76 0.66 0.49 -0.30 1.48 9.40 -0.59 0.069
