car -1 -1 -1.67 640.48 175.96 714.70 232.31 1.54 1.62 3.91 1.90 1.67 20.50 -1.58 0.999
car -1 -1 -1.66 615.43 170.46 656.04 204.13 1.54 1.62 3.91 1.30 1.47 36.70 -1.63 0.993
car -1 -1 -2.63 228.99 180.52 430.33 243.41 1.54 1.62 3.91 -6.70 1.67 17.50 -3.00 0.991
car -1 -1 -1.76 415.58 174.77 492.72 208.62 1.54 1.62 3.91 -7.30 1.67 35.30 -1.97 0.989
car -1 -1 -0.62 462.42 171.93 527.71 196.73 1.54 1.62 3.91 -6.70 1.47 43.30 -0.77 0.881
car -1 -1 -0.68 989.35 154.74 1240.54 370.53 1.54 1.62 3.91 5.70 1.27 6.90 0.01 0.843
car -1 -1 -2.33 321.11 180.48 445.18 227.73 1.46 1.49 2.95 -7.00 1.73 23.60 -2.62 0.825
car -1 -1 1.54 179.03 184.35 336.78 258.11 1.46 1.49 2.95 -8.00 1.73 16.00 1.08 0.186
pedestrian -1 -1 1.72 321.69 184.86 379.97 287.08 1.41 0.50 1.32 -6.00 1.71 16.80 1.37 0.403
cyclist -1 -1 1.71 307.64 171.55 391.95 320.03 1.77 0.62 0.88 -3.40 1.88 9.10 1.35 1.000
