car -1 -1 1.59 522.30 175.06 549.12 197.25 1.54 1.62 3.91 -4.70 1.07 52.90 1.50 0.743
pedestrian -1 -1 0.21 558.19 166.93 578.65 237.19 1.76 0.66 0.49 -0.90 1.48 20.40 0.17 1.000
pedestrian -1 -1 -1.54 588.74 167.02 617.93 230.75 1.77 0.62 0.88 0.10 1.48 20.60 -1.54 1.000
pedestrian -1 -1 -1.11 936.53 119.04 1004.81 278.47 1.76 0.66 0.49 4.80 1.28 9.30 -0.63 1.000
pedestrian -1 -1 -1.61 721.59 156.69 774.64 339.28 1.76 0.66 0.49 1.50 1.48 7.20 -1.40 1.000
pedestrian -1 -1 1.64 469.44 168.34 491.67 242.54 1.76 0.66 0.49 -3.30 1.48 19.60 1.47 0.999
pedestrian -1 -1 1.98 489.47 170.04 516.96 240.63 1.75 0.62 1.83 -2.80 1.48 21.20 1.84 0.996
pedestrian -1 -1 -1.50 584.76 167.30 597.60 220.46 1.68 0.41 1.64 -0.30 1.14 23.90 -1.51 0.992
pedestrian -1 -1 -1.51 1008.90 125.56 1077.57 268.60 1.76 0.66 0.49 5.70 1.08 9.20 -0.95 0.957
pedestrian -1 -1 -0.66 299.93 202.75 377.01 358.14 1.68 0.41 1.64 -2.70 1.74 7.50 -1.01 0.901
pedestrian -1 -1 -1.84 665.27 162.98 677.98 215.23 1.68 0.41 1.64 2.50 1.14 25.70 -1.74 0.888
pedestrian -1 -1 -1.70 653.43 165.00 665.07 222.05 1.68 0.41 1.64 2.10 1.14 26.30 -1.62 0.826
pedestrian -1 -1 0.99 258.72 198.93 331.16 364.58 1.76 0.66 0.49 -2.70 1.68 6.20 0.58 0.791
pedestrian -1 -1 1.38 616.13 168.26 633.30 227.37 1.41 0.50 1.32 0.80 1.11 23.20 1.41 0.692
pedestrian -1 -1 0.92 148.44 212.31 242.26 303.25 1.41 0.50 1.32 -7.40 1.90 12.80 0.40 0.620
pedestrian -1 -1 -1.64 818.41 162.47 836.86 212.41 1.77 0.62 0.88 10.80 0.88 34.30 -1.34 0.599
pedestrian -1 -1 1.18 92.60 202.61 320.05 366.46 1.75 0.62 1.83 -3.40 1.68 6.00 0.66 0.530
pedestrian -1 -1 -1.70 671.89 166.56 685.26 204.15 1.75 0.62 1.83 4.00 1.08 35.80 -1.59 0.164
pedestrian -1 -1 0.53 57.04 206.28 142.72 360.74 1.41 0.50 1.32 -6.60 1.90 9.40 -0.08 0.111
pedestrian -1 -1 -0.16 453.84 173.62 463.27 205.91 1.41 0.50 1.32 -7.80 1.11 39.40 -0.35 0.051
cyclist -1 -1 -1.87 638.14 154.31 691.09 257.90 1.87 0.84 1.11 1.10 1.53 13.30 -1.79 0.594
cyclist -1 -1 -1.93 700.73 162.36 794.40 303.17 1.75 0.62 1.83 2.00 1.48 11.40 -1.75 0.110
cyclist -1 -1 0.81 206.48 201.36 383.34 345.69 1.41 0.50 1.32 -3.20 1.50 7.00 0.38 0.090
cyclist -1 -1 0.44 418.46 197.90 462.02 254.95 1.41 0.50 1.32 -3.80 1.71 16.60 0.21 0.068
cyclist -1 -1 -1.07 624.83 165.79 664.05 234.93 1.87 0.84 1.11 0.90 1.53 17.70 -1.02 0.053
