car -1 -1 1.50 369.88 183.81 518.48 280.08 1.54 1.62 3.91 -2.90 1.67 13.10 1.28 1.000
car -1 -1 1.08 784.03 175.93 1196.30 374.00 1.54 1.62 3.91 2.70 1.67 6.50 1.47 0.999
car -1 -1 -1.42 710.00 187.70 866.31 281.51 1.54 1.62 3.91 2.90 1.67 12.70 -1.20 0.999
car -1 -1 1.73 510.58 177.12 557.59 217.06 1.54 1.62 3.91 -2.90 1.67 29.50 1.64 0.999
car -1 -1 0.53 680.46 184.08 760.82 247.06 1.46 1.49 2.95 2.60 1.73 18.20 0.67 0.997
car -1 -1 1.81 459.62 177.39 533.35 239.01 1.54 1.62 3.91 -3.10 1.67 20.90 1.66 0.996
car -1 -1 1.73 537.42 175.83 575.48 209.15 1.54 1.62 3.91 -2.50 1.67 33.90 1.65 0.988
car -1 -1 1.55 666.89 180.30 703.04 213.99 1.46 1.49 2.95 4.00 1.93 38.40 1.66 0.986
pedestrian -1 -1 -0.55 1036.75 167.91 1078.27 267.22 1.76 0.66 0.49 9.50 1.88 15.40 0.00 0.078
cyclist -1 -1 0.58 1033.89 172.27 1102.07 255.17 1.76 0.66 0.49 9.30 1.68 14.60 1.14 0.101
cyclist -1 -1 -1.30 1127.77 206.69 1241.00 322.00 1.41 0.50 1.32 9.40 1.90 11.80 -0.63 0.087
