car -1 -1 -1.70 648.38 176.91 697.04 216.47 1.54 1.62 3.91 2.50 1.67 29.50 -1.62 1.000
car -1 -1 1.79 23.11 195.64 412.95 374.00 1.54 1.62 3.91 -3.70 1.67 7.50 1.34 1.000
car -1 -1 1.52 347.18 188.44 479.12 271.01 1.54 1.62 3.91 -3.70 1.87 14.90 1.27 0.998
car -1 -1 -1.08 440.77 181.75 489.58 223.10 1.54 1.62 3.91 -6.50 2.07 33.10 -1.28 0.914
car -1 -1 1.53 482.16 182.89 521.05 206.78 1.54 1.62 3.91 -6.90 2.27 46.50 1.39 0.743
car -1 -1 -1.08 935.38 147.77 1037.88 182.21 2.48 1.81 4.73 23.90 0.94 45.80 -0.59 0.238
car -1 -1 2.26 792.86 162.21 901.46 214.09 1.54 1.62 3.91 7.90 1.27 24.10 2.58 0.211
car -1 -1 -1.04 916.91 156.83 980.98 182.22 1.54 1.62 3.91 23.10 0.67 49.70 -0.61 0.090
car -1 -1 1.63 280.77 201.66 398.43 255.33 1.46 1.49 2.95 -7.00 2.13 19.20 1.28 0.051
cyclist -1 -1 1.39 391.73 187.66 406.41 220.66 1.87 0.84 1.11 -12.30 2.33 41.90 1.10 0.053
