car -1 -1 1.86 112.64 203.15 332.29 316.77 1.46 1.49 2.95 -6.00 2.13 11.40 1.38 1.000
car -1 -1 1.75 293.41 194.02 418.63 262.79 1.54 1.62 3.91 -6.10 2.07 17.70 1.41 0.999
car -1 -1 1.80 397.15 190.19 478.66 237.78 1.54 1.62 3.91 -5.90 2.27 25.30 1.58 0.998
car -1 -1 -1.34 672.50 172.98 737.24 224.95 1.54 1.62 3.91 3.10 1.47 23.50 -1.21 0.997
car -1 -1 2.01 447.98 186.56 499.80 223.23 1.46 1.49 2.95 -5.80 2.13 31.60 1.83 0.995
car -1 -1 -1.41 692.71 174.27 776.25 233.81 1.54 1.62 3.91 3.10 1.67 19.50 -1.26 0.981
car -1 -1 -1.31 650.02 178.79 709.11 208.31 1.46 1.49 2.95 3.40 1.93 36.00 -1.21 0.980
car -1 -1 2.80 845.80 147.10 1067.91 219.19 1.54 1.62 3.91 7.70 1.07 16.30 3.24 0.964
car -1 -1 1.91 485.53 183.91 527.53 211.45 1.54 1.62 3.91 -5.70 2.27 41.70 1.78 0.954
car -1 -1 2.28 923.76 137.25 1234.26 228.31 1.54 1.62 3.91 8.90 1.07 14.10 2.84 0.674
car -1 -1 2.39 817.24 154.80 930.15 209.85 1.54 1.62 3.91 7.30 1.07 21.30 2.72 0.266
car -1 -1 -0.28 637.62 175.25 674.85 203.78 1.54 1.62 3.91 2.30 1.67 37.30 -0.21 0.161
