car -1 -1 -2.90 32.44 179.01 364.18 282.21 1.54 1.62 3.91 -6.50 1.67 11.30 -3.42 0.999
car -1 -1 -0.12 794.23 182.55 983.71 249.15 1.54 1.62 3.91 6.10 1.67 16.30 0.23 0.996
car -1 -1 -2.80 358.37 173.47 488.10 225.71 1.54 1.62 3.91 -5.50 1.47 21.50 -3.06 0.994
car -1 -1 -0.01 711.86 178.85 804.06 217.39 1.54 1.62 3.91 5.90 1.87 30.30 0.19 0.994
car -1 -1 2.40 897.46 189.66 1241.00 317.79 1.54 1.62 3.91 5.90 1.67 9.10 2.98 0.992
car -1 -1 -1.66 451.44 176.18 536.07 209.10 1.54 1.62 3.91 -5.50 1.87 35.90 -1.81 0.988
car -1 -1 -1.61 639.39 177.75 672.94 203.91 1.54 1.62 3.91 3.10 1.87 45.30 -1.54 0.985
car -1 -1 -2.71 205.68 179.81 440.97 257.70 1.54 1.62 3.91 -5.50 1.67 14.30 -3.08 0.985
car -1 -1 -0.46 782.33 177.05 894.96 235.45 1.46 1.49 2.95 6.00 1.53 19.60 -0.16 0.934
car -1 -1 -2.69 425.27 176.20 494.58 218.36 1.46 1.49 2.95 -5.20 1.73 25.80 -2.89 0.271
