car -1 -1 1.80 460.24 161.20 559.83 240.77 1.54 1.62 3.91 -1.70 1.27 15.70 1.70 0.988
car -1 -1 1.39 373.67 156.62 473.42 230.52 2.48 1.81 4.73 -6.00 1.54 24.10 1.15 0.976
car -1 -1 2.42 424.55 160.45 502.83 219.36 1.54 1.62 3.91 -3.90 1.07 20.90 2.24 0.688
pedestrian -1 -1 1.53 646.90 161.66 682.25 262.48 1.76 0.66 0.49 1.10 1.48 13.00 1.61 1.000
pedestrian -1 -1 1.44 1027.51 153.97 1106.50 319.51 1.76 0.66 0.49 4.40 1.48 6.90 2.01 1.000
pedestrian -1 -1 -0.96 873.09 156.69 962.55 328.73 1.76 0.66 0.49 3.00 1.48 6.90 -0.55 1.000
pedestrian -1 -1 -1.06 608.96 153.35 644.54 266.04 1.75 0.62 1.83 0.40 1.28 12.80 -1.03 1.000
pedestrian -1 -1 -1.10 270.07 167.42 303.61 255.55 1.76 0.66 0.49 -6.70 1.48 15.20 -1.52 1.000
pedestrian -1 -1 -0.34 674.13 154.27 707.84 266.06 1.76 0.66 0.49 1.50 1.48 12.40 -0.22 0.999
pedestrian -1 -1 2.53 110.00 164.10 187.47 373.00 1.76 0.66 0.49 -3.90 1.48 6.20 1.97 0.995
pedestrian -1 -1 -0.13 785.76 140.38 811.42 252.60 1.76 0.66 0.49 3.30 1.28 12.20 0.13 0.988
pedestrian -1 -1 2.79 1156.82 129.32 1224.36 315.04 1.68 0.41 1.64 6.70 1.14 7.50 3.52 0.966
pedestrian -1 -1 2.52 51.26 169.30 126.45 373.00 1.76 0.66 0.49 -4.50 1.68 6.40 1.90 0.572
pedestrian -1 -1 2.28 717.79 172.62 739.88 236.05 1.41 0.50 1.32 3.00 1.30 17.00 2.46 0.427
pedestrian -1 -1 0.56 650.65 166.12 673.93 207.04 1.75 0.62 1.83 3.00 0.88 36.40 0.64 0.158
cyclist -1 -1 2.48 0.38 171.64 155.79 366.70 1.77 0.62 0.88 -4.50 1.48 6.20 1.85 0.875
cyclist -1 -1 2.36 26.42 177.24 125.32 266.73 1.75 0.62 1.83 -11.60 1.68 16.20 1.74 0.116
cyclist -1 -1 1.90 79.85 175.23 200.78 277.96 1.75 0.62 1.83 -10.60 1.68 16.00 1.31 0.060
