car -1 -1 -1.22 246.57 183.10 450.98 306.37 1.54 1.62 3.91 -3.70 1.47 10.70 -1.55 1.000
car -1 -1 -1.52 430.84 180.45 509.86 234.39 1.54 1.62 3.91 -3.90 1.47 20.50 -1.71 1.000
car -1 -1 -1.62 649.21 179.86 704.30 223.82 1.54 1.62 3.91 2.70 1.47 27.90 -1.52 1.000
car -1 -1 -1.52 698.66 186.57 814.31 268.41 1.54 1.62 3.91 2.90 1.47 15.10 -1.33 0.999
car -1 -1 -1.22 478.36 180.85 531.50 222.29 1.54 1.62 3.91 -3.70 1.27 27.30 -1.35 0.995
car -1 -1 -0.66 384.99 181.19 438.99 217.31 1.46 1.49 2.95 -8.20 1.33 30.60 -0.93 0.922
car -1 -1 -1.59 583.83 180.50 607.42 204.52 1.54 1.62 3.91 -0.70 1.27 45.90 -1.61 0.421
car -1 -1 -0.99 0.00 181.27 219.90 290.66 1.46 1.49 2.95 -9.00 1.53 13.20 -1.58 0.098
car -1 -1 -0.79 507.21 179.61 538.80 209.89 1.46 1.49 2.95 -4.40 1.13 37.80 -0.90 0.095
car -1 -1 -0.66 294.66 183.63 365.56 217.62 1.54 1.62 3.91 -12.70 1.47 33.30 -1.02 0.054
