car -1 -1 1.73 1.82 214.95 251.48 358.22 1.46 1.49 2.95 -6.00 2.13 9.80 1.18 0.999
car -1 -1 -1.73 684.45 192.70 898.19 329.83 1.46 1.49 2.95 2.20 1.73 9.20 -1.49 0.998
car -1 -1 1.61 383.49 190.89 431.50 222.24 1.54 1.62 3.91 -11.10 2.67 39.50 1.34 0.991
car -1 -1 -1.68 560.10 191.36 631.73 232.61 1.46 1.49 2.95 -0.80 2.33 29.80 -1.71 0.987
car -1 -1 0.16 181.87 196.66 261.65 220.47 1.54 1.62 3.91 -23.90 2.87 44.30 -0.33 0.966
car -1 -1 2.56 750.16 172.25 882.42 223.41 1.54 1.62 3.91 7.30 1.67 25.10 2.84 0.946
car -1 -1 0.70 1040.21 171.85 1214.64 256.34 1.46 1.49 2.95 10.20 1.53 14.80 1.30 0.929
car -1 -1 1.58 718.15 178.50 783.54 221.37 1.54 1.62 3.91 5.50 1.87 28.50 1.77 0.907
car -1 -1 -1.24 542.12 184.10 565.33 206.55 1.46 1.49 2.95 -4.20 2.53 54.60 -1.32 0.144
car -1 -1 -1.56 554.56 190.50 595.26 226.84 1.46 1.49 2.95 -1.60 2.33 30.00 -1.61 0.130
car -1 -1 1.92 1024.04 170.30 1139.58 216.28 1.54 1.62 3.91 16.50 1.47 25.50 2.49 0.112
car -1 -1 1.65 753.51 178.57 818.57 216.75 1.54 1.62 3.91 7.50 1.87 31.50 1.88 0.068
