car -1 -1 1.66 379.25 181.77 485.03 250.62 1.54 1.62 3.91 -4.50 1.87 18.50 1.42 1.000
car -1 -1 -1.96 833.45 180.99 1118.05 352.27 1.46 1.49 2.95 3.80 1.53 7.80 -1.51 1.000
car -1 -1 -1.49 759.85 183.25 905.54 277.91 1.54 1.62 3.91 3.70 1.67 13.30 -1.22 0.999
car -1 -1 1.69 448.16 181.83 518.96 229.92 1.54 1.62 3.91 -4.30 1.87 24.50 1.51 0.999
car -1 -1 -1.74 722.92 177.75 814.33 241.31 1.46 1.49 2.95 3.80 1.53 17.20 -1.52 0.999
car -1 -1 1.81 487.94 180.20 536.32 218.64 1.54 1.62 3.91 -4.10 1.87 30.90 1.67 0.998
car -1 -1 -1.57 698.40 177.34 771.82 225.22 1.46 1.49 2.95 4.00 1.73 24.40 -1.41 0.997
car -1 -1 1.68 540.17 177.98 582.21 199.88 1.46 1.49 2.95 -3.80 1.93 56.20 1.61 0.858
car -1 -1 -1.36 685.74 175.49 735.25 213.20 1.54 1.62 3.91 4.10 1.67 30.50 -1.23 0.708
car -1 -1 -0.99 1001.75 172.84 1098.38 199.76 1.54 1.62 3.91 25.30 1.47 41.90 -0.45 0.139
car -1 -1 -1.65 1093.86 172.17 1235.84 218.61 1.54 1.62 3.91 20.10 1.47 25.50 -0.98 0.061
