car -1 -1 -1.58 725.96 181.25 817.20 245.48 1.46 1.49 2.95 4.20 1.73 19.40 -1.36 1.000
car -1 -1 -2.09 844.53 190.52 1200.72 373.81 1.46 1.49 2.95 3.60 1.53 6.80 -1.61 0.999
car -1 -1 1.61 443.61 184.62 517.55 235.82 1.54 1.62 3.91 -4.10 1.87 23.90 1.44 0.998
car -1 -1 -1.75 706.25 179.32 775.92 227.28 1.46 1.49 2.95 4.20 1.73 24.40 -1.58 0.998
car -1 -1 -1.78 761.34 179.25 901.15 275.83 1.46 1.49 2.95 3.80 1.53 12.80 -1.49 0.996
car -1 -1 1.58 488.44 182.05 542.25 220.89 1.54 1.62 3.91 -3.90 2.07 30.70 1.45 0.994
car -1 -1 1.77 514.75 184.28 556.93 214.68 1.54 1.62 3.91 -3.50 2.07 35.70 1.67 0.985
car -1 -1 -1.49 688.63 178.11 741.46 217.90 1.46 1.49 2.95 3.80 1.73 26.40 -1.34 0.967
car -1 -1 -1.82 938.40 175.61 998.90 203.96 1.46 1.49 2.95 19.40 1.73 38.80 -1.36 0.638
car -1 -1 -1.91 978.24 172.66 1047.00 205.94 1.46 1.49 2.95 19.80 1.53 35.20 -1.40 0.256
car -1 -1 -1.73 1113.27 174.18 1232.91 215.29 1.46 1.49 2.95 21.00 1.53 27.00 -1.07 0.146
car -1 -1 -1.33 682.18 174.26 718.79 204.94 1.54 1.62 3.91 4.70 1.67 39.30 -1.21 0.107
car -1 -1 1.86 561.36 178.83 586.03 202.77 1.54 1.62 3.91 -2.70 2.27 55.10 1.81 0.067
car -1 -1 -2.05 1051.77 172.68 1159.23 206.05 1.54 1.62 3.91 21.30 1.47 31.30 -1.45 0.064
