car -1 -1 -1.77 671.71 177.41 761.49 248.42 1.54 1.62 3.91 2.50 1.67 17.30 -1.62 1.000
car -1 -1 -1.87 753.77 196.34 1053.31 374.00 1.54 1.62 3.91 2.70 1.67 7.70 -1.53 0.999
car -1 -1 -1.35 641.21 177.57 685.98 215.00 1.54 1.62 3.91 2.50 1.87 34.70 -1.28 0.997
car -1 -1 -2.49 280.53 184.45 449.83 246.31 1.54 1.62 3.91 -6.30 1.87 18.90 -2.81 0.996
car -1 -1 -2.84 37.44 165.62 388.37 286.44 1.54 1.62 3.91 -5.10 1.47 10.10 -3.31 0.993
car -1 -1 -1.60 657.85 185.24 711.52 227.43 1.46 1.49 2.95 2.40 1.93 23.80 -1.50 0.989
car -1 -1 -1.33 472.52 177.80 544.48 206.82 1.54 1.62 3.91 -5.50 1.87 39.30 -1.47 0.907
car -1 -1 -1.69 432.65 177.18 521.81 214.75 1.54 1.62 3.91 -5.90 1.67 30.10 -1.88 0.542
car -1 -1 0.10 633.27 180.18 660.48 204.49 1.54 1.62 3.91 2.30 2.07 47.50 0.15 0.481
car -1 -1 -1.89 393.47 182.73 494.56 225.61 1.54 1.62 3.91 -6.50 2.07 28.10 -2.12 0.465
car -1 -1 -2.85 193.21 191.33 408.90 268.80 1.46 1.49 2.95 -6.00 1.93 14.00 -3.25 0.098
car -1 -1 -2.17 377.42 186.10 452.66 238.93 1.46 1.49 2.95 -5.40 1.93 21.20 -2.42 0.058
