car -1 -1 1.63 187.44 160.52 474.94 348.25 1.54 1.62 3.91 -2.70 1.27 7.90 1.30 0.999
car -1 -1 0.85 394.16 158.17 514.69 210.64 2.48 1.81 4.73 -5.90 1.34 29.60 0.65 0.165
pedestrian -1 -1 -2.22 644.47 164.16 693.20 295.89 1.76 0.66 0.49 0.90 1.48 9.60 -2.13 0.999
pedestrian -1 -1 1.11 1079.97 137.04 1194.32 321.99 1.76 0.66 0.49 4.80 1.28 6.50 1.75 0.997
pedestrian -1 -1 -2.00 585.36 151.91 638.46 307.75 1.76 0.66 0.49 0.10 1.48 7.60 -1.98 0.993
pedestrian -1 -1 2.19 1152.97 132.64 1223.13 310.49 1.87 0.84 1.11 6.30 1.33 7.10 2.92 0.990
pedestrian -1 -1 2.58 715.75 175.24 740.58 234.62 1.41 0.50 1.32 3.40 1.30 18.60 2.76 0.959
pedestrian -1 -1 -0.13 561.19 160.92 583.97 228.98 1.68 0.41 1.64 -0.90 1.34 20.90 -0.17 0.847
pedestrian -1 -1 0.21 460.68 159.24 485.97 254.81 1.76 0.66 0.49 -2.90 1.48 16.20 0.03 0.544
pedestrian -1 -1 -2.17 658.31 170.59 683.56 244.70 1.68 0.41 1.64 2.30 1.34 23.10 -2.07 0.404
pedestrian -1 -1 -0.50 652.57 170.37 665.15 205.83 1.41 0.50 1.32 2.80 0.90 35.00 -0.42 0.307
pedestrian -1 -1 -1.29 624.96 158.58 660.48 304.88 1.68 0.41 1.64 0.50 1.34 9.10 -1.23 0.179
pedestrian -1 -1 -1.05 660.93 167.78 677.04 202.33 1.41 0.50 1.32 3.00 0.70 31.60 -0.95 0.144
pedestrian -1 -1 1.47 688.62 170.74 709.33 233.27 1.41 0.50 1.32 2.20 1.30 17.00 1.60 0.069
cyclist -1 -1 2.34 709.57 175.49 749.11 234.13 1.41 0.50 1.32 3.00 1.30 17.80 2.50 0.086
cyclist -1 -1 -2.20 565.31 165.10 641.70 251.40 1.75 0.62 1.83 -0.20 1.28 18.00 -2.21 0.074
