car -1 -1 1.13 569.53 167.63 602.60 194.41 1.54 1.62 3.91 -0.90 0.87 43.90 1.10 0.691
pedestrian -1 -1 0.31 698.88 164.98 724.56 242.38 1.68 0.41 1.64 2.50 1.34 15.90 0.47 1.000
pedestrian -1 -1 -1.72 436.60 170.96 466.14 253.86 1.76 0.66 0.49 -3.10 1.48 14.80 -1.92 0.999
pedestrian -1 -1 0.21 665.28 167.73 696.23 245.77 1.68 0.41 1.64 1.70 1.34 15.90 0.32 0.997
pedestrian -1 -1 -0.61 567.23 159.50 578.46 202.55 1.75 0.62 1.83 -1.40 1.08 35.60 -0.64 0.306
pedestrian -1 -1 -0.22 728.58 164.10 738.01 201.77 1.77 0.62 0.88 6.80 0.88 37.30 -0.04 0.072
cyclist -1 -1 2.08 588.92 160.61 619.12 208.89 1.87 0.84 1.11 0.10 1.33 28.50 2.08 0.997
cyclist -1 -1 -0.05 724.68 164.25 745.56 203.32 1.87 0.84 1.11 6.90 0.93 37.30 0.13 0.564
cyclist -1 -1 0.07 564.27 159.99 581.63 204.96 1.87 0.84 1.11 -1.30 1.13 36.10 0.04 0.254
cyclist -1 -1 0.50 680.14 170.11 744.41 227.56 1.75 0.62 1.83 3.40 1.28 21.20 0.66 0.208
cyclist -1 -1 0.36 718.25 160.13 769.44 216.45 1.87 0.84 1.11 4.30 1.33 21.50 0.56 0.131
cyclist -1 -1 0.25 522.50 169.58 549.67 203.86 1.41 0.50 1.32 -3.40 0.90 37.80 0.16 0.099
