car -1 -1 1.77 387.00 161.42 531.92 269.02 1.54 1.62 3.91 -2.50 1.27 12.30 1.57 0.999
pedestrian -1 -1 -0.88 609.40 159.49 642.27 251.17 1.77 0.62 0.88 0.40 1.48 14.70 -0.85 1.000
pedestrian -1 -1 -2.07 857.33 157.34 920.75 313.55 1.76 0.66 0.49 3.10 1.48 8.00 -1.70 1.000
pedestrian -1 -1 -1.69 649.31 158.87 675.37 247.11 1.68 0.41 1.64 1.30 1.34 15.90 -1.61 1.000
pedestrian -1 -1 -0.04 314.68 166.21 345.42 243.23 1.77 0.62 0.88 -6.60 1.48 17.30 -0.41 0.999
pedestrian -1 -1 -2.34 754.11 153.75 822.31 316.33 1.76 0.66 0.49 1.80 1.48 7.10 -2.09 0.998
pedestrian -1 -1 0.02 690.59 157.72 715.20 244.62 1.68 0.41 1.64 1.90 1.34 14.30 0.15 0.996
pedestrian -1 -1 2.35 1149.05 135.97 1218.63 309.58 1.87 0.84 1.11 7.90 1.33 9.50 3.05 0.978
pedestrian -1 -1 0.25 577.26 160.75 599.51 264.24 1.68 0.41 1.64 -0.30 1.54 14.10 0.23 0.966
pedestrian -1 -1 0.74 959.55 131.67 990.22 218.85 1.76 0.66 0.49 7.70 0.88 15.00 1.22 0.352
pedestrian -1 -1 1.95 714.10 171.17 736.28 237.90 1.41 0.50 1.32 2.80 1.30 16.20 2.12 0.313
cyclist -1 -1 -0.77 743.88 156.46 841.99 341.08 1.41 0.50 1.32 1.80 1.71 7.40 -0.53 0.068
