car -1 -1 0.82 521.60 196.17 567.63 236.55 1.46 1.49 2.95 -2.60 2.53 29.20 0.73 0.999
car -1 -1 -1.80 683.64 211.18 1001.87 370.14 1.46 1.49 2.95 1.60 1.93 6.20 -1.55 0.998
car -1 -1 -1.62 623.47 200.38 763.07 303.59 1.46 1.49 2.95 1.20 1.93 12.00 -1.52 0.993
car -1 -1 1.68 229.51 213.64 355.18 309.12 1.46 1.49 2.95 -5.80 2.33 13.20 1.27 0.990
car -1 -1 -1.50 556.59 191.84 662.42 268.21 1.54 1.62 3.91 -0.10 1.87 14.30 -1.51 0.956
car -1 -1 1.40 398.48 197.39 432.88 223.45 1.54 1.62 3.91 -13.30 3.47 49.90 1.14 0.912
car -1 -1 1.65 342.10 192.72 410.67 251.23 1.46 1.49 2.95 -8.20 2.53 25.20 1.34 0.891
car -1 -1 -0.55 540.10 196.01 597.00 245.75 1.46 1.49 2.95 -1.40 2.13 23.00 -0.61 0.368
car -1 -1 2.17 0.00 226.36 296.31 374.00 1.46 1.49 2.95 -5.60 2.13 9.20 1.62 0.303
pedestrian -1 -1 0.19 327.41 205.12 341.55 244.02 1.68 0.41 1.64 -12.90 3.34 33.50 -0.18 0.083
