car -1 -1 -1.90 750.18 186.48 971.92 342.05 1.54 1.62 3.91 2.90 1.67 8.90 -1.59 1.000
car -1 -1 -2.70 142.90 170.60 392.87 261.01 1.54 1.62 3.91 -6.70 1.67 13.70 -3.16 0.999
car -1 -1 2.82 701.30 170.92 834.10 221.17 1.54 1.62 3.91 4.90 1.47 23.30 3.03 0.994
car -1 -1 -1.23 827.59 183.35 995.45 254.33 1.46 1.49 2.95 7.20 1.73 16.80 -0.83 0.978
car -1 -1 -2.09 447.98 169.10 523.09 203.54 1.54 1.62 3.91 -5.90 1.47 36.30 -2.25 0.977
car -1 -1 -0.14 757.89 173.49 918.55 244.60 1.54 1.62 3.91 5.50 1.67 17.10 0.17 0.839
car -1 -1 -0.74 392.52 174.14 463.69 217.02 1.46 1.49 2.95 -6.40 1.53 25.60 -0.98 0.752
car -1 -1 0.65 38.24 170.16 305.47 331.69 1.46 1.49 2.95 -4.80 1.73 8.40 0.13 0.650
car -1 -1 -1.28 317.56 175.68 457.48 235.60 1.54 1.62 3.91 -5.90 1.67 18.90 -1.59 0.282
car -1 -1 0.16 775.18 173.67 856.29 224.16 1.54 1.62 3.91 7.70 1.67 26.90 0.44 0.161
car -1 -1 -1.20 478.01 167.11 537.40 195.92 2.48 1.81 4.73 -8.30 1.94 58.20 -1.34 0.064
pedestrian -1 -1 -1.82 166.56 166.83 221.73 287.42 1.77 0.62 0.88 -7.30 1.68 12.80 -2.34 0.283
