car -1 -1 1.66 146.95 188.55 382.13 317.69 1.54 1.62 3.91 -4.90 1.87 10.70 1.23 1.000
car -1 -1 -2.10 757.07 171.41 1052.96 373.40 1.54 1.62 3.91 2.50 1.47 7.10 -1.76 0.999
car -1 -1 1.74 434.17 184.10 502.15 228.13 1.46 1.49 2.95 -5.40 1.93 26.80 1.55 0.980
car -1 -1 0.34 484.02 178.39 548.99 204.90 1.54 1.62 3.91 -5.30 1.87 41.70 0.21 0.120
car -1 -1 -1.80 637.54 176.21 668.55 200.13 1.54 1.62 3.91 2.90 1.87 46.70 -1.74 0.108
car -1 -1 1.46 461.10 179.15 503.34 213.04 1.46 1.49 2.95 -5.40 1.73 31.00 1.28 0.099
pedestrian -1 -1 -1.58 952.82 143.79 1035.69 351.30 1.76 0.66 0.49 3.10 1.48 6.00 -1.10 0.071
pedestrian -1 -1 -0.35 703.12 167.98 713.12 209.55 1.68 0.41 1.64 4.90 1.74 35.70 -0.22 0.068
cyclist -1 -1 1.68 480.17 173.63 510.25 239.68 1.75 0.62 1.83 -3.80 2.08 23.80 1.52 0.985
cyclist -1 -1 -0.08 511.11 177.87 534.50 235.32 1.77 0.62 0.88 -2.80 1.88 23.10 -0.20 0.959
cyclist -1 -1 1.89 531.06 173.63 548.50 208.05 1.41 0.50 1.32 -4.20 1.90 43.20 1.80 0.335
