car -1 -1 1.99 0.00 191.74 337.78 366.20 1.54 1.62 3.91 -4.70 1.67 8.50 1.48 1.000
car -1 -1 -1.88 781.30 183.45 1082.60 348.93 1.54 1.62 3.91 3.30 1.67 8.30 -1.50 0.999
car -1 -1 -1.65 690.57 179.36 752.89 225.37 1.46 1.49 2.95 3.80 1.73 24.80 -1.50 0.999
car -1 -1 -1.80 739.86 184.46 872.05 275.92 1.54 1.62 3.91 3.50 1.67 13.90 -1.55 0.999
car -1 -1 1.46 473.01 178.79 526.00 218.91 1.54 1.62 3.91 -4.30 1.87 28.90 1.32 0.997
car -1 -1 -1.70 714.76 181.02 803.74 247.71 1.54 1.62 3.91 3.70 1.67 19.10 -1.51 0.996
car -1 -1 1.79 258.97 191.90 435.27 279.64 1.54 1.62 3.91 -4.50 1.67 12.90 1.46 0.995
car -1 -1 -2.13 974.36 179.27 1053.01 216.50 1.46 1.49 2.95 17.00 1.73 31.00 -1.63 0.934
car -1 -1 1.44 496.61 180.40 541.48 213.12 1.46 1.49 2.95 -4.40 1.93 36.20 1.32 0.931
car -1 -1 1.07 124.79 187.74 214.36 234.41 1.46 1.49 2.95 -16.00 2.13 26.40 0.53 0.759
car -1 -1 -1.44 1047.28 177.82 1184.38 221.39 1.54 1.62 3.91 18.10 1.87 26.30 -0.84 0.653
car -1 -1 -1.21 1010.21 170.91 1086.25 209.19 1.46 1.49 2.95 19.80 1.53 32.60 -0.66 0.497
car -1 -1 0.44 1174.13 175.06 1236.86 212.96 1.46 1.49 2.95 29.60 1.73 35.20 1.14 0.075
cyclist -1 -1 2.19 148.13 195.30 205.15 234.72 1.41 0.50 1.32 -16.60 2.11 27.60 1.65 0.095
