car -1 -1 0.68 567.27 169.33 605.88 191.11 1.46 1.49 2.95 -1.00 0.73 63.60 0.67 0.798
pedestrian -1 -1 -1.27 649.60 165.12 673.88 230.95 1.76 0.66 0.49 1.50 1.28 18.20 -1.19 0.999
pedestrian -1 -1 -1.87 455.15 166.18 480.91 240.84 1.76 0.66 0.49 -3.40 1.48 18.10 -2.05 0.999
pedestrian -1 -1 -1.91 676.95 162.30 697.53 235.14 1.76 0.66 0.49 2.10 1.28 18.40 -1.80 0.942
pedestrian -1 -1 1.64 955.71 195.84 1018.37 292.66 1.41 0.50 1.32 6.00 1.50 11.20 2.13 0.395
pedestrian -1 -1 1.15 1174.64 157.47 1229.23 373.00 1.68 0.41 1.64 6.10 1.54 6.70 1.89 0.118
cyclist -1 -1 0.79 609.80 158.55 632.15 205.39 1.87 0.84 1.11 0.90 1.13 36.30 0.82 0.997
cyclist -1 -1 0.84 547.99 166.40 580.56 202.82 1.75 0.62 1.83 -2.00 1.08 40.40 0.79 0.389
cyclist -1 -1 -1.87 669.40 162.87 706.60 229.30 1.77 0.62 0.88 2.10 1.48 18.40 -1.75 0.368
cyclist -1 -1 -0.95 698.55 166.33 741.24 201.92 1.75 0.62 1.83 6.00 0.88 36.00 -0.78 0.087
