car -1 -1 -1.86 726.99 196.83 941.39 346.64 1.54 1.62 3.91 2.50 1.87 9.70 -1.61 1.000
car -1 -1 -1.72 681.99 196.33 790.24 281.17 1.54 1.62 3.91 2.50 2.07 15.10 -1.56 1.000
car -1 -1 1.74 242.42 207.35 450.38 345.37 1.54 1.62 3.91 -3.70 2.07 10.50 1.41 1.000
car -1 -1 1.51 387.15 207.23 489.02 285.32 1.46 1.49 2.95 -3.60 2.33 15.40 1.28 0.998
car -1 -1 1.52 469.66 201.99 527.13 247.34 1.46 1.49 2.95 -4.20 2.73 27.60 1.37 0.993
car -1 -1 -1.54 658.14 197.80 703.73 236.59 1.46 1.49 2.95 2.80 2.53 29.80 -1.45 0.982
car -1 -1 -1.53 670.89 195.90 732.21 250.87 1.46 1.49 2.95 2.60 2.13 21.80 -1.41 0.973
car -1 -1 1.80 441.45 200.73 504.29 260.35 1.46 1.49 2.95 -4.40 2.53 23.40 1.61 0.973
car -1 -1 -2.02 821.49 203.57 1237.89 368.06 1.46 1.49 2.95 2.80 1.73 5.60 -1.56 0.776
car -1 -1 -1.49 796.80 196.89 918.10 279.03 1.54 1.62 3.91 4.90 1.87 15.10 -1.17 0.350
car -1 -1 0.05 624.36 193.83 660.07 219.85 1.54 1.62 3.91 2.10 3.07 47.30 0.10 0.289
pedestrian -1 -1 -0.29 771.01 194.22 793.91 248.87 1.41 0.50 1.32 5.00 2.11 21.00 -0.06 0.096
pedestrian -1 -1 -0.78 512.31 199.35 523.73 231.03 1.41 0.50 1.32 -4.40 2.70 34.20 -0.90 0.059
