car -1 -1 -1.27 297.64 177.82 475.70 294.00 1.54 1.62 3.91 -3.30 1.47 11.30 -1.55 1.000
car -1 -1 1.55 470.95 169.37 497.13 193.12 1.46 1.49 2.95 -8.60 0.93 52.00 1.39 0.863
car -1 -1 0.58 1063.60 152.67 1179.93 189.73 1.54 1.62 3.91 21.70 0.47 29.90 1.21 0.653
pedestrian -1 -1 -2.06 161.52 174.20 211.90 243.17 1.41 0.50 1.32 -10.60 1.30 17.80 -2.60 1.000
pedestrian -1 -1 -2.24 208.33 176.06 238.26 241.39 1.76 0.66 0.49 -10.80 1.48 20.10 -2.73 0.998
pedestrian -1 -1 -0.62 572.59 155.50 612.85 230.79 1.87 0.84 1.11 -0.30 1.33 18.90 -0.64 0.998
pedestrian -1 -1 -0.49 302.39 161.61 332.15 226.72 1.41 0.50 1.32 -6.40 1.11 16.20 -0.87 0.926
pedestrian -1 -1 -1.08 1192.03 125.20 1215.72 210.43 1.75 0.62 1.83 12.80 0.88 14.20 -0.35 0.636
pedestrian -1 -1 0.04 1076.37 132.09 1108.45 202.82 1.76 0.66 0.49 13.80 0.68 20.10 0.64 0.246
pedestrian -1 -1 -0.18 837.21 153.40 854.11 196.33 1.77 0.62 0.88 11.80 0.68 34.50 0.15 0.087
cyclist -1 -1 -0.48 877.72 150.94 904.70 202.36 1.87 0.84 1.11 11.10 0.73 27.50 -0.09 0.999
cyclist -1 -1 0.86 1158.74 131.75 1223.00 214.40 1.87 0.84 1.11 15.10 0.93 18.30 1.55 0.987
cyclist -1 -1 0.01 826.96 151.96 862.43 195.72 1.75 0.62 1.83 13.60 0.48 40.80 0.33 0.983
cyclist -1 -1 -0.27 1049.70 137.72 1134.92 193.87 1.87 0.84 1.11 12.30 0.73 18.10 0.33 0.847
cyclist -1 -1 -0.78 289.26 163.01 344.63 231.71 1.41 0.50 1.32 -6.60 1.11 16.00 -1.17 0.196
cyclist -1 -1 -1.79 151.17 173.53 232.62 248.40 1.41 0.50 1.32 -6.00 1.30 10.20 -2.33 0.188
