car -1 -1 -1.37 444.70 185.03 510.24 229.16 1.54 1.62 3.91 -4.50 1.47 25.30 -1.54 1.000
car -1 -1 -1.38 311.84 189.31 461.27 275.71 1.54 1.62 3.91 -4.10 1.67 13.90 -1.67 0.999
car -1 -1 -1.66 577.95 179.10 609.03 209.93 1.54 1.62 3.91 -0.70 1.27 41.70 -1.68 0.999
car -1 -1 -1.07 120.63 175.96 303.38 266.43 1.54 1.62 3.91 -8.30 1.47 15.70 -1.56 0.998
car -1 -1 -1.42 484.37 184.76 526.86 214.46 1.46 1.49 2.95 -5.40 1.53 37.60 -1.56 0.992
car -1 -1 -0.03 313.12 189.08 372.55 226.96 1.46 1.49 2.95 -10.80 1.53 29.40 -0.38 0.981
car -1 -1 -1.52 503.50 181.44 540.21 207.20 1.54 1.62 3.91 -4.50 1.27 39.10 -1.64 0.913
car -1 -1 -1.06 394.04 178.17 446.50 213.27 1.54 1.62 3.91 -9.70 1.27 37.30 -1.32 0.716
car -1 -1 -0.76 276.44 172.60 362.87 218.69 1.54 1.62 3.91 -11.50 1.27 29.50 -1.13 0.162
car -1 -1 -0.23 365.09 185.21 414.97 224.82 1.46 1.49 2.95 -8.80 1.53 29.40 -0.53 0.075
