car -1 -1 1.28 891.34 168.64 1031.49 238.05 1.46 1.49 2.95 8.60 1.53 17.80 1.73 1.000
car -1 -1 -2.00 400.52 186.51 519.05 267.20 1.54 1.62 3.91 -2.90 1.67 14.70 -2.19 1.000
car -1 -1 -1.75 285.26 188.96 348.46 226.88 1.46 1.49 2.95 -12.40 2.13 30.80 -2.14 0.998
car -1 -1 -0.70 244.24 181.37 278.95 202.20 1.54 1.62 3.91 -33.30 2.67 69.30 -1.15 0.956
car -1 -1 2.05 454.57 173.86 561.39 211.76 1.54 1.62 3.91 -4.50 1.67 32.50 1.92 0.929
car -1 -1 1.75 70.96 189.04 127.84 221.15 1.46 1.49 2.95 -28.60 2.73 40.60 1.14 0.927
car -1 -1 0.98 432.45 176.64 488.99 213.90 1.54 1.62 3.91 -6.90 1.87 33.30 0.78 0.914
car -1 -1 -1.88 518.75 161.64 835.43 322.34 1.54 1.62 3.91 0.50 1.47 8.70 -1.82 0.882
car -1 -1 -1.66 273.02 184.31 327.14 216.85 1.46 1.49 2.95 -15.00 1.93 35.00 -2.07 0.560
car -1 -1 2.27 97.03 187.25 142.01 213.96 1.46 1.49 2.95 -33.60 2.73 49.60 1.68 0.339
car -1 -1 -1.80 700.17 170.13 835.89 307.02 1.46 1.49 2.95 2.00 1.53 10.00 -1.60 0.171
car -1 -1 0.60 794.17 172.57 883.83 228.02 1.54 1.62 3.91 6.10 1.47 20.90 0.88 0.165
car -1 -1 0.88 967.90 164.46 1178.56 217.23 1.54 1.62 3.91 12.50 1.27 19.70 1.45 0.108
car -1 -1 0.38 567.57 161.67 665.84 248.41 1.54 1.62 3.91 0.10 1.47 15.70 0.39 0.060
cyclist -1 -1 -1.37 900.42 166.98 945.31 235.90 1.87 0.84 1.11 8.30 1.73 19.10 -0.96 0.971
