pedestrian -1 -1 1.13 488.52 145.35 512.35 212.08 1.41 0.50 1.32 -2.60 0.70 17.60 0.98 1.000
pedestrian -1 -1 1.67 823.27 151.00 897.02 292.55 1.77 0.62 0.88 3.10 1.48 8.80 2.01 1.000
pedestrian -1 -1 1.11 1022.72 153.40 1154.10 355.66 1.87 0.84 1.11 4.70 1.53 6.90 1.71 1.000
pedestrian -1 -1 1.32 517.83 151.10 535.85 211.83 1.41 0.50 1.32 -2.00 0.70 18.00 1.21 0.998
pedestrian -1 -1 -2.11 439.20 144.64 467.26 208.01 1.41 0.50 1.32 -3.80 0.50 17.60 -2.32 0.995
pedestrian -1 -1 1.50 646.78 140.43 663.91 198.17 1.77 0.62 0.88 1.60 0.68 22.70 1.57 0.965
pedestrian -1 -1 -0.68 619.08 142.96 635.10 190.98 1.77 0.62 0.88 0.80 0.48 26.30 -0.65 0.834
pedestrian -1 -1 -2.07 280.46 134.01 312.77 244.62 1.76 0.66 0.49 -4.90 1.08 11.40 -2.47 0.827
pedestrian -1 -1 0.24 353.68 144.28 380.94 192.96 1.41 0.50 1.32 -7.00 0.50 20.80 -0.09 0.479
pedestrian -1 -1 -0.63 232.70 132.69 287.50 297.31 1.76 0.66 0.49 -4.00 1.28 8.10 -1.09 0.412
pedestrian -1 -1 1.21 420.14 140.09 436.95 204.86 1.76 0.66 0.49 -4.50 0.68 18.20 0.96 0.412
pedestrian -1 -1 -0.13 331.33 146.02 366.71 190.92 1.41 0.50 1.32 -11.60 0.10 31.60 -0.48 0.382
pedestrian -1 -1 0.17 385.89 141.02 404.91 193.40 1.41 0.50 1.32 -6.20 0.50 20.80 -0.12 0.087
pedestrian -1 -1 1.45 1092.09 149.19 1139.03 210.22 1.41 0.50 1.32 16.20 0.50 22.20 2.08 0.065
cyclist -1 -1 -1.77 251.45 136.00 325.59 250.39 1.77 0.62 0.88 -5.10 1.08 11.40 -2.19 0.598
cyclist -1 -1 -0.69 412.03 141.63 473.60 208.70 1.75 0.62 1.83 -4.20 0.88 17.80 -0.92 0.446
cyclist -1 -1 1.54 511.88 146.65 544.84 199.41 1.41 0.50 1.32 -3.20 0.10 30.40 1.44 0.206
cyclist -1 -1 0.41 378.16 143.13 414.86 191.36 1.41 0.50 1.32 -5.80 0.50 20.00 0.13 0.132
cyclist -1 -1 0.40 338.84 143.64 399.72 190.95 1.87 0.84 1.11 -6.70 0.73 20.70 0.09 0.065
