car -1 -1 1.63 435.28 182.21 515.12 237.95 1.54 1.62 3.91 -3.70 1.87 20.70 1.45 0.999
car -1 -1 1.72 241.37 181.50 431.77 300.22 1.54 1.62 3.91 -4.50 1.87 12.30 1.37 0.999
car -1 -1 1.52 370.57 187.18 484.14 254.88 1.46 1.49 2.95 -4.60 1.93 18.00 1.27 0.997
car -1 -1 0.39 94.75 174.52 225.91 216.91 1.54 1.62 3.91 -17.90 1.67 28.50 -0.17 0.995
car -1 -1 -1.77 710.93 172.17 779.68 223.68 1.54 1.62 3.91 4.70 1.67 25.90 -1.59 0.938
car -1 -1 1.90 0.30 179.83 320.94 372.40 1.46 1.49 2.95 -4.20 1.73 7.80 1.40 0.898
car -1 -1 1.74 566.68 177.15 598.60 201.84 1.54 1.62 3.91 -1.90 1.87 47.50 1.70 0.892
car -1 -1 -1.64 696.17 174.11 740.18 204.55 1.54 1.62 3.91 5.90 1.67 39.30 -1.49 0.615
cyclist -1 -1 0.60 60.58 181.79 142.61 254.61 1.68 0.41 1.64 -12.90 1.94 18.30 -0.02 0.414
cyclist -1 -1 0.98 333.68 181.32 374.69 213.17 1.75 0.62 1.83 -15.00 2.08 42.40 0.64 0.210
cyclist -1 -1 0.89 178.58 175.07 266.10 231.11 1.75 0.62 1.83 -12.80 1.68 23.40 0.39 0.106
