car -1 -1 -1.90 754.22 180.20 920.89 293.95 1.54 1.62 3.91 3.50 1.67 11.50 -1.61 0.999
car -1 -1 -1.72 719.75 178.13 820.73 249.91 1.46 1.49 2.95 3.60 1.53 16.60 -1.51 0.999
car -1 -1 1.51 455.90 177.90 514.95 221.31 1.54 1.62 3.91 -4.90 1.87 28.10 1.33 0.999
car -1 -1 1.65 194.58 190.91 400.03 300.34 1.46 1.49 2.95 -4.80 1.73 11.00 1.24 0.998
car -1 -1 -1.63 694.67 177.77 767.45 228.90 1.46 1.49 2.95 3.60 1.73 23.00 -1.47 0.992
car -1 -1 -2.14 815.49 183.78 1239.39 367.40 1.54 1.62 3.91 3.30 1.47 6.10 -1.65 0.991
car -1 -1 1.44 485.46 177.72 537.22 215.12 1.54 1.62 3.91 -4.10 1.87 30.50 1.30 0.991
car -1 -1 -0.74 65.88 185.31 175.62 228.59 1.46 1.49 2.95 -17.60 1.93 26.00 -1.34 0.702
car -1 -1 0.67 24.16 186.93 200.19 255.30 1.46 1.49 2.95 -12.00 1.93 17.40 0.07 0.532
car -1 -1 1.59 2.63 196.92 325.03 350.60 1.54 1.62 3.91 -4.70 1.87 8.90 1.10 0.094
car -1 -1 -1.77 994.17 173.85 1087.40 212.18 1.54 1.62 3.91 18.90 1.67 31.90 -1.24 0.085
car -1 -1 -1.81 1100.22 176.44 1227.06 223.43 1.46 1.49 2.95 18.60 1.73 24.20 -1.16 0.055
