car -1 -1 -1.53 428.15 181.21 513.29 239.71 1.54 1.62 3.91 -3.90 1.47 20.10 -1.73 1.000
car -1 -1 -1.64 698.12 186.57 807.23 265.96 1.54 1.62 3.91 2.90 1.47 14.90 -1.45 0.999
car -1 -1 -1.11 232.80 185.46 444.47 313.54 1.54 1.62 3.91 -3.70 1.47 10.10 -1.46 0.999
car -1 -1 -1.63 649.49 181.94 701.92 219.60 1.54 1.62 3.91 2.70 1.47 30.70 -1.54 0.999
car -1 -1 -1.31 471.87 181.20 535.07 223.81 1.54 1.62 3.91 -3.70 1.47 25.50 -1.46 0.998
car -1 -1 -1.04 380.39 182.91 438.77 216.70 1.54 1.62 3.91 -9.30 1.47 34.50 -1.30 0.955
car -1 -1 -1.00 275.03 185.97 357.41 220.10 1.54 1.62 3.91 -12.70 1.47 31.70 -1.38 0.567
car -1 -1 -0.59 504.57 182.07 539.27 213.89 1.46 1.49 2.95 -4.40 1.33 37.60 -0.71 0.448
car -1 -1 0.91 5.74 156.17 125.08 216.15 2.48 1.81 4.73 -27.30 1.34 36.20 0.26 0.447
cyclist -1 -1 1.25 757.94 189.15 783.65 217.80 1.41 0.50 1.32 9.00 1.50 39.60 1.47 0.078
