car -1 -1 -1.84 756.00 193.11 979.51 338.97 1.46 1.49 2.95 3.00 1.73 8.80 -1.51 1.000
car -1 -1 -1.64 669.67 181.15 757.78 246.05 1.54 1.62 3.91 2.50 1.67 18.70 -1.51 1.000
car -1 -1 0.15 335.32 182.30 487.73 230.17 1.54 1.62 3.91 -6.10 1.87 23.50 -0.10 0.998
car -1 -1 0.69 634.37 169.57 669.81 198.33 1.54 1.62 3.91 2.50 1.47 43.90 0.75 0.993
car -1 -1 -1.88 227.02 186.06 402.91 255.40 1.54 1.62 3.91 -6.70 1.87 16.30 -2.27 0.992
car -1 -1 -2.39 124.15 192.42 343.60 283.54 1.46 1.49 2.95 -6.20 1.73 12.20 -2.86 0.985
car -1 -1 -2.51 472.68 177.10 540.79 207.71 1.46 1.49 2.95 -5.00 1.73 34.60 -2.66 0.968
car -1 -1 0.12 654.02 181.21 693.17 216.19 1.46 1.49 2.95 2.40 1.73 28.00 0.21 0.704
car -1 -1 -1.50 38.55 189.33 283.77 336.05 1.46 1.49 2.95 -5.40 1.93 9.00 -2.04 0.262
car -1 -1 -1.94 501.64 175.52 548.95 199.38 1.46 1.49 2.95 -5.40 1.73 48.20 -2.05 0.175
pedestrian -1 -1 0.02 948.57 138.46 997.77 240.37 1.77 0.62 0.88 8.10 1.28 16.20 0.48 0.309
cyclist -1 -1 0.28 920.24 160.77 1014.77 233.89 1.41 0.50 1.32 7.80 1.30 15.40 0.75 0.054
