car -1 -1 -1.30 341.14 188.67 471.95 264.33 1.54 1.62 3.91 -4.10 1.67 15.50 -1.56 0.999
car -1 -1 -1.38 455.47 181.96 512.45 223.03 1.46 1.49 2.95 -4.60 1.33 27.20 -1.54 0.999
car -1 -1 -1.60 577.20 177.81 610.41 209.15 1.54 1.62 3.91 -0.90 1.27 42.70 -1.62 0.997
car -1 -1 -1.53 487.28 182.07 528.49 211.32 1.46 1.49 2.95 -4.80 1.33 34.40 -1.67 0.995
car -1 -1 -1.49 505.28 178.06 541.19 204.71 1.54 1.62 3.91 -4.50 1.07 38.90 -1.60 0.941
car -1 -1 -0.88 398.11 179.37 456.10 212.82 1.46 1.49 2.95 -9.20 1.33 37.40 -1.12 0.829
car -1 -1 -0.09 324.89 186.61 396.95 233.46 1.46 1.49 2.95 -8.40 1.53 24.60 -0.42 0.422
car -1 -1 -0.06 191.69 175.25 316.07 253.80 1.54 1.62 3.91 -8.30 1.47 17.30 -0.51 0.331
car -1 -1 -0.41 291.76 168.30 365.42 223.05 1.54 1.62 3.91 -9.70 1.07 25.70 -0.77 0.130
car -1 -1 -0.50 385.40 180.62 421.19 208.37 1.46 1.49 2.95 -11.80 1.33 41.60 -0.78 0.074
