car -1 -1 1.06 826.60 186.35 1123.08 363.79 1.54 1.62 3.91 3.90 1.67 8.50 1.49 1.000
car -1 -1 1.72 542.17 166.26 589.92 201.65 1.54 1.62 3.91 -1.90 1.27 32.70 1.66 0.999
car -1 -1 -0.04 747.49 184.35 885.13 270.44 1.54 1.62 3.91 3.90 1.67 14.50 0.23 0.999
car -1 -1 -1.37 732.22 179.23 810.25 240.96 1.46 1.49 2.95 4.00 1.53 18.80 -1.16 0.998
car -1 -1 1.33 341.23 144.63 524.92 301.78 1.54 1.62 3.91 -2.30 1.27 9.90 1.10 0.998
car -1 -1 -1.69 710.32 174.38 766.81 222.11 1.46 1.49 2.95 4.40 1.53 25.40 -1.51 0.995
car -1 -1 -1.66 689.11 176.44 734.82 210.59 1.46 1.49 2.95 4.40 1.73 31.20 -1.52 0.995
car -1 -1 -0.81 677.53 171.59 714.83 202.84 1.46 1.49 2.95 4.20 1.33 34.40 -0.69 0.697
car -1 -1 0.98 434.64 165.47 545.66 251.18 1.54 1.62 3.91 -2.30 1.47 14.30 0.82 0.661
car -1 -1 0.72 844.38 181.86 926.12 246.07 1.46 1.49 2.95 7.20 1.73 19.20 1.08 0.111
car -1 -1 1.69 479.07 173.53 549.61 215.26 1.46 1.49 2.95 -3.40 1.53 27.80 1.57 0.068
car -1 -1 1.58 853.26 185.89 1056.41 254.35 1.54 1.62 3.91 7.70 1.67 16.10 2.02 0.065
car -1 -1 0.95 748.66 176.28 800.95 210.22 1.54 1.62 3.91 8.10 1.67 36.10 1.18 0.064
