car -1 -1 -1.02 0.00 191.63 470.66 372.11 1.54 1.62 3.91 -2.70 1.67 6.10 -1.43 1.000
car -1 -1 -1.69 661.41 173.98 738.64 233.51 1.54 1.62 3.91 2.30 1.47 18.70 -1.57 0.999
car -1 -1 -1.52 634.02 172.56 697.91 206.92 1.46 1.49 2.95 2.40 1.53 31.80 -1.44 0.998
car -1 -1 -1.54 523.08 172.94 563.01 207.01 1.54 1.62 3.91 -3.50 1.67 40.10 -1.62 0.989
car -1 -1 1.26 227.11 187.04 440.43 291.50 1.46 1.49 2.95 -4.20 1.73 11.60 0.92 0.854
car -1 -1 1.97 329.34 188.06 442.24 240.52 1.46 1.49 2.95 -7.00 1.93 22.60 1.67 0.333
car -1 -1 -1.37 543.11 174.49 574.33 198.18 1.54 1.62 3.91 -2.90 1.47 41.70 -1.44 0.167
car -1 -1 -1.63 632.16 172.04 662.36 203.11 1.46 1.49 2.95 2.20 1.53 44.20 -1.58 0.104
car -1 -1 0.29 326.40 182.84 399.97 222.47 1.46 1.49 2.95 -8.60 1.73 25.40 -0.03 0.073
car -1 -1 -0.69 824.55 202.32 1230.03 373.96 1.46 1.49 2.95 1.60 1.73 3.60 -0.27 0.066
pedestrian -1 -1 -1.61 256.53 158.17 299.39 295.76 1.76 0.66 0.49 -4.80 1.48 10.10 -2.06 0.947
pedestrian -1 -1 -1.64 315.41 160.99 346.32 261.19 1.76 0.66 0.49 -5.00 1.68 12.70 -2.01 0.935
