car -1 -1 1.79 241.53 195.26 455.23 337.33 1.54 1.62 3.91 -3.10 1.87 9.70 1.49 0.999
car -1 -1 -1.68 740.52 169.79 916.85 294.19 1.54 1.62 3.91 3.30 1.67 11.30 -1.39 0.999
car -1 -1 1.29 544.07 174.18 579.30 203.46 1.54 1.62 3.91 -2.50 1.67 38.10 1.23 0.998
car -1 -1 -1.94 859.97 206.55 1241.00 372.16 1.54 1.62 3.91 3.70 1.67 6.90 -1.45 0.997
car -1 -1 0.72 678.85 179.89 748.23 226.32 1.54 1.62 3.91 3.50 1.87 25.10 0.86 0.997
car -1 -1 1.46 467.61 170.17 551.19 236.21 1.54 1.62 3.91 -2.90 1.47 21.30 1.33 0.984
car -1 -1 0.23 705.54 177.79 791.76 242.02 1.54 1.62 3.91 3.50 1.67 19.90 0.41 0.957
car -1 -1 -0.42 649.45 172.97 689.24 203.91 1.54 1.62 3.91 2.90 1.67 36.90 -0.34 0.575
car -1 -1 -0.79 665.49 175.88 708.70 209.06 1.54 1.62 3.91 3.50 1.67 33.50 -0.69 0.549
car -1 -1 -0.97 799.31 173.09 879.79 210.46 1.54 1.62 3.91 9.50 1.47 29.90 -0.66 0.149
