car -1 -1 -1.80 740.69 191.61 1007.93 357.81 1.46 1.49 2.95 3.00 1.93 8.80 -1.47 0.999
car -1 -1 1.76 419.59 188.36 467.93 220.51 1.54 1.62 3.91 -9.10 2.47 39.50 1.53 0.997
car -1 -1 -1.76 606.92 187.91 667.58 238.34 1.54 1.62 3.91 0.90 2.07 22.90 -1.72 0.995
car -1 -1 -1.59 594.12 183.82 640.72 225.48 1.54 1.62 3.91 0.30 1.87 28.50 -1.58 0.991
car -1 -1 2.18 810.77 168.86 955.08 224.44 1.54 1.62 3.91 9.10 1.47 23.90 2.55 0.932
car -1 -1 1.87 750.47 178.09 856.02 212.89 1.54 1.62 3.91 8.10 1.67 30.30 2.13 0.927
car -1 -1 -0.32 219.26 195.12 295.27 220.46 1.54 1.62 3.91 -22.30 2.87 45.90 -0.77 0.892
car -1 -1 1.42 807.85 177.42 880.28 222.18 1.46 1.49 2.95 8.20 1.73 25.60 1.73 0.656
car -1 -1 1.76 10.68 211.66 254.82 371.48 1.46 1.49 2.95 -5.00 1.93 8.60 1.24 0.523
car -1 -1 -1.17 581.22 182.14 602.10 202.75 1.54 1.62 3.91 -1.50 2.47 60.30 -1.19 0.450
car -1 -1 1.84 443.05 189.29 477.42 216.06 1.46 1.49 2.95 -9.40 2.73 46.40 1.64 0.266
car -1 -1 1.60 1055.44 171.48 1184.54 209.41 1.54 1.62 3.91 17.90 1.47 25.10 2.22 0.244
car -1 -1 1.26 943.04 172.66 1048.69 203.80 1.54 1.62 3.91 18.10 1.47 34.10 1.75 0.107
pedestrian -1 -1 -1.42 828.52 168.76 842.05 201.56 1.75 0.62 1.83 13.20 1.68 42.40 -1.12 0.177
