car -1 -1 -0.43 242.84 196.07 293.49 231.38 1.46 1.49 2.95 -17.40 2.73 36.60 -0.87 0.998
car -1 -1 1.79 441.90 189.98 494.12 225.68 1.54 1.62 3.91 -6.30 2.27 33.10 1.60 0.998
car -1 -1 1.88 0.00 203.53 274.26 357.09 1.54 1.62 3.91 -5.90 1.87 9.90 1.34 0.996
car -1 -1 1.54 471.29 186.32 509.98 215.05 1.46 1.49 2.95 -6.00 2.13 35.80 1.37 0.991
car -1 -1 -0.25 648.61 173.78 691.10 206.49 1.54 1.62 3.91 2.90 1.67 35.30 -0.17 0.989
car -1 -1 -1.59 875.55 185.46 1233.39 374.00 1.46 1.49 2.95 2.80 1.73 4.60 -1.05 0.967
car -1 -1 -1.19 168.58 196.84 256.39 229.31 1.54 1.62 3.91 -23.50 3.07 42.30 -1.69 0.884
car -1 -1 1.68 494.67 181.16 529.82 208.48 1.54 1.62 3.91 -6.30 2.27 47.30 1.55 0.732
car -1 -1 -1.40 97.79 203.44 160.92 230.74 1.46 1.49 2.95 -29.20 3.33 43.60 -1.99 0.522
car -1 -1 0.42 607.02 174.98 658.09 197.33 1.54 1.62 3.91 1.50 1.87 54.90 0.45 0.170
cyclist -1 -1 0.26 391.15 187.18 414.33 221.14 1.41 0.50 1.32 -13.00 2.70 46.00 -0.02 0.052
