car -1 -1 -1.83 743.70 174.38 983.31 331.42 1.54 1.62 3.91 2.70 1.47 8.90 -1.53 0.999
car -1 -1 -1.35 237.04 171.39 432.03 260.05 1.54 1.62 3.91 -5.90 1.67 16.10 -1.71 0.995
car -1 -1 -1.76 658.50 169.08 700.44 206.36 1.54 1.62 3.91 3.10 1.47 32.10 -1.66 0.723
car -1 -1 1.70 547.71 173.33 573.69 197.31 1.54 1.62 3.91 -3.70 1.87 56.50 1.64 0.619
car -1 -1 -1.41 668.64 174.35 751.86 220.37 1.46 1.49 2.95 3.60 1.73 26.20 -1.28 0.397
car -1 -1 -1.69 644.45 170.20 682.80 196.93 1.54 1.62 3.91 2.90 1.47 39.50 -1.62 0.396
car -1 -1 -0.76 697.21 163.35 853.34 245.03 1.54 1.62 3.91 3.90 1.47 17.70 -0.55 0.319
pedestrian -1 -1 1.97 41.57 200.44 164.35 374.00 1.76 0.66 0.49 -3.90 1.68 5.60 1.36 0.978
pedestrian -1 -1 -1.17 907.35 165.04 926.75 219.91 1.76 0.66 0.49 10.80 1.48 25.30 -0.77 0.069
cyclist -1 -1 1.57 0.00 196.46 196.87 374.00 1.41 0.50 1.32 -3.80 1.90 5.40 0.96 0.982
cyclist -1 -1 -0.27 885.81 172.11 951.26 212.12 1.41 0.50 1.32 11.00 1.30 25.40 0.14 0.603
