car -1 -1 2.00 61.24 190.27 317.32 323.23 1.54 1.62 3.91 -5.70 1.67 10.30 1.49 1.000
car -1 -1 -1.87 747.04 180.06 934.90 297.71 1.54 1.62 3.91 3.10 1.67 10.50 -1.58 0.998
car -1 -1 1.89 251.23 183.22 405.55 270.62 1.46 1.49 2.95 -5.40 1.73 14.20 1.52 0.997
car -1 -1 0.78 472.19 178.26 531.26 202.70 1.54 1.62 3.91 -7.30 1.87 47.50 0.63 0.994
car -1 -1 2.17 257.52 178.25 316.26 213.79 1.46 1.49 2.95 -16.00 1.93 35.60 1.75 0.978
car -1 -1 -1.86 844.38 182.24 1241.00 374.00 1.46 1.49 2.95 2.60 1.73 5.00 -1.38 0.909
car -1 -1 0.09 1027.10 164.70 1101.16 191.05 1.54 1.62 3.91 27.10 1.07 43.30 0.65 0.145
car -1 -1 1.87 626.01 166.82 681.99 190.81 2.48 1.81 4.73 4.10 1.94 70.80 1.93 0.085
pedestrian -1 -1 -0.98 669.19 167.88 682.63 202.34 1.75 0.62 1.83 4.60 1.68 49.40 -0.89 0.916
cyclist -1 -1 -1.18 667.15 171.06 686.30 202.57 1.41 0.50 1.32 4.60 1.71 48.20 -1.08 0.339
cyclist -1 -1 1.02 996.04 179.24 1092.88 250.47 1.41 0.50 1.32 9.20 1.50 15.60 1.56 0.111
