car -1 -1 1.62 324.67 184.51 504.71 297.63 1.54 1.62 3.91 -2.90 1.67 11.30 1.37 1.000
car -1 -1 1.78 500.95 178.91 549.96 222.56 1.46 1.49 2.95 -2.80 1.73 25.40 1.67 0.998
car -1 -1 -1.58 721.68 189.62 899.68 303.43 1.46 1.49 2.95 2.60 1.73 10.20 -1.33 0.998
car -1 -1 1.24 666.49 183.70 708.32 216.67 1.46 1.49 2.95 3.40 1.93 32.20 1.35 0.997
car -1 -1 0.61 688.84 188.61 774.65 256.03 1.46 1.49 2.95 2.60 1.73 16.40 0.77 0.996
car -1 -1 1.60 443.77 178.50 521.90 248.72 1.54 1.62 3.91 -3.10 1.67 17.70 1.43 0.985
car -1 -1 1.75 529.19 178.63 569.52 209.73 1.46 1.49 2.95 -2.60 1.73 32.40 1.67 0.977
car -1 -1 -0.33 647.39 177.74 677.60 198.64 1.54 1.62 3.91 3.50 1.87 48.10 -0.26 0.253
car -1 -1 0.57 804.81 171.40 1241.00 367.36 1.46 1.49 2.95 2.60 1.53 5.20 1.03 0.222
cyclist -1 -1 -0.90 678.86 177.60 715.49 215.07 1.41 0.50 1.32 3.60 1.71 28.80 -0.78 0.435
