car -1 -1 0.50 0.00 166.07 437.20 365.56 1.54 1.62 3.91 -2.30 1.27 5.90 0.12 0.556
car -1 -1 1.43 386.68 155.09 471.90 229.64 2.48 1.81 4.73 -5.60 1.54 23.70 1.20 0.506
car -1 -1 -0.42 209.49 159.59 414.03 277.96 1.54 1.62 3.91 -4.50 1.27 11.70 -0.79 0.300
car -1 -1 0.40 33.03 170.25 313.17 277.21 1.46 1.49 2.95 -6.20 1.33 10.60 -0.12 0.235
car -1 -1 1.51 429.15 160.33 509.45 215.83 1.54 1.62 3.91 -3.90 1.07 22.50 1.33 0.126
car -1 -1 1.14 308.17 162.13 419.83 232.31 2.48 1.81 4.73 -7.60 1.54 23.70 0.83 0.065
pedestrian -1 -1 -1.09 889.59 136.52 981.88 291.31 1.77 0.62 0.88 3.80 1.28 8.50 -0.67 1.000
pedestrian -1 -1 -2.70 476.77 150.29 519.33 314.06 1.76 0.66 0.49 -1.30 1.48 8.20 -2.85 0.999
pedestrian -1 -1 1.66 1148.50 140.61 1226.33 304.99 1.76 0.66 0.49 6.90 1.08 8.60 2.34 0.995
pedestrian -1 -1 0.74 518.05 160.33 560.41 295.19 1.76 0.66 0.49 -0.90 1.48 10.40 0.66 0.995
pedestrian -1 -1 -0.26 576.43 155.76 592.98 218.55 1.76 0.66 0.49 -0.50 1.28 22.20 -0.29 0.569
pedestrian -1 -1 -2.57 636.81 166.58 645.93 201.53 1.68 0.41 1.64 2.10 0.94 35.50 -2.51 0.155
pedestrian -1 -1 1.85 718.03 170.69 739.80 235.51 1.41 0.50 1.32 2.80 1.30 16.20 2.02 0.105
pedestrian -1 -1 1.63 686.98 172.92 709.90 229.47 1.41 0.50 1.32 2.80 1.30 20.60 1.77 0.075
cyclist -1 -1 2.30 665.10 174.58 717.27 228.06 1.41 0.50 1.32 2.00 1.30 17.60 2.41 0.598
