car -1 -1 -1.84 756.19 182.76 963.56 301.53 1.54 1.62 3.91 3.50 1.67 10.70 -1.52 1.000
car -1 -1 1.78 129.26 193.57 382.77 323.54 1.54 1.62 3.91 -4.70 1.87 10.10 1.34 1.000
car -1 -1 -1.66 721.82 182.36 828.31 258.29 1.46 1.49 2.95 3.60 1.73 16.40 -1.44 0.998
car -1 -1 -1.54 690.29 178.25 743.77 221.30 1.46 1.49 2.95 3.80 1.73 25.60 -1.39 0.995
car -1 -1 1.75 316.68 189.15 453.06 262.63 1.46 1.49 2.95 -4.80 1.73 15.20 1.44 0.995
car -1 -1 1.59 485.14 178.92 535.02 214.99 1.54 1.62 3.91 -4.70 1.87 34.70 1.45 0.994
car -1 -1 -1.72 705.97 179.69 785.92 235.77 1.54 1.62 3.91 3.50 1.67 20.30 -1.55 0.992
car -1 -1 -1.22 952.60 174.11 1056.36 208.33 1.54 1.62 3.91 18.70 1.67 33.90 -0.72 0.959
car -1 -1 1.37 510.44 178.61 551.09 208.22 1.54 1.62 3.91 -4.30 1.87 39.50 1.26 0.946
car -1 -1 -1.68 892.46 173.37 1229.89 369.15 1.46 1.49 2.95 3.40 1.53 5.00 -1.08 0.284
car -1 -1 -0.05 1133.21 174.86 1229.12 225.28 1.46 1.49 2.95 21.00 1.73 26.60 0.62 0.123
