car -1 -1 -2.03 222.73 174.83 424.70 253.58 1.54 1.62 3.91 -6.30 1.67 16.30 -2.40 0.998
car -1 -1 -1.64 633.01 180.72 671.50 212.70 1.54 1.62 3.91 2.10 1.87 36.30 -1.58 0.997
car -1 -1 -0.14 731.56 183.56 873.57 237.08 1.54 1.62 3.91 5.70 1.87 21.70 0.12 0.997
car -1 -1 0.15 55.49 183.73 395.11 293.90 1.54 1.62 3.91 -5.90 1.67 10.30 -0.37 0.997
car -1 -1 -1.19 387.03 182.09 507.05 221.57 1.54 1.62 3.91 -6.50 2.07 29.30 -1.41 0.995
car -1 -1 -0.83 897.98 185.06 1135.11 300.47 1.46 1.49 2.95 5.60 1.53 10.00 -0.32 0.978
car -1 -1 -2.27 300.48 179.90 460.84 234.27 1.54 1.62 3.91 -5.70 1.67 18.90 -2.56 0.835
car -1 -1 -0.58 970.47 192.03 1241.00 322.64 1.46 1.49 2.95 7.00 1.73 8.80 0.09 0.193
car -1 -1 -0.33 859.11 187.62 1026.43 268.35 1.46 1.49 2.95 5.80 1.73 13.20 0.09 0.185
car -1 -1 -0.40 469.94 178.03 539.76 204.73 1.54 1.62 3.91 -6.30 1.87 44.30 -0.54 0.169
