car -1 -1 -1.28 360.92 177.81 494.44 266.34 1.54 1.62 3.91 -3.30 1.47 13.70 -1.52 1.000
car -1 -1 -1.23 1111.83 139.83 1220.17 184.65 2.48 1.81 4.73 29.90 0.34 37.00 -0.55 0.977
car -1 -1 1.62 472.49 170.80 500.35 188.82 1.46 1.49 2.95 -11.60 0.73 70.00 1.46 0.179
pedestrian -1 -1 0.96 212.12 175.71 233.98 230.87 1.76 0.66 0.49 -13.10 1.68 24.20 0.46 1.000
pedestrian -1 -1 -1.21 251.14 169.18 275.72 236.32 1.76 0.66 0.49 -10.10 1.48 20.80 -1.66 0.999
pedestrian -1 -1 -0.96 548.66 156.11 585.57 223.67 1.87 0.84 1.11 -1.10 1.33 20.90 -1.01 0.999
pedestrian -1 -1 -1.55 272.38 172.69 294.75 237.66 1.76 0.66 0.49 -9.50 1.48 20.80 -1.98 0.267
pedestrian -1 -1 0.41 961.79 137.50 988.29 199.59 1.76 0.66 0.49 11.70 0.88 22.40 0.90 0.179
pedestrian -1 -1 1.70 1143.31 149.00 1159.53 196.20 1.76 0.66 0.49 26.40 0.28 34.10 2.36 0.175
cyclist -1 -1 -1.44 853.66 154.28 874.85 199.18 1.77 0.62 0.88 12.00 0.68 32.90 -1.09 0.999
cyclist -1 -1 -0.19 760.92 153.92 794.35 195.72 1.75 0.62 1.83 8.80 0.68 36.00 0.05 0.995
cyclist -1 -1 0.67 943.18 139.84 1009.71 196.47 1.87 0.84 1.11 11.70 0.73 22.50 1.15 0.972
cyclist -1 -1 -1.67 244.46 169.97 328.00 241.22 1.68 0.41 1.64 -8.30 1.74 18.70 -2.09 0.922
cyclist -1 -1 -0.79 1022.30 144.08 1096.59 203.12 1.87 0.84 1.11 11.10 0.73 17.70 -0.23 0.193
