car -1 -1 -1.61 750.31 175.18 1025.85 365.01 1.54 1.62 3.91 2.50 1.47 7.70 -1.30 1.000
car -1 -1 1.81 179.77 197.19 436.26 358.99 1.54 1.62 3.91 -3.50 1.87 8.90 1.44 1.000
car -1 -1 1.65 364.40 193.38 483.39 280.74 1.46 1.49 2.95 -3.60 1.93 13.80 1.39 0.999
car -1 -1 -1.54 691.95 181.41 812.26 275.06 1.54 1.62 3.91 2.70 1.67 13.50 -1.34 0.998
car -1 -1 1.49 465.66 187.01 526.09 234.34 1.46 1.49 2.95 -3.80 2.13 24.60 1.34 0.996
car -1 -1 1.81 431.34 186.71 501.89 250.44 1.46 1.49 2.95 -4.00 1.93 19.40 1.61 0.960
car -1 -1 -1.67 677.54 181.00 736.74 234.93 1.46 1.49 2.95 2.80 1.73 22.20 -1.55 0.956
car -1 -1 -1.41 664.29 181.40 710.87 222.55 1.46 1.49 2.95 2.80 1.93 29.00 -1.31 0.640
car -1 -1 -0.30 630.17 176.80 665.67 204.41 1.54 1.62 3.91 2.50 2.07 48.10 -0.25 0.502
car -1 -1 0.59 862.77 219.75 1241.00 360.82 1.46 1.49 2.95 2.80 1.73 4.00 1.20 0.212
car -1 -1 -1.57 827.37 162.16 973.08 249.84 1.46 1.49 2.95 5.60 1.33 14.20 -1.20 0.128
