car -1 -1 -2.68 19.45 185.75 341.41 295.95 1.54 1.62 3.91 -6.70 1.67 11.10 -3.22 1.000
car -1 -1 0.21 795.81 183.39 1151.78 374.00 1.54 1.62 3.91 3.10 1.67 7.30 0.61 1.000
car -1 -1 -1.78 685.61 186.97 760.35 241.55 1.54 1.62 3.91 3.10 2.07 20.90 -1.63 0.999
car -1 -1 -2.43 174.66 182.10 412.43 268.96 1.54 1.62 3.91 -5.30 1.67 12.70 -2.82 0.991
car -1 -1 -0.71 344.49 178.54 473.33 237.18 1.54 1.62 3.91 -5.70 1.87 21.10 -0.97 0.986
car -1 -1 -1.32 407.89 176.80 502.87 221.74 1.46 1.49 2.95 -5.40 1.73 24.80 -1.54 0.971
car -1 -1 -0.78 723.45 178.58 790.96 220.37 1.54 1.62 3.91 5.70 1.87 29.10 -0.59 0.923
car -1 -1 -1.45 747.14 183.87 840.36 221.01 1.46 1.49 2.95 7.00 1.93 27.60 -1.20 0.823
car -1 -1 -1.60 453.74 181.99 528.91 210.11 1.54 1.62 3.91 -6.30 2.07 39.10 -1.76 0.653
car -1 -1 0.95 491.34 179.05 550.51 202.37 1.54 1.62 3.91 -5.90 2.07 49.90 0.83 0.566
car -1 -1 -0.34 711.38 176.40 751.60 208.51 1.54 1.62 3.91 6.70 1.87 40.50 -0.18 0.211
car -1 -1 0.12 635.25 166.89 669.69 202.36 2.48 1.81 4.73 3.00 2.14 51.30 0.18 0.199
car -1 -1 1.07 345.52 172.96 413.82 206.80 2.48 1.81 4.73 -18.30 2.54 57.60 0.76 0.080
pedestrian -1 -1 1.26 819.44 188.39 837.49 238.11 1.41 0.50 1.32 8.40 2.11 27.60 1.55 0.369
