car -1 -1 -1.68 687.44 174.96 816.70 271.84 1.54 1.62 3.91 2.70 1.67 13.90 -1.49 1.000
car -1 -1 -1.64 328.91 172.47 469.81 233.46 1.54 1.62 3.91 -5.50 1.67 19.90 -1.91 0.999
car -1 -1 -1.19 655.51 180.41 713.34 223.34 1.46 1.49 2.95 2.40 1.73 24.20 -1.09 0.997
car -1 -1 -2.55 128.52 183.73 395.52 271.11 1.54 1.62 3.91 -6.30 1.87 13.70 -2.98 0.995
car -1 -1 -1.97 431.10 175.65 521.21 211.75 1.54 1.62 3.91 -6.50 1.67 32.90 -2.17 0.992
car -1 -1 -1.47 638.16 180.41 674.21 208.34 1.54 1.62 3.91 2.50 1.87 40.30 -1.41 0.988
car -1 -1 -2.34 44.64 184.41 303.29 302.63 1.46 1.49 2.95 -6.40 1.73 10.60 -2.89 0.938
car -1 -1 -2.16 269.58 174.47 405.89 252.26 1.54 1.62 3.91 -6.70 1.67 18.30 -2.51 0.659
car -1 -1 -1.34 627.49 176.31 656.04 202.24 1.54 1.62 3.91 2.10 1.87 46.70 -1.30 0.609
car -1 -1 -1.50 668.85 180.37 750.91 240.86 1.54 1.62 3.91 2.50 1.67 18.30 -1.37 0.571
car -1 -1 -2.25 404.70 180.54 485.61 220.75 1.46 1.49 2.95 -6.20 1.93 28.00 -2.46 0.386
