car -1 -1 -1.85 742.32 178.63 966.80 342.09 1.46 1.49 2.95 2.60 1.73 8.40 -1.55 1.000
car -1 -1 -1.19 659.15 175.36 720.71 225.44 1.54 1.62 3.91 2.70 1.67 25.10 -1.09 0.999
car -1 -1 -1.10 283.65 179.12 444.81 283.82 1.54 1.62 3.91 -4.50 1.87 13.90 -1.41 0.999
car -1 -1 1.20 450.85 182.10 508.82 226.81 1.54 1.62 3.91 -5.10 2.07 28.30 1.02 0.999
car -1 -1 1.70 507.81 182.20 543.49 208.46 1.54 1.62 3.91 -5.50 2.27 47.30 1.58 0.997
car -1 -1 0.73 350.00 183.59 437.47 236.69 1.54 1.62 3.91 -7.50 1.87 25.10 0.44 0.764
pedestrian -1 -1 2.14 39.27 190.33 92.12 349.76 1.76 0.66 0.49 -7.50 1.88 10.00 1.49 0.974
pedestrian -1 -1 1.90 104.88 178.44 164.13 325.50 1.76 0.66 0.49 -6.10 1.88 9.00 1.30 0.968
cyclist -1 -1 2.05 86.58 188.99 189.94 305.89 1.77 0.62 0.88 -7.30 1.88 10.80 1.46 0.147
cyclist -1 -1 2.43 5.51 197.30 127.18 319.02 1.41 0.50 1.32 -7.80 1.71 10.40 1.79 0.127
