car -1 -1 -1.86 589.62 187.71 747.78 286.05 1.46 1.49 2.95 1.00 1.73 12.20 -1.77 0.999
car -1 -1 -1.66 489.20 182.33 546.29 226.73 1.54 1.62 3.91 -3.50 2.07 28.90 -1.78 0.998
car -1 -1 2.18 663.38 168.46 772.53 210.11 1.54 1.62 3.91 4.50 1.47 29.50 2.33 0.990
car -1 -1 -1.70 478.15 180.70 522.96 216.24 1.46 1.49 2.95 -4.80 1.73 32.00 -1.85 0.985
car -1 -1 -0.46 96.53 191.60 180.87 221.76 1.54 1.62 3.91 -25.30 2.47 38.70 -1.04 0.984
car -1 -1 1.13 41.18 202.53 212.15 322.62 1.46 1.49 2.95 -8.20 2.13 12.80 0.56 0.968
car -1 -1 -0.98 752.52 153.67 1237.14 368.89 1.54 1.62 3.91 2.30 1.47 5.70 -0.59 0.787
car -1 -1 -1.60 463.31 178.87 489.48 198.49 1.54 1.62 3.91 -11.70 2.27 64.30 -1.78 0.695
car -1 -1 1.58 306.83 188.11 358.30 215.08 1.46 1.49 2.95 -17.60 2.73 46.60 1.22 0.651
car -1 -1 0.12 786.01 165.67 877.17 194.28 1.54 1.62 3.91 12.30 1.27 40.10 0.42 0.537
car -1 -1 -0.29 624.29 173.28 717.53 212.99 1.54 1.62 3.91 2.50 1.67 29.90 -0.21 0.383
car -1 -1 0.07 727.09 168.59 771.52 206.64 1.46 1.49 2.95 6.00 1.33 30.20 0.26 0.347
