car -1 -1 -1.80 772.75 174.99 949.24 296.63 1.54 1.62 3.91 3.50 1.67 11.30 -1.50 0.999
car -1 -1 -1.64 738.56 177.95 785.22 211.00 1.46 1.49 2.95 8.00 1.93 37.60 -1.43 0.997
car -1 -1 -1.30 557.61 177.43 638.93 237.27 1.54 1.62 3.91 -0.30 1.67 20.90 -1.31 0.994
car -1 -1 -1.42 495.91 173.62 609.32 262.31 1.54 1.62 3.91 -1.10 1.47 14.10 -1.50 0.992
car -1 -1 -1.40 646.47 173.32 675.66 199.23 2.48 1.81 4.73 4.20 2.14 58.70 -1.33 0.872
car -1 -1 -1.74 767.32 180.22 849.40 252.23 1.46 1.49 2.95 4.80 1.73 18.00 -1.48 0.447
car -1 -1 -1.37 725.31 174.64 761.62 197.57 1.54 1.62 3.91 8.70 1.67 47.70 -1.19 0.215
car -1 -1 -1.20 773.45 179.06 830.86 219.29 1.54 1.62 3.91 8.90 1.87 33.50 -0.94 0.058
pedestrian -1 -1 -0.48 780.23 172.63 796.19 214.31 1.41 0.50 1.32 8.40 1.71 34.00 -0.24 0.168
pedestrian -1 -1 -0.58 547.65 166.12 558.44 218.24 1.68 0.41 1.64 -1.90 1.54 24.10 -0.66 0.101
