car -1 -1 1.68 249.55 178.69 435.11 286.84 1.54 1.62 3.91 -4.10 1.47 11.70 1.34 0.998
pedestrian -1 -1 -2.00 293.41 163.74 359.00 338.11 1.76 0.66 0.49 -2.90 1.68 7.60 -2.36 0.999
pedestrian -1 -1 -1.26 124.52 169.02 295.16 364.25 1.87 0.84 1.11 -4.10 1.73 7.50 -1.76 0.999
pedestrian -1 -1 1.05 37.30 164.66 178.22 372.22 1.76 0.66 0.49 -2.90 1.48 4.20 0.45 0.931
pedestrian -1 -1 0.20 666.22 160.61 685.45 227.95 1.68 0.41 1.64 2.30 1.14 22.50 0.30 0.925
pedestrian -1 -1 -0.53 259.89 162.80 313.67 249.88 1.75 0.62 1.83 -7.40 1.28 16.80 -0.95 0.849
pedestrian -1 -1 -2.03 236.26 155.56 330.80 343.73 1.76 0.66 0.49 -3.40 1.68 7.50 -2.45 0.845
pedestrian -1 -1 -1.73 409.32 171.01 429.94 222.96 1.41 0.50 1.32 -6.00 1.30 24.00 -1.97 0.774
pedestrian -1 -1 2.06 108.69 171.76 161.56 264.58 1.41 0.50 1.32 -10.80 1.30 16.80 1.49 0.580
pedestrian -1 -1 -1.51 58.18 179.43 105.79 221.55 1.41 0.50 1.32 -22.00 1.50 30.60 -2.13 0.574
pedestrian -1 -1 -0.44 149.71 163.84 208.80 276.53 1.68 0.41 1.64 -9.50 1.34 16.10 -0.97 0.267
pedestrian -1 -1 1.66 467.70 168.00 496.54 223.28 1.41 0.50 1.32 -4.60 1.11 25.80 1.49 0.267
pedestrian -1 -1 0.42 588.79 162.73 596.14 189.06 1.77 0.62 0.88 -0.60 0.48 53.50 0.40 0.082
cyclist -1 -1 1.49 462.66 164.26 500.57 240.19 1.75 0.62 1.83 -2.80 1.48 17.40 1.33 0.999
cyclist -1 -1 0.00 655.28 158.99 687.25 251.28 1.75 0.62 1.83 1.20 1.28 12.80 0.10 0.173
cyclist -1 -1 0.31 520.19 167.88 557.36 213.66 1.41 0.50 1.32 -2.40 1.30 28.60 0.22 0.093
