car -1 -1 -1.66 740.53 183.61 907.48 294.97 1.54 1.62 3.91 3.30 1.67 12.10 -1.39 1.000
car -1 -1 -1.51 678.51 183.29 727.46 220.00 1.46 1.49 2.95 3.60 1.93 28.40 -1.39 0.998
car -1 -1 -1.32 203.65 182.87 419.73 257.14 1.54 1.62 3.91 -6.30 1.67 14.70 -1.73 0.997
car -1 -1 -1.50 709.55 180.66 815.68 253.27 1.54 1.62 3.91 3.50 1.67 16.50 -1.29 0.997
car -1 -1 -0.92 460.38 175.62 562.51 212.10 1.54 1.62 3.91 -4.50 1.67 32.30 -1.06 0.991
car -1 -1 -2.04 409.18 178.27 528.15 222.88 1.54 1.62 3.91 -4.90 1.87 25.30 -2.23 0.985
car -1 -1 -2.66 323.97 182.89 490.29 234.93 1.54 1.62 3.91 -5.50 1.87 21.30 -2.91 0.906
car -1 -1 1.11 20.15 179.43 321.60 325.52 1.46 1.49 2.95 -4.60 1.53 8.20 0.60 0.895
car -1 -1 -0.09 650.83 166.52 681.25 195.75 2.48 1.81 4.73 5.40 2.14 68.10 -0.01 0.408
car -1 -1 -1.24 512.56 180.59 561.54 210.04 1.46 1.49 2.95 -3.60 1.93 36.20 -1.34 0.113
car -1 -1 0.82 1042.36 177.75 1213.44 234.80 1.54 1.62 3.91 14.90 1.67 20.70 1.44 0.079
car -1 -1 1.38 698.11 176.11 769.26 207.31 1.54 1.62 3.91 7.10 1.87 42.70 1.55 0.066
car -1 -1 0.54 552.59 171.08 601.57 194.37 2.48 1.81 4.73 -3.50 2.14 70.80 0.49 0.053
