car -1 -1 2.01 0.00 189.87 291.32 342.59 1.54 1.62 3.91 -5.30 1.87 9.30 1.50 0.998
car -1 -1 1.96 225.64 183.34 390.18 274.94 1.46 1.49 2.95 -5.60 1.73 13.40 1.57 0.997
car -1 -1 -1.50 756.84 179.43 969.99 313.59 1.46 1.49 2.95 3.20 1.53 9.40 -1.17 0.993
car -1 -1 0.85 471.88 177.25 527.17 203.67 1.54 1.62 3.91 -8.30 2.07 54.10 0.70 0.981
car -1 -1 1.79 243.18 177.85 307.29 213.84 1.46 1.49 2.95 -15.60 1.73 33.40 1.36 0.953
car -1 -1 -1.13 869.37 173.36 1229.36 364.65 1.46 1.49 2.95 2.80 1.53 5.20 -0.64 0.211
car -1 -1 1.78 611.03 166.83 671.58 191.05 2.48 1.81 4.73 2.50 1.94 62.60 1.82 0.082
car -1 -1 1.68 619.92 167.84 645.12 192.56 2.48 1.81 4.73 2.20 1.94 73.50 1.71 0.082
car -1 -1 1.62 293.70 184.99 378.33 218.40 1.46 1.49 2.95 -10.60 1.73 28.40 1.26 0.057
pedestrian -1 -1 -0.79 670.33 167.08 681.39 204.87 1.77 0.62 0.88 4.60 1.68 49.30 -0.70 0.644
cyclist -1 -1 -0.99 719.44 169.41 738.82 202.47 1.87 0.84 1.11 6.70 1.73 40.30 -0.83 0.620
cyclist -1 -1 -0.88 666.47 169.36 683.67 207.28 1.87 0.84 1.11 4.50 1.73 49.10 -0.79 0.400
