car -1 -1 -1.65 676.34 182.43 760.18 242.87 1.54 1.62 3.91 2.70 1.87 18.90 -1.50 0.999
car -1 -1 -0.82 780.38 192.48 1090.74 374.00 1.54 1.62 3.91 2.90 1.67 7.10 -0.43 0.998
car -1 -1 -0.20 244.56 175.52 447.10 243.39 1.54 1.62 3.91 -6.50 1.67 17.50 -0.55 0.991
car -1 -1 -1.46 651.62 176.49 701.59 216.25 1.46 1.49 2.95 2.80 1.73 29.60 -1.36 0.988
car -1 -1 -2.07 333.60 170.68 493.49 228.45 1.54 1.62 3.91 -5.10 1.47 18.30 -2.34 0.982
car -1 -1 -1.34 53.90 167.66 321.00 303.15 1.54 1.62 3.91 -5.30 1.47 9.70 -1.84 0.973
car -1 -1 -2.28 440.26 179.56 515.32 212.31 1.46 1.49 2.95 -6.00 1.73 32.40 -2.46 0.949
car -1 -1 -1.11 637.82 174.12 675.89 205.68 1.54 1.62 3.91 2.10 1.67 33.90 -1.05 0.656
car -1 -1 -1.93 198.24 178.13 344.20 268.67 1.46 1.49 2.95 -6.00 1.73 13.40 -2.35 0.559
car -1 -1 -1.70 479.37 176.56 542.94 203.77 1.54 1.62 3.91 -5.70 1.87 43.70 -1.83 0.101
car -1 -1 1.49 668.71 173.95 695.25 197.47 2.48 1.81 4.73 7.00 2.34 68.90 1.59 0.067
cyclist -1 -1 -1.68 1153.45 161.72 1235.60 249.77 1.77 0.62 0.88 10.20 1.48 12.70 -1.01 0.069
