car -1 -1 1.60 304.87 176.31 454.03 273.64 1.54 1.62 3.91 -3.90 1.47 12.90 1.31 0.998
pedestrian -1 -1 -2.05 352.06 160.87 425.57 317.26 1.76 0.66 0.49 -2.40 1.48 8.30 -2.33 0.999
pedestrian -1 -1 1.95 39.06 173.84 72.76 244.88 1.76 0.66 0.49 -16.10 1.68 21.20 1.30 0.998
pedestrian -1 -1 -1.85 98.74 169.34 194.19 361.16 1.76 0.66 0.49 -3.90 1.68 6.00 -2.43 0.996
pedestrian -1 -1 -1.76 125.14 159.63 343.42 373.00 1.75 0.62 1.83 -2.40 1.68 4.80 -2.23 0.995
pedestrian -1 -1 -1.81 282.23 152.42 384.37 373.00 1.76 0.66 0.49 -2.10 1.48 5.80 -2.15 0.993
pedestrian -1 -1 -0.52 180.21 156.20 245.67 361.23 1.76 0.66 0.49 -3.90 1.48 7.00 -1.03 0.956
pedestrian -1 -1 1.14 668.06 161.50 682.69 221.79 1.68 0.41 1.64 2.70 0.94 26.10 1.25 0.745
pedestrian -1 -1 -2.08 255.89 169.85 317.96 265.36 1.75 0.62 1.83 -7.40 1.48 17.00 -2.49 0.615
pedestrian -1 -1 -0.75 682.62 171.74 697.26 218.45 1.41 0.50 1.32 2.80 1.30 23.00 -0.63 0.592
pedestrian -1 -1 -1.33 426.89 167.01 442.74 209.41 1.75 0.62 1.83 -10.20 1.28 44.40 -1.56 0.332
pedestrian -1 -1 1.02 536.99 165.26 548.67 211.11 1.68 0.41 1.64 -2.30 1.34 28.70 0.94 0.186
pedestrian -1 -1 -1.11 203.96 164.32 288.64 273.14 1.75 0.62 1.83 -7.60 1.48 15.40 -1.57 0.112
pedestrian -1 -1 -1.23 294.65 166.14 338.69 259.27 1.68 0.41 1.64 -7.10 1.34 17.70 -1.61 0.093
cyclist -1 -1 1.61 480.66 164.46 512.51 234.80 1.87 0.84 1.11 -2.90 1.33 20.10 1.46 0.997
