pedestrian -1 -1 1.19 569.03 137.00 594.17 217.73 1.77 0.62 0.88 -0.60 0.88 17.30 1.16 1.000
pedestrian -1 -1 0.89 532.47 142.56 569.79 220.44 1.87 0.84 1.11 -1.30 0.93 16.50 0.82 1.000
pedestrian -1 -1 0.98 642.91 136.06 700.72 294.93 1.76 0.66 0.49 0.80 1.28 8.70 1.08 1.000
pedestrian -1 -1 1.26 496.17 139.71 519.44 215.17 1.68 0.41 1.64 -2.50 0.94 17.90 1.12 0.999
pedestrian -1 -1 1.16 706.51 138.50 765.61 294.73 1.77 0.62 0.88 1.60 1.28 8.50 1.35 0.999
pedestrian -1 -1 0.23 472.28 144.29 496.23 213.21 1.68 0.41 1.64 -3.10 0.74 18.50 0.06 0.998
pedestrian -1 -1 1.44 418.75 142.51 442.08 211.26 1.77 0.62 0.88 -4.40 0.88 17.50 1.20 0.995
pedestrian -1 -1 1.53 447.28 139.44 467.02 210.64 1.68 0.41 1.64 -3.90 0.74 18.10 1.32 0.951
pedestrian -1 -1 -1.00 276.17 132.36 313.03 250.44 1.76 0.66 0.49 -5.10 1.08 11.60 -1.42 0.927
pedestrian -1 -1 1.97 524.49 143.50 537.23 198.89 1.76 0.66 0.49 -2.30 0.68 21.60 1.87 0.619
pedestrian -1 -1 1.01 502.00 140.45 514.71 174.16 1.75 0.62 1.83 -5.80 -0.72 42.60 0.87 0.208
pedestrian -1 -1 -0.32 236.95 134.35 286.67 294.67 1.76 0.66 0.49 -4.00 1.28 8.10 -0.78 0.190
pedestrian -1 -1 0.69 558.73 142.42 572.39 213.04 1.76 0.66 0.49 -0.90 0.88 16.80 0.64 0.112
pedestrian -1 -1 1.48 505.23 144.05 545.14 207.96 1.41 0.50 1.32 -2.00 0.70 18.00 1.37 0.090
pedestrian -1 -1 -0.58 294.60 148.34 316.11 192.13 1.41 0.50 1.32 -14.60 0.10 35.00 -0.97 0.084
pedestrian -1 -1 1.35 436.92 139.82 454.63 207.89 1.68 0.41 1.64 -4.10 0.74 18.10 1.13 0.077
pedestrian -1 -1 1.07 674.82 136.57 731.92 289.86 1.76 0.66 0.49 1.20 1.28 8.90 1.21 0.066
pedestrian -1 -1 -1.02 322.03 154.42 336.42 188.15 1.41 0.50 1.32 -12.80 0.10 33.00 -1.39 0.051
cyclist -1 -1 1.41 437.77 142.75 477.17 208.91 1.77 0.62 0.88 -3.90 0.88 18.60 1.20 0.337
cyclist -1 -1 1.08 410.51 144.27 451.24 208.06 1.87 0.84 1.11 -4.30 0.93 18.10 0.85 0.271
cyclist -1 -1 1.72 519.48 140.95 542.99 189.09 1.75 0.62 1.83 -3.00 0.28 28.80 1.61 0.256
cyclist -1 -1 -0.16 235.63 142.14 318.82 265.67 1.87 0.84 1.11 -5.50 1.13 11.70 -0.60 0.247
cyclist -1 -1 -0.82 343.00 149.35 383.14 194.78 1.41 0.50 1.32 -6.00 0.70 17.60 -1.15 0.089
cyclist -1 -1 1.38 394.00 139.14 476.51 249.31 1.75 0.62 1.83 -2.40 1.28 10.00 1.14 0.056
