car -1 -1 1.78 169.74 192.23 400.46 314.89 1.46 1.49 2.95 -4.80 1.93 11.00 1.37 1.000
car -1 -1 -1.96 767.02 180.21 943.42 288.91 1.54 1.62 3.91 3.70 1.67 12.10 -1.67 1.000
car -1 -1 1.63 344.88 184.96 467.54 260.03 1.54 1.62 3.91 -4.50 1.87 16.30 1.36 0.999
car -1 -1 -1.79 718.93 178.33 825.70 252.16 1.46 1.49 2.95 3.60 1.53 16.20 -1.57 0.998
car -1 -1 -1.68 699.01 178.01 768.05 228.91 1.54 1.62 3.91 3.70 1.67 22.50 -1.51 0.997
car -1 -1 1.51 415.34 184.76 500.35 232.96 1.54 1.62 3.91 -4.50 1.87 22.10 1.31 0.996
car -1 -1 1.56 516.19 177.90 555.73 207.87 1.54 1.62 3.91 -4.10 1.87 39.70 1.46 0.994
car -1 -1 -1.84 685.34 175.91 738.38 214.09 1.54 1.62 3.91 4.10 1.67 29.90 -1.71 0.971
car -1 -1 -1.95 874.99 180.45 1235.30 371.09 1.54 1.62 3.91 3.70 1.67 7.10 -1.47 0.909
car -1 -1 -1.57 978.57 171.16 1066.49 202.05 1.54 1.62 3.91 20.10 1.47 35.30 -1.05 0.623
car -1 -1 -1.79 913.08 174.70 966.21 204.84 1.46 1.49 2.95 18.00 1.73 39.40 -1.36 0.211
