car -1 -1 -1.72 574.80 184.32 614.36 219.32 1.54 1.62 3.91 -0.70 2.07 33.30 -1.75 0.999
car -1 -1 -1.49 401.56 191.91 451.21 226.98 1.46 1.49 2.95 -7.60 2.33 30.20 -1.73 0.999
car -1 -1 2.14 185.98 198.99 363.48 292.03 1.46 1.49 2.95 -6.60 2.13 14.20 1.71 0.999
car -1 -1 -1.67 602.49 185.04 663.34 232.09 1.54 1.62 3.91 0.70 1.87 23.30 -1.64 0.997
car -1 -1 -1.46 418.99 184.73 462.31 216.28 1.54 1.62 3.91 -8.70 2.27 38.10 -1.68 0.994
car -1 -1 -0.86 557.32 183.98 587.97 206.64 1.46 1.49 2.95 -2.20 2.13 43.40 -0.91 0.619
car -1 -1 -1.36 689.26 183.30 849.38 290.62 1.54 1.62 3.91 2.10 1.67 10.70 -1.17 0.534
car -1 -1 -0.81 845.04 191.86 1208.64 362.93 1.46 1.49 2.95 2.60 1.53 4.40 -0.28 0.199
car -1 -1 0.54 43.21 210.32 314.54 364.92 1.46 1.49 2.95 -3.60 1.93 7.00 0.07 0.074
pedestrian -1 -1 2.15 229.27 183.72 305.30 335.27 1.41 0.50 1.32 -5.00 1.71 10.60 1.71 0.906
pedestrian -1 -1 -0.81 795.91 196.50 853.89 280.65 1.41 0.50 1.32 4.20 1.90 14.00 -0.52 0.069
cyclist -1 -1 1.83 199.90 179.64 322.53 371.29 1.76 0.66 0.49 -3.00 1.88 6.30 1.38 0.998
