car -1 -1 1.82 197.94 189.05 454.64 362.32 1.54 1.62 3.91 -3.10 1.67 8.90 1.48 0.999
car -1 -1 -1.53 769.27 173.09 949.06 309.99 1.46 1.49 2.95 3.40 1.73 10.60 -1.22 0.999
car -1 -1 0.90 690.51 180.14 765.87 233.55 1.46 1.49 2.95 3.60 1.73 22.00 1.06 0.995
car -1 -1 0.92 723.09 181.54 817.00 258.32 1.54 1.62 3.91 3.70 1.67 17.10 1.13 0.991
car -1 -1 1.54 549.10 175.49 586.39 205.53 1.54 1.62 3.91 -2.30 1.87 41.30 1.48 0.986
car -1 -1 1.44 466.59 168.10 554.70 240.60 1.54 1.62 3.91 -2.70 1.47 20.10 1.31 0.972
car -1 -1 -0.91 672.27 179.89 727.09 210.34 1.46 1.49 2.95 4.60 1.93 37.40 -0.79 0.484
car -1 -1 -1.74 914.97 216.46 1232.82 374.00 1.46 1.49 2.95 3.60 1.73 5.80 -1.19 0.431
car -1 -1 -1.33 659.58 176.24 695.77 206.11 1.54 1.62 3.91 3.50 1.67 37.70 -1.23 0.392
pedestrian -1 -1 -1.61 1050.94 155.54 1078.81 217.62 1.76 0.66 0.49 14.60 1.48 23.30 -1.06 0.092
