car -1 -1 -1.66 750.03 30.25 1079.79 352.25 2.48 1.81 4.73 2.80 1.34 7.90 -1.32 0.125
pedestrian -1 -1 -0.31 506.66 172.32 529.59 237.02 1.68 0.41 1.64 -2.30 1.54 19.90 -0.42 1.000
pedestrian -1 -1 2.26 638.62 165.94 660.81 229.88 1.77 0.62 0.88 1.40 1.28 20.70 2.32 0.997
pedestrian -1 -1 -2.31 359.00 160.95 385.61 253.35 1.76 0.66 0.49 -4.90 1.48 15.20 -2.62 0.996
pedestrian -1 -1 0.17 1177.54 176.12 1237.00 367.70 1.41 0.50 1.32 4.60 1.50 4.80 0.93 0.985
pedestrian -1 -1 2.19 189.50 159.30 265.76 348.98 1.76 0.66 0.49 -3.60 1.48 7.10 1.72 0.972
pedestrian -1 -1 -1.86 73.22 183.05 109.45 251.32 1.68 0.41 1.64 -15.30 1.94 21.50 -2.48 0.789
pedestrian -1 -1 2.56 564.84 170.92 581.51 228.61 1.68 0.41 1.64 -0.90 1.54 23.30 2.52 0.642
pedestrian -1 -1 0.46 18.75 129.22 69.86 286.39 1.76 0.66 0.49 -7.10 1.28 9.20 -0.20 0.107
pedestrian -1 -1 -0.55 630.92 168.02 641.71 214.14 1.68 0.41 1.64 1.30 1.14 27.70 -0.51 0.084
cyclist -1 -1 2.28 551.69 171.53 594.28 231.16 1.68 0.41 1.64 -1.10 1.34 27.70 2.24 0.962
cyclist -1 -1 2.23 170.64 157.85 285.92 345.02 1.76 0.66 0.49 -3.80 1.68 7.30 1.75 0.061
