car -1 -1 -1.37 358.79 180.35 473.56 251.36 1.54 1.62 3.91 -4.30 1.47 17.10 -1.62 1.000
car -1 -1 -1.15 62.86 189.98 347.31 350.72 1.46 1.49 2.95 -4.40 1.53 8.40 -1.63 1.000
car -1 -1 -1.62 576.81 177.81 659.39 253.53 1.54 1.62 3.91 0.30 1.47 16.70 -1.61 0.999
car -1 -1 -1.25 338.86 182.42 426.02 225.31 1.46 1.49 2.95 -7.80 1.33 25.20 -1.56 0.980
car -1 -1 -0.13 222.77 179.38 300.28 228.35 1.46 1.49 2.95 -12.00 1.33 25.00 -0.57 0.979
car -1 -1 2.09 153.62 179.34 221.10 202.22 1.54 1.62 3.91 -32.50 1.27 55.90 1.57 0.956
car -1 -1 -1.02 67.38 180.73 248.30 279.39 1.54 1.62 3.91 -8.30 1.47 13.90 -1.56 0.897
car -1 -1 0.92 227.61 177.23 268.60 196.88 1.54 1.62 3.91 -36.70 1.07 73.30 0.46 0.531
car -1 -1 -1.61 496.16 173.87 546.28 200.12 1.46 1.49 2.95 -4.60 0.93 40.00 -1.73 0.492
car -1 -1 1.82 129.68 176.52 253.33 223.28 1.54 1.62 3.91 -13.50 1.27 23.50 1.30 0.279
car -1 -1 -0.70 137.76 172.67 302.38 255.71 1.54 1.62 3.91 -7.50 1.27 14.30 -1.18 0.179
car -1 -1 -1.33 483.22 168.75 536.88 215.65 1.54 1.62 3.91 -3.30 1.07 25.50 -1.46 0.050
