car -1 -1 2.08 123.21 209.20 443.91 374.00 1.54 1.62 3.91 -3.10 1.87 7.50 1.69 1.000
car -1 -1 -1.67 790.30 186.71 1006.28 346.90 1.46 1.49 2.95 3.40 1.93 9.20 -1.31 1.000
car -1 -1 1.62 553.66 189.80 589.10 218.07 1.46 1.49 2.95 -2.00 2.53 41.20 1.57 0.994
car -1 -1 0.98 735.76 194.48 835.05 279.25 1.46 1.49 2.95 3.60 2.13 15.20 1.21 0.992
car -1 -1 1.55 459.04 176.79 553.72 262.26 1.54 1.62 3.91 -2.10 1.87 15.50 1.41 0.992
car -1 -1 0.89 703.44 194.47 774.33 248.23 1.46 1.49 2.95 3.60 2.13 20.20 1.06 0.990
car -1 -1 -1.18 678.35 194.15 740.21 225.31 1.46 1.49 2.95 4.60 2.53 33.80 -1.04 0.793
car -1 -1 -1.12 666.63 189.23 703.75 219.02 1.46 1.49 2.95 3.60 2.33 34.80 -1.02 0.786
car -1 -1 0.87 495.86 185.15 559.69 241.51 1.54 1.62 3.91 -2.50 2.07 23.70 0.77 0.112
pedestrian -1 -1 2.93 793.96 197.80 826.65 318.19 1.76 0.66 0.49 2.70 1.88 10.00 3.20 0.075
