car -1 -1 -1.77 691.18 184.70 759.52 237.65 1.54 1.62 3.91 3.50 1.87 22.30 -1.62 0.999
car -1 -1 1.72 498.88 174.16 558.36 217.14 1.54 1.62 3.91 -2.90 1.67 26.90 1.61 0.999
car -1 -1 0.28 768.21 196.34 960.26 321.84 1.46 1.49 2.95 3.40 1.93 10.20 0.60 0.999
car -1 -1 -1.58 724.63 185.88 827.85 269.40 1.54 1.62 3.91 3.50 1.87 15.50 -1.35 0.998
car -1 -1 -1.70 669.56 181.26 721.62 222.00 1.54 1.62 3.91 3.10 1.87 27.50 -1.59 0.998
car -1 -1 0.55 49.28 142.08 466.79 369.44 1.54 1.62 3.91 -2.70 1.47 6.50 0.16 0.997
car -1 -1 -0.50 654.07 178.99 695.28 211.44 1.46 1.49 2.95 3.00 1.73 32.40 -0.40 0.968
car -1 -1 1.91 363.36 176.29 495.10 285.82 1.46 1.49 2.95 -2.80 1.73 12.20 1.68 0.920
car -1 -1 1.61 534.56 175.54 566.98 204.44 1.46 1.49 2.95 -3.00 1.73 37.80 1.53 0.523
car -1 -1 -0.55 757.53 185.50 820.29 231.88 1.46 1.49 2.95 5.80 1.73 23.40 -0.30 0.182
car -1 -1 1.56 421.36 168.49 481.59 208.16 1.54 1.62 3.91 -6.70 1.27 30.70 1.34 0.094
car -1 -1 0.86 883.92 214.26 1227.67 367.10 1.46 1.49 2.95 3.40 1.93 4.80 1.47 0.091
