car -1 -1 -0.47 750.15 182.67 873.76 232.47 1.46 1.49 2.95 5.80 1.73 21.40 -0.21 0.998
car -1 -1 -2.43 253.54 171.31 453.65 239.94 1.54 1.62 3.91 -6.50 1.47 17.10 -2.80 0.995
car -1 -1 -0.07 694.19 179.25 771.25 211.82 1.54 1.62 3.91 6.30 1.87 35.30 0.11 0.994
car -1 -1 -2.63 367.00 172.95 509.01 224.06 1.54 1.62 3.91 -4.50 1.47 19.50 -2.85 0.985
car -1 -1 -1.86 472.43 172.05 547.17 203.60 1.54 1.62 3.91 -4.90 1.67 36.90 -1.99 0.971
car -1 -1 -2.85 422.02 170.53 523.18 207.75 1.54 1.62 3.91 -5.90 1.47 31.30 -3.04 0.880
car -1 -1 -1.15 813.25 189.55 1241.00 374.00 1.46 1.49 2.95 2.40 1.53 4.80 -0.69 0.808
car -1 -1 -1.77 636.46 177.89 665.52 200.76 1.54 1.62 3.91 2.90 1.87 48.50 -1.71 0.802
car -1 -1 2.18 847.08 183.86 982.21 259.64 1.46 1.49 2.95 6.40 1.73 15.40 2.57 0.699
car -1 -1 1.49 928.05 191.37 1124.42 264.22 1.46 1.49 2.95 9.60 1.93 16.80 2.01 0.543
car -1 -1 -0.58 745.22 177.62 811.99 224.33 1.46 1.49 2.95 6.00 1.53 26.40 -0.35 0.267
car -1 -1 -1.26 200.88 178.57 369.13 275.16 1.46 1.49 2.95 -5.80 1.73 13.20 -1.68 0.225
car -1 -1 -2.80 465.33 177.69 516.03 211.70 1.46 1.49 2.95 -5.00 1.73 31.00 -2.96 0.059
car -1 -1 0.05 96.99 130.93 365.28 291.19 2.48 1.81 4.73 -6.70 1.94 13.00 -0.43 0.057
pedestrian -1 -1 1.21 747.46 188.64 762.57 227.98 1.41 0.50 1.32 5.20 1.90 26.20 1.41 0.195
