car -1 -1 0.58 154.80 176.41 410.93 281.27 1.54 1.62 3.91 -5.70 1.67 12.30 0.15 0.997
car -1 -1 -2.27 337.92 176.69 454.36 231.08 1.46 1.49 2.95 -6.00 1.73 21.20 -2.55 0.993
car -1 -1 -2.33 717.68 175.29 800.17 211.02 1.54 1.62 3.91 7.10 1.67 34.70 -2.13 0.986
car -1 -1 -2.01 25.70 169.81 292.60 307.58 1.54 1.62 3.91 -5.70 1.47 9.90 -2.53 0.953
car -1 -1 -2.02 796.15 171.99 1224.80 369.74 1.54 1.62 3.91 2.90 1.67 5.70 -1.55 0.919
car -1 -1 -1.50 628.03 176.13 659.75 202.63 1.54 1.62 3.91 1.90 1.87 42.50 -1.46 0.829
car -1 -1 -0.28 271.20 183.49 418.92 252.22 1.46 1.49 2.95 -6.00 1.73 16.80 -0.62 0.676
car -1 -1 -2.11 399.34 178.10 472.69 220.47 1.46 1.49 2.95 -5.60 1.73 24.00 -2.34 0.453
car -1 -1 -1.71 467.20 178.01 518.29 202.82 1.46 1.49 2.95 -7.20 1.93 45.00 -1.87 0.320
car -1 -1 -1.31 613.64 174.21 640.94 199.64 1.54 1.62 3.91 1.10 1.87 50.30 -1.29 0.130
car -1 -1 -2.04 423.36 172.03 506.77 210.52 1.54 1.62 3.91 -6.90 1.67 34.90 -2.24 0.127
