car -1 -1 1.68 502.16 171.43 547.18 212.39 2.48 1.81 4.73 -4.20 1.74 39.90 1.58 0.974
pedestrian -1 -1 -1.09 641.95 155.57 692.27 332.98 1.68 0.41 1.64 0.70 1.54 7.90 -1.00 0.998
pedestrian -1 -1 -1.67 692.33 162.39 749.16 339.01 1.68 0.41 1.64 1.30 1.54 8.10 -1.51 0.992
pedestrian -1 -1 0.02 792.48 167.04 830.19 246.39 1.68 0.41 1.64 5.10 1.14 17.50 0.30 0.991
pedestrian -1 -1 -1.09 753.41 158.15 776.03 246.40 1.76 0.66 0.49 4.10 1.28 18.40 -0.87 0.923
pedestrian -1 -1 -1.75 187.34 166.31 264.03 263.67 1.75 0.62 1.83 -8.80 1.48 17.20 -2.22 0.835
pedestrian -1 -1 0.77 0.00 165.81 199.17 373.00 1.75 0.62 1.83 -5.00 1.68 7.60 0.18 0.436
pedestrian -1 -1 2.00 355.40 167.99 415.04 271.82 1.75 0.62 1.83 -6.20 1.68 20.80 1.71 0.232
pedestrian -1 -1 -1.05 706.05 175.71 737.94 222.69 1.41 0.50 1.32 5.60 1.30 33.60 -0.88 0.199
pedestrian -1 -1 0.24 693.17 172.88 705.56 214.72 1.75 0.62 1.83 5.20 1.48 37.20 0.38 0.082
cyclist -1 -1 1.86 334.65 154.79 427.66 332.21 1.75 0.62 1.83 -2.80 1.48 8.80 1.55 0.999
cyclist -1 -1 -1.12 719.39 158.70 803.38 327.56 1.77 0.62 0.88 1.60 1.48 7.70 -0.92 0.958
cyclist -1 -1 1.04 772.47 176.15 1023.74 355.44 1.75 0.62 1.83 2.40 1.48 6.00 1.42 0.390
cyclist -1 -1 -0.43 754.79 168.14 846.23 264.75 1.75 0.62 1.83 3.80 1.48 14.60 -0.17 0.319
cyclist -1 -1 1.34 403.34 173.70 438.61 221.15 1.75 0.62 1.83 -8.40 1.48 32.80 1.09 0.116
cyclist -1 -1 -1.01 740.96 162.84 784.97 240.32 1.87 0.84 1.11 4.30 1.33 18.30 -0.78 0.110
