car -1 -1 1.99 45.97 198.30 336.82 330.81 1.54 1.62 3.91 -5.70 1.87 10.30 1.49 1.000
car -1 -1 -1.68 757.23 178.98 971.89 315.05 1.54 1.62 3.91 3.10 1.47 9.70 -1.37 1.000
car -1 -1 1.78 289.53 192.84 416.76 264.14 1.54 1.62 3.91 -5.90 2.07 16.90 1.44 1.000
car -1 -1 2.00 491.09 179.43 527.41 208.20 1.54 1.62 3.91 -5.90 2.07 42.90 1.87 0.999
car -1 -1 1.13 692.70 178.28 775.02 239.16 1.46 1.49 2.95 3.20 1.73 18.60 1.31 0.998
car -1 -1 1.70 413.73 184.39 487.12 230.48 1.54 1.62 3.91 -5.70 2.07 25.50 1.48 0.998
car -1 -1 -1.50 654.89 177.50 702.78 211.22 1.54 1.62 3.91 3.30 1.67 33.70 -1.40 0.997
car -1 -1 -1.39 675.01 180.42 731.47 222.61 1.46 1.49 2.95 3.00 1.73 25.20 -1.28 0.997
car -1 -1 -0.59 869.97 192.88 1238.03 370.48 1.46 1.49 2.95 3.00 1.73 4.00 0.06 0.298
car -1 -1 1.51 233.94 202.81 332.92 252.22 1.46 1.49 2.95 -10.60 2.33 23.40 1.09 0.090
car -1 -1 -0.43 829.64 177.92 960.50 242.19 1.46 1.49 2.95 6.80 1.53 17.40 -0.06 0.063
pedestrian -1 -1 -1.93 729.81 166.13 746.01 218.35 1.76 0.66 0.49 3.70 1.48 21.20 -1.76 0.676
