car -1 -1 -1.21 238.98 190.56 379.75 274.95 1.46 1.49 2.95 -5.60 1.53 13.80 -1.59 1.000
car -1 -1 -1.76 633.32 176.35 761.21 275.93 1.54 1.62 3.91 1.30 1.47 11.90 -1.65 1.000
car -1 -1 -1.69 518.57 181.63 565.08 223.77 1.54 1.62 3.91 -2.50 1.47 27.50 -1.78 0.999
car -1 -1 -1.20 393.14 184.17 452.64 223.59 1.46 1.49 2.95 -6.80 1.53 27.20 -1.44 0.998
car -1 -1 -1.41 349.52 189.49 431.62 241.92 1.46 1.49 2.95 -6.00 1.53 20.40 -1.70 0.995
car -1 -1 -0.81 437.24 182.60 478.91 211.48 1.46 1.49 2.95 -8.00 1.33 38.00 -1.02 0.988
car -1 -1 -1.38 120.95 164.54 274.09 246.22 1.54 1.62 3.91 -10.30 1.27 18.30 -1.89 0.943
car -1 -1 -0.63 338.44 171.24 400.26 214.83 2.48 1.81 4.73 -13.40 1.54 41.30 -0.94 0.323
car -1 -1 0.57 291.67 181.97 373.38 218.17 1.54 1.62 3.91 -13.30 1.47 35.50 0.21 0.177
pedestrian -1 -1 -0.93 555.26 160.93 567.52 213.49 1.76 0.66 0.49 -1.90 1.28 29.00 -1.00 0.681
cyclist -1 -1 1.15 11.55 193.94 75.26 246.13 1.41 0.50 1.32 -15.20 1.50 19.40 0.49 0.294
