car -1 -1 -1.42 452.36 173.19 525.59 226.78 1.54 1.62 3.91 -3.30 1.27 20.50 -1.57 0.999
car -1 -1 -0.39 1015.17 153.06 1112.90 182.43 1.54 1.62 3.91 28.10 0.07 43.30 0.19 0.867
car -1 -1 -0.80 922.49 162.78 1007.38 187.11 1.54 1.62 3.91 22.70 0.47 43.70 -0.32 0.789
pedestrian -1 -1 -1.49 521.96 158.77 546.39 208.21 1.87 0.84 1.11 -2.70 1.13 28.10 -1.58 0.995
pedestrian -1 -1 -1.94 392.87 166.46 409.68 212.71 1.76 0.66 0.49 -8.10 1.28 28.20 -2.22 0.979
pedestrian -1 -1 0.67 282.60 176.11 299.03 211.28 1.41 0.50 1.32 -15.00 1.50 34.00 0.26 0.820
pedestrian -1 -1 1.01 425.55 163.91 443.91 215.41 1.41 0.50 1.32 -6.40 1.11 26.60 0.78 0.692
pedestrian -1 -1 0.38 823.49 149.57 844.58 198.79 1.76 0.66 0.49 8.40 1.08 25.90 0.69 0.124
cyclist -1 -1 0.59 811.07 149.16 856.12 194.38 1.75 0.62 1.83 8.20 0.88 25.20 0.91 0.960
cyclist -1 -1 -0.89 308.10 172.79 358.74 218.69 1.41 0.50 1.32 -9.60 1.30 25.40 -1.25 0.519
cyclist -1 -1 0.01 278.25 175.06 302.49 211.76 1.87 0.84 1.11 -15.90 1.53 36.30 -0.40 0.109
cyclist -1 -1 -1.67 390.32 170.81 418.19 211.73 1.41 0.50 1.32 -8.00 1.30 27.60 -1.95 0.091
