car -1 -1 1.85 404.68 186.76 472.80 234.06 1.54 1.62 3.91 -6.30 2.07 27.50 1.62 0.999
car -1 -1 -1.12 179.78 198.07 243.62 234.61 1.46 1.49 2.95 -19.00 2.73 34.20 -1.62 0.994
car -1 -1 1.67 447.00 187.82 498.78 220.34 1.46 1.49 2.95 -6.20 2.13 33.00 1.48 0.993
car -1 -1 -1.31 93.55 201.35 204.28 234.93 1.54 1.62 3.91 -20.90 2.87 33.50 -1.87 0.992
car -1 -1 -1.11 7.63 208.07 109.66 242.43 1.54 1.62 3.91 -27.70 3.47 36.70 -1.76 0.991
car -1 -1 -1.26 1011.99 134.72 1097.42 177.20 2.48 1.81 4.73 29.30 0.34 47.20 -0.71 0.975
car -1 -1 1.87 480.11 179.20 517.52 213.07 1.54 1.62 3.91 -5.70 1.87 36.90 1.72 0.948
car -1 -1 -1.63 658.18 169.60 706.38 209.07 1.54 1.62 3.91 2.90 1.47 29.70 -1.53 0.682
car -1 -1 -1.33 61.86 205.73 146.41 236.88 1.46 1.49 2.95 -25.40 3.33 36.20 -1.95 0.106
car -1 -1 -1.68 665.28 165.56 710.85 189.35 2.48 1.81 4.73 8.10 1.54 75.60 -1.57 0.080
pedestrian -1 -1 -0.06 695.56 174.66 704.97 206.15 1.41 0.50 1.32 4.20 1.50 33.00 0.07 0.371
