car -1 -1 -2.14 390.02 170.37 515.89 212.67 1.54 1.62 3.91 -5.50 1.47 25.90 -2.34 0.999
car -1 -1 -1.50 655.94 175.07 699.60 210.80 1.46 1.49 2.95 3.00 1.53 31.80 -1.41 0.998
car -1 -1 -2.11 771.68 188.58 1174.01 373.78 1.46 1.49 2.95 2.60 1.53 6.00 -1.71 0.998
car -1 -1 -1.17 286.59 166.14 444.67 235.41 2.48 1.81 4.73 -7.50 1.94 23.40 -1.48 0.985
car -1 -1 -1.74 689.64 167.46 795.62 256.94 1.54 1.62 3.91 2.70 1.47 15.50 -1.57 0.982
car -1 -1 -0.21 163.44 177.43 411.31 253.83 1.54 1.62 3.91 -5.90 1.47 12.90 -0.64 0.340
car -1 -1 -2.22 449.27 170.63 527.39 202.28 1.46 1.49 2.95 -5.80 1.53 36.20 -2.37 0.093
car -1 -1 -1.33 27.11 174.73 361.00 289.26 1.54 1.62 3.91 -5.50 1.47 9.70 -1.85 0.092
car -1 -1 1.57 298.18 162.97 396.03 205.65 2.48 1.81 4.73 -16.30 1.94 43.40 1.21 0.084
car -1 -1 -1.78 373.45 171.26 452.34 223.46 1.46 1.49 2.95 -6.00 1.53 22.00 -2.05 0.054
