car -1 -1 1.50 562.81 178.45 602.41 212.52 1.54 1.62 3.91 -0.90 1.47 36.10 1.47 0.994
pedestrian -1 -1 -0.15 690.71 174.36 729.84 285.16 1.76 0.66 0.49 1.70 1.68 11.80 -0.01 1.000
pedestrian -1 -1 2.14 436.02 172.39 468.87 255.96 1.77 0.62 0.88 -3.40 1.68 16.70 1.94 1.000
pedestrian -1 -1 -1.67 751.51 171.49 784.90 252.55 1.76 0.66 0.49 3.70 1.48 16.00 -1.44 1.000
pedestrian -1 -1 -1.40 724.60 176.42 757.89 284.22 1.76 0.66 0.49 2.30 1.68 12.00 -1.21 0.999
pedestrian -1 -1 1.14 775.76 167.93 807.97 246.55 1.76 0.66 0.49 4.40 1.48 16.70 1.40 0.998
pedestrian -1 -1 -1.36 639.62 168.93 671.66 241.06 1.87 0.84 1.11 1.50 1.53 20.10 -1.29 0.998
pedestrian -1 -1 2.15 819.27 167.30 845.91 246.95 1.76 0.66 0.49 5.00 1.48 16.10 2.45 0.949
pedestrian -1 -1 -1.26 11.85 173.36 51.58 267.39 1.76 0.66 0.49 -13.60 1.48 17.10 -1.93 0.863
pedestrian -1 -1 -0.73 35.64 182.16 71.46 276.38 1.76 0.66 0.49 -13.10 1.68 17.20 -1.38 0.134
pedestrian -1 -1 1.90 396.14 174.29 424.58 256.73 1.77 0.62 0.88 -4.60 1.68 17.50 1.64 0.102
pedestrian -1 -1 1.23 1.90 203.35 128.04 372.97 1.77 0.62 0.88 -4.00 1.68 5.70 0.62 0.077
cyclist -1 -1 -1.50 632.91 174.05 680.22 237.26 1.68 0.41 1.64 1.90 1.74 21.30 -1.41 0.170
cyclist -1 -1 1.67 816.21 166.99 850.23 249.11 1.41 0.50 1.32 5.20 1.50 16.40 1.98 0.147
