car -1 -1 1.34 780.51 180.41 883.60 236.93 1.46 1.49 2.95 6.40 1.73 20.80 1.64 0.999
car -1 -1 -2.00 314.57 191.42 432.37 265.93 1.54 1.62 3.91 -5.10 1.87 16.30 -2.30 0.999
car -1 -1 -1.74 187.02 191.61 256.85 230.99 1.46 1.49 2.95 -17.20 2.53 32.00 -2.23 0.998
car -1 -1 -1.52 166.08 188.00 229.58 223.94 1.46 1.49 2.95 -20.20 2.53 35.60 -2.03 0.959
car -1 -1 -1.87 450.96 165.61 712.56 310.93 1.54 1.62 3.91 -0.70 1.67 10.10 -1.94 0.880
car -1 -1 1.15 350.12 179.22 480.91 224.54 1.54 1.62 3.91 -7.10 1.87 25.70 0.88 0.819
car -1 -1 1.26 704.64 177.14 768.07 227.88 1.54 1.62 3.91 3.90 1.67 21.70 1.44 0.758
car -1 -1 -1.87 591.70 171.72 705.88 300.71 1.54 1.62 3.91 0.50 1.67 11.10 -1.83 0.704
car -1 -1 0.86 334.30 184.82 404.63 215.46 1.46 1.49 2.95 -12.20 2.13 36.00 0.54 0.638
car -1 -1 0.63 856.52 172.49 1023.73 217.94 1.54 1.62 3.91 10.30 1.47 22.70 1.05 0.563
car -1 -1 -1.12 136.52 186.74 167.90 207.47 1.46 1.49 2.95 -42.00 3.13 66.40 -1.68 0.516
car -1 -1 -1.45 465.35 171.88 627.32 242.96 1.54 1.62 3.91 -1.50 1.67 19.10 -1.53 0.434
car -1 -1 0.80 371.70 185.92 426.10 223.74 1.46 1.49 2.95 -9.80 2.33 33.80 0.52 0.160
pedestrian -1 -1 0.30 457.55 184.07 473.99 227.26 1.41 0.50 1.32 -5.80 2.11 29.00 0.11 0.136
cyclist -1 -1 -0.90 780.98 175.47 814.83 238.94 1.41 0.50 1.32 4.80 1.71 18.40 -0.65 0.989
