car -1 -1 -1.65 682.93 180.81 765.83 244.13 1.54 1.62 3.91 2.90 1.67 18.70 -1.50 1.000
car -1 -1 -1.68 250.90 178.57 461.44 250.94 1.54 1.62 3.91 -5.70 1.67 15.90 -2.03 0.997
car -1 -1 -2.12 492.91 174.97 545.83 202.73 1.46 1.49 2.95 -5.20 1.73 41.60 -2.25 0.981
car -1 -1 -2.37 92.93 183.29 303.83 288.18 1.46 1.49 2.95 -6.00 1.73 10.80 -2.88 0.978
car -1 -1 0.25 739.08 173.31 876.39 223.07 1.54 1.62 3.91 6.30 1.67 24.30 0.51 0.967
car -1 -1 -2.65 348.79 175.73 495.51 221.29 1.54 1.62 3.91 -5.90 1.67 24.30 -2.89 0.948
car -1 -1 -2.34 429.72 170.59 519.22 209.45 1.54 1.62 3.91 -5.30 1.47 29.50 -2.52 0.925
car -1 -1 -1.40 854.46 163.52 1238.20 369.86 1.46 1.49 2.95 2.60 1.53 3.60 -0.78 0.863
car -1 -1 0.05 723.57 176.67 804.06 213.85 1.46 1.49 2.95 6.20 1.73 29.40 0.26 0.625
car -1 -1 -1.50 633.60 173.77 659.43 197.63 1.54 1.62 3.91 2.50 1.87 52.90 -1.45 0.366
car -1 -1 -1.25 686.33 175.42 741.17 204.04 1.46 1.49 2.95 5.80 1.73 41.00 -1.11 0.072
