car -1 -1 -1.79 675.96 176.79 779.04 254.23 1.54 1.62 3.91 2.30 1.47 15.30 -1.64 0.999
car -1 -1 -2.11 797.86 195.12 1241.00 374.00 1.46 1.49 2.95 2.40 1.53 5.00 -1.66 0.998
car -1 -1 -2.22 345.97 177.01 473.25 236.23 1.54 1.62 3.91 -6.70 1.87 23.50 -2.49 0.992
car -1 -1 2.24 0.00 203.20 379.05 373.72 1.54 1.62 3.91 -3.70 1.67 7.50 1.78 0.964
car -1 -1 -1.39 642.06 174.63 692.60 213.46 1.54 1.62 3.91 2.30 1.67 28.50 -1.31 0.766
car -1 -1 -1.69 657.61 175.89 713.63 225.20 1.54 1.62 3.91 2.30 1.67 24.10 -1.59 0.612
car -1 -1 1.88 201.71 204.21 360.76 314.32 1.46 1.49 2.95 -5.20 1.93 12.00 1.47 0.170
pedestrian -1 -1 2.30 365.35 187.01 396.04 279.27 1.76 0.66 0.49 -4.30 1.88 13.40 1.98 0.998
pedestrian -1 -1 1.80 344.62 181.40 375.61 283.14 1.76 0.66 0.49 -4.70 1.88 13.20 1.45 0.053
cyclist -1 -1 1.92 324.76 194.27 401.62 310.25 1.77 0.62 0.88 -3.10 1.88 8.80 1.58 0.136
