car -1 -1 1.88 407.37 187.72 484.87 234.68 1.54 1.62 3.91 -5.70 2.07 25.70 1.66 0.999
car -1 -1 1.84 174.76 203.52 351.11 300.35 1.46 1.49 2.95 -6.00 2.13 12.80 1.40 0.999
car -1 -1 1.83 316.28 192.55 429.35 258.76 1.54 1.62 3.91 -6.10 2.07 19.30 1.52 0.999
car -1 -1 -1.37 670.02 173.09 734.17 222.78 1.54 1.62 3.91 2.90 1.67 23.90 -1.25 0.998
car -1 -1 -1.39 654.51 177.37 693.44 207.99 1.54 1.62 3.91 3.30 1.87 37.70 -1.30 0.980
car -1 -1 3.03 909.70 137.22 1189.39 220.94 1.54 1.62 3.91 9.50 0.87 15.10 3.59 0.964
car -1 -1 2.23 454.84 187.05 501.39 222.33 1.54 1.62 3.91 -5.90 2.27 33.10 2.05 0.964
car -1 -1 2.00 489.41 183.94 527.61 211.48 1.54 1.62 3.91 -5.90 2.27 42.70 1.86 0.955
car -1 -1 2.82 803.70 150.59 1013.15 213.48 1.54 1.62 3.91 6.90 1.07 17.30 3.20 0.799
car -1 -1 1.37 7.11 211.75 230.07 364.23 1.46 1.49 2.95 -5.40 2.13 8.80 0.82 0.584
car -1 -1 -1.14 638.02 175.07 672.49 202.71 1.54 1.62 3.91 2.30 1.67 37.90 -1.08 0.175
car -1 -1 -1.23 1103.43 140.65 1220.75 181.96 1.54 1.62 3.91 21.90 0.47 28.50 -0.58 0.065
