car -1 -1 2.03 125.57 186.91 339.83 299.66 1.54 1.62 3.91 -6.70 1.87 12.70 1.55 0.999
car -1 -1 1.50 477.94 183.22 534.24 224.87 1.54 1.62 3.91 -4.10 2.07 28.70 1.35 0.999
car -1 -1 -0.48 511.43 183.31 551.87 211.71 1.54 1.62 3.91 -4.30 2.27 39.50 -0.59 0.998
car -1 -1 1.43 460.88 185.70 504.33 215.93 1.46 1.49 2.95 -6.00 2.13 34.60 1.26 0.995
car -1 -1 2.42 698.65 164.52 797.62 200.89 2.48 1.81 4.73 8.50 1.74 43.20 2.61 0.994
car -1 -1 -1.14 626.95 178.33 657.15 202.71 1.54 1.62 3.91 2.10 1.87 47.10 -1.09 0.990
car -1 -1 1.39 366.32 192.59 440.86 234.17 1.46 1.49 2.95 -7.40 2.13 26.00 1.11 0.989
pedestrian -1 -1 -0.22 118.87 196.76 145.41 278.29 1.76 0.66 0.49 -12.50 2.48 18.80 -0.81 0.100
pedestrian -1 -1 1.30 1104.04 157.38 1129.35 200.75 1.41 0.50 1.32 21.60 0.90 30.60 1.91 0.072
pedestrian -1 -1 -1.23 676.95 156.55 706.49 216.45 1.75 0.62 1.83 2.60 1.48 24.20 -1.12 0.059
