pedestrian -1 -1 2.00 377.30 183.08 435.15 327.96 1.41 0.50 1.32 -2.20 1.50 8.40 1.75 0.999
pedestrian -1 -1 0.60 331.03 175.23 368.82 304.27 1.76 0.66 0.49 -4.00 1.68 11.30 0.26 0.999
pedestrian -1 -1 -1.30 890.32 168.71 930.10 274.88 1.76 0.66 0.49 5.10 1.48 11.80 -0.90 0.998
pedestrian -1 -1 -0.27 587.87 168.41 605.86 235.20 1.76 0.66 0.49 -0.10 1.68 20.20 -0.28 0.993
pedestrian -1 -1 0.23 469.94 181.16 516.69 274.77 1.76 0.66 0.49 -2.00 1.68 13.30 0.08 0.987
pedestrian -1 -1 1.76 603.40 171.95 611.55 222.00 1.68 0.41 1.64 0.30 1.54 33.30 1.77 0.535
pedestrian -1 -1 -0.68 563.30 171.12 575.53 223.61 1.68 0.41 1.64 -1.10 1.54 24.50 -0.72 0.173
pedestrian -1 -1 0.73 545.57 174.89 558.60 226.65 1.68 0.41 1.64 -1.70 1.54 24.90 0.66 0.108
cyclist -1 -1 -0.01 456.24 184.41 532.02 270.93 1.68 0.41 1.64 -2.30 1.74 13.30 -0.18 0.964
cyclist -1 -1 1.59 286.53 181.92 405.02 284.17 1.75 0.62 1.83 -5.20 1.68 13.40 1.22 0.687
cyclist -1 -1 -1.34 876.15 173.53 945.70 271.39 1.87 0.84 1.11 5.10 1.73 12.10 -0.94 0.068
