car -1 -1 -1.63 691.32 177.13 809.00 262.34 1.54 1.62 3.91 2.50 1.47 13.90 -1.45 0.999
car -1 -1 -0.43 99.71 164.27 324.91 272.57 1.54 1.62 3.91 -6.30 1.47 12.10 -0.91 0.997
car -1 -1 -2.54 434.49 165.09 530.23 203.88 1.54 1.62 3.91 -5.10 1.27 29.50 -2.71 0.994
car -1 -1 -0.39 673.65 169.70 750.46 195.72 1.54 1.62 3.91 5.10 1.27 37.10 -0.25 0.927
car -1 -1 -2.68 315.92 160.83 486.20 223.19 1.54 1.62 3.91 -4.90 1.27 18.30 -2.94 0.880
car -1 -1 -2.76 392.97 172.54 486.67 215.74 1.46 1.49 2.95 -5.80 1.53 25.00 -2.99 0.865
car -1 -1 0.09 750.99 176.71 922.22 232.84 1.54 1.62 3.91 5.90 1.47 18.70 0.40 0.843
car -1 -1 -0.36 191.27 165.82 443.17 242.22 1.54 1.62 3.91 -6.70 1.47 15.30 -0.77 0.795
car -1 -1 -2.21 504.18 166.91 552.94 191.69 1.46 1.49 2.95 -5.20 1.13 47.00 -2.32 0.661
car -1 -1 -0.43 720.77 169.36 773.51 204.69 1.54 1.62 3.91 6.70 1.47 35.10 -0.24 0.589
car -1 -1 -2.75 482.03 168.97 538.56 197.01 1.46 1.49 2.95 -5.60 1.33 41.60 -2.88 0.226
pedestrian -1 -1 -1.25 932.84 194.54 982.65 288.45 1.41 0.50 1.32 5.80 1.71 12.40 -0.81 0.062
