car -1 -1 -1.71 593.81 172.61 622.90 199.01 1.54 1.62 3.91 0.10 1.67 47.30 -1.71 0.994
car -1 -1 2.03 432.12 181.03 470.20 205.93 1.54 1.62 3.91 -10.70 2.07 49.10 1.81 0.859
car -1 -1 -0.13 277.57 184.07 343.40 213.68 1.54 1.62 3.91 -15.70 2.07 38.50 -0.52 0.103
car -1 -1 0.02 23.32 172.91 412.07 374.00 1.54 1.62 3.91 -2.50 1.47 6.10 -0.37 0.059
pedestrian -1 -1 2.22 708.00 167.96 729.26 249.26 1.76 0.66 0.49 2.10 1.68 14.00 2.37 0.997
pedestrian -1 -1 -0.33 781.15 142.01 818.97 274.33 1.76 0.66 0.49 2.90 1.68 11.20 -0.08 0.866
pedestrian -1 -1 2.12 736.03 160.64 776.63 263.80 1.41 0.50 1.32 2.40 1.50 12.60 2.31 0.804
pedestrian -1 -1 2.14 756.00 149.57 800.00 270.17 1.77 0.62 0.88 2.60 1.68 11.30 2.36 0.067
cyclist -1 -1 1.55 717.60 157.75 861.40 268.98 1.75 0.62 1.83 2.60 1.48 10.20 1.80 0.999
cyclist -1 -1 2.21 696.11 173.00 739.74 248.11 1.77 0.62 0.88 2.30 1.68 14.60 2.37 0.452
cyclist -1 -1 1.84 719.78 168.25 769.60 254.91 1.76 0.66 0.49 2.30 1.68 13.20 2.01 0.154
