car -1 -1 -1.63 632.59 178.23 673.01 211.92 1.54 1.62 3.91 2.10 1.87 36.10 -1.57 0.999
car -1 -1 -0.85 854.28 179.97 1076.71 292.68 1.46 1.49 2.95 5.00 1.53 10.60 -0.40 0.997
car -1 -1 2.25 765.22 181.67 976.20 256.03 1.54 1.62 3.91 5.70 1.67 16.10 2.59 0.987
car -1 -1 -2.29 171.59 168.27 394.76 259.90 2.48 1.81 4.73 -9.10 2.14 19.00 -2.73 0.983
car -1 -1 -2.35 389.64 180.19 505.15 215.40 1.54 1.62 3.91 -5.70 1.67 25.70 -2.56 0.963
car -1 -1 -2.24 8.35 180.82 304.92 302.35 1.54 1.62 3.91 -6.10 1.67 10.50 -2.77 0.961
car -1 -1 -1.62 619.69 174.00 651.17 200.74 1.54 1.62 3.91 1.70 1.67 46.70 -1.58 0.925
car -1 -1 -1.06 936.76 184.42 1215.15 330.56 1.46 1.49 2.95 5.20 1.73 8.60 -0.51 0.918
car -1 -1 0.36 741.14 182.06 883.24 237.94 1.46 1.49 2.95 5.40 1.73 19.40 0.63 0.869
car -1 -1 -0.55 214.28 164.42 319.84 214.45 2.48 1.81 4.73 -18.70 2.14 39.00 -1.00 0.796
car -1 -1 -1.03 287.35 170.55 418.26 239.10 1.46 1.49 2.95 -6.20 1.53 18.40 -1.35 0.387
cyclist -1 -1 1.34 515.56 175.40 536.42 220.40 1.75 0.62 1.83 -3.60 2.08 31.40 1.23 0.996
