car -1 -1 -1.26 745.85 181.62 970.67 331.91 1.54 1.62 3.91 2.70 1.67 8.90 -0.96 1.000
car -1 -1 -1.65 671.26 176.29 745.71 227.29 1.54 1.62 3.91 2.90 1.67 21.30 -1.52 0.999
car -1 -1 -1.36 648.56 169.43 697.96 208.65 1.54 1.62 3.91 2.70 1.47 30.90 -1.27 0.992
car -1 -1 -2.34 142.89 170.36 374.13 269.40 1.54 1.62 3.91 -6.10 1.47 13.10 -2.78 0.989
car -1 -1 -0.01 289.86 173.54 454.91 228.56 1.54 1.62 3.91 -6.50 1.67 19.90 -0.33 0.964
car -1 -1 -1.90 358.46 168.23 500.21 218.29 1.54 1.62 3.91 -4.70 1.47 19.90 -2.13 0.946
car -1 -1 -2.33 452.71 174.63 517.69 206.74 1.46 1.49 2.95 -5.80 1.53 33.20 -2.50 0.922
car -1 -1 -0.30 53.95 183.23 316.37 307.31 1.46 1.49 2.95 -5.80 1.73 9.60 -0.85 0.837
car -1 -1 -1.78 262.50 171.03 380.65 252.63 1.46 1.49 2.95 -5.80 1.53 15.20 -2.14 0.695
car -1 -1 -1.23 640.63 171.56 675.09 199.58 1.54 1.62 3.91 2.70 1.47 40.90 -1.16 0.138
