car -1 -1 -1.72 752.64 175.23 959.31 299.35 1.54 1.62 3.91 3.30 1.47 10.30 -1.41 1.000
car -1 -1 1.79 410.03 175.36 478.67 224.98 1.54 1.62 3.91 -5.90 1.67 26.50 1.57 0.999
car -1 -1 2.01 37.22 193.51 343.77 328.84 1.54 1.62 3.91 -5.50 1.87 10.10 1.51 0.999
car -1 -1 -1.57 688.36 174.18 771.37 233.43 1.54 1.62 3.91 3.10 1.47 19.70 -1.41 0.999
car -1 -1 1.59 452.90 180.18 501.09 213.74 1.46 1.49 2.95 -5.40 1.73 30.20 1.41 0.997
car -1 -1 -1.44 670.90 170.39 736.25 216.42 1.54 1.62 3.91 2.90 1.47 23.90 -1.32 0.982
car -1 -1 -1.47 794.80 178.08 918.36 251.59 1.46 1.49 2.95 5.20 1.53 16.00 -1.15 0.523
car -1 -1 -0.28 890.41 186.26 1236.99 374.00 1.46 1.49 2.95 3.00 1.53 5.60 0.21 0.459
car -1 -1 1.82 183.68 195.72 331.51 300.62 1.46 1.49 2.95 -6.60 2.13 14.00 1.38 0.386
car -1 -1 1.14 224.64 180.82 305.49 220.87 1.54 1.62 3.91 -14.30 1.87 30.10 0.70 0.055
pedestrian -1 -1 -1.75 718.21 158.13 733.68 200.70 1.75 0.62 1.83 6.20 1.28 38.80 -1.59 0.988
pedestrian -1 -1 -1.31 736.52 165.23 748.88 200.34 1.41 0.50 1.32 6.20 1.11 34.00 -1.13 0.209
