car -1 -1 -1.09 121.77 181.02 434.86 364.72 1.54 1.62 3.91 -3.10 1.47 7.70 -1.47 0.999
car -1 -1 1.56 459.53 171.97 489.47 194.52 1.46 1.49 2.95 -8.00 0.93 44.60 1.38 0.993
car -1 -1 -1.01 1119.72 153.44 1223.00 195.24 1.46 1.49 2.95 19.80 0.53 24.60 -0.33 0.955
pedestrian -1 -1 1.95 626.77 153.20 668.26 245.62 1.77 0.62 0.88 0.90 1.28 14.80 2.01 1.000
pedestrian -1 -1 0.87 398.24 154.21 441.88 269.63 1.77 0.62 0.88 -3.20 1.28 12.50 0.62 0.999
pedestrian -1 -1 -2.42 57.19 180.86 103.74 267.94 1.76 0.66 0.49 -11.70 1.48 15.80 -3.06 0.991
pedestrian -1 -1 -1.45 0.00 174.41 41.05 279.07 1.76 0.66 0.49 -12.10 1.68 14.80 -2.13 0.975
pedestrian -1 -1 1.59 127.96 178.51 167.33 254.76 1.68 0.41 1.64 -10.30 1.54 16.10 1.02 0.919
pedestrian -1 -1 -0.07 337.56 167.67 367.99 236.70 1.41 0.50 1.32 -6.60 1.30 18.60 -0.41 0.633
pedestrian -1 -1 0.60 974.52 147.48 994.48 196.18 1.76 0.66 0.49 15.10 0.88 28.00 1.09 0.328
pedestrian -1 -1 -1.96 180.78 172.51 212.59 248.48 1.41 0.50 1.32 -8.80 1.30 15.40 -2.48 0.223
cyclist -1 -1 0.54 956.11 149.09 1003.51 195.74 1.87 0.84 1.11 15.10 0.53 28.50 1.03 0.999
cyclist -1 -1 -1.47 921.66 152.02 951.16 207.88 1.77 0.62 0.88 11.10 0.88 23.80 -1.04 0.998
cyclist -1 -1 1.07 311.46 170.79 391.66 231.99 1.41 0.50 1.32 -6.80 1.11 19.00 0.73 0.054
