car -1 -1 1.75 353.77 185.68 471.12 260.65 1.54 1.62 3.91 -4.30 1.87 16.50 1.49 1.000
car -1 -1 1.90 203.61 182.40 417.54 308.69 1.54 1.62 3.91 -4.30 1.87 11.30 1.53 1.000
car -1 -1 1.75 428.08 182.43 510.75 237.49 1.46 1.49 2.95 -4.00 1.73 20.20 1.55 0.999
car -1 -1 0.45 66.54 172.93 207.30 221.45 1.54 1.62 3.91 -17.30 1.67 26.30 -0.13 0.975
car -1 -1 -1.65 711.82 170.45 786.10 223.53 1.54 1.62 3.91 4.70 1.67 24.70 -1.46 0.969
car -1 -1 1.80 562.26 177.27 602.25 199.84 1.46 1.49 2.95 -2.00 1.93 53.80 1.76 0.887
car -1 -1 -1.53 693.70 171.97 738.53 202.58 1.54 1.62 3.91 5.30 1.47 36.70 -1.38 0.804
car -1 -1 1.45 9.08 179.60 230.32 261.77 1.54 1.62 3.91 -11.30 1.87 16.70 0.86 0.367
car -1 -1 1.48 27.75 188.84 292.59 365.95 1.46 1.49 2.95 -4.40 1.93 8.20 0.99 0.222
cyclist -1 -1 1.43 316.70 182.45 346.34 211.93 1.41 0.50 1.32 -16.20 1.90 42.00 1.06 0.161
