car -1 -1 -0.76 725.95 184.48 897.25 296.11 1.54 1.62 3.91 2.90 1.67 11.10 -0.51 1.000
car -1 -1 -1.55 668.02 178.29 736.16 226.21 1.54 1.62 3.91 2.90 1.67 23.50 -1.42 0.999
car -1 -1 -2.08 223.59 173.60 411.68 254.24 1.54 1.62 3.91 -6.30 1.67 16.10 -2.45 0.994
car -1 -1 -2.64 385.60 167.91 507.77 215.44 1.54 1.62 3.91 -5.70 1.47 26.90 -2.85 0.993
car -1 -1 -0.63 324.02 172.91 472.39 228.33 1.54 1.62 3.91 -6.10 1.67 21.70 -0.91 0.993
car -1 -1 -0.29 35.58 159.54 366.42 285.57 1.54 1.62 3.91 -6.50 1.47 10.90 -0.82 0.989
car -1 -1 -1.40 646.10 170.84 691.93 210.10 1.46 1.49 2.95 2.20 1.53 26.80 -1.31 0.964
car -1 -1 -2.31 441.12 174.88 521.98 208.55 1.54 1.62 3.91 -5.70 1.67 32.70 -2.48 0.942
car -1 -1 -1.24 810.04 206.40 1220.13 374.00 1.54 1.62 3.91 2.90 1.67 6.50 -0.82 0.864
car -1 -1 -0.93 642.49 173.67 671.56 200.48 1.54 1.62 3.91 2.70 1.67 43.30 -0.86 0.087
car -1 -1 -1.66 491.51 174.85 526.80 205.26 1.46 1.49 2.95 -5.00 1.53 37.20 -1.79 0.087
