pedestrian -1 -1 -1.46 722.24 146.80 763.38 245.56 1.68 0.41 1.64 2.50 1.14 13.10 -1.27 1.000
pedestrian -1 -1 -1.59 556.98 151.48 591.90 257.31 1.76 0.66 0.49 -0.50 1.28 11.80 -1.63 1.000
pedestrian -1 -1 1.14 475.04 140.72 498.94 220.23 1.76 0.66 0.49 -2.70 0.88 15.80 0.97 1.000
pedestrian -1 -1 1.33 595.10 149.85 632.09 255.23 1.76 0.66 0.49 0.10 1.28 11.80 1.34 0.999
pedestrian -1 -1 1.85 526.07 141.33 556.23 219.95 1.77 0.62 0.88 -1.40 0.88 15.70 1.76 0.994
pedestrian -1 -1 1.82 441.38 137.93 463.13 217.60 1.76 0.66 0.49 -3.30 0.88 15.20 1.61 0.985
pedestrian -1 -1 1.15 512.48 141.82 538.09 218.20 1.76 0.66 0.49 -2.00 0.88 16.90 1.04 0.981
pedestrian -1 -1 1.46 432.13 145.41 451.03 201.70 1.41 0.50 1.32 -5.00 0.31 21.60 1.23 0.935
pedestrian -1 -1 -0.36 652.67 138.24 666.52 201.53 1.68 0.41 1.64 1.70 0.74 22.70 -0.29 0.853
pedestrian -1 -1 1.48 454.21 139.48 469.15 205.89 1.76 0.66 0.49 -4.10 0.48 20.60 1.28 0.707
pedestrian -1 -1 -0.69 233.56 135.81 285.79 297.48 1.76 0.66 0.49 -4.00 1.28 8.10 -1.15 0.559
pedestrian -1 -1 1.08 354.22 143.26 382.67 197.79 1.41 0.50 1.32 -7.20 0.50 21.80 0.76 0.451
pedestrian -1 -1 -2.15 272.34 139.15 304.15 248.79 1.76 0.66 0.49 -5.20 1.08 11.70 -2.57 0.373
pedestrian -1 -1 0.57 622.04 141.13 639.23 201.18 1.77 0.62 0.88 1.00 0.48 25.70 0.61 0.242
pedestrian -1 -1 1.57 393.09 145.88 406.94 199.64 1.76 0.66 0.49 -6.70 0.48 23.20 1.29 0.175
pedestrian -1 -1 0.67 263.08 140.03 281.39 176.90 1.75 0.62 1.83 -18.80 -0.52 40.40 0.24 0.088
pedestrian -1 -1 -0.16 563.62 139.86 582.06 201.45 1.75 0.62 1.83 -1.20 0.28 27.40 -0.20 0.075
cyclist -1 -1 1.23 340.57 146.16 397.34 194.23 1.41 0.50 1.32 -7.20 0.50 21.80 0.91 0.475
cyclist -1 -1 -0.61 249.99 141.16 302.47 248.25 1.76 0.66 0.49 -5.50 1.08 11.80 -1.05 0.371
cyclist -1 -1 1.74 376.12 146.70 425.95 196.66 1.41 0.50 1.32 -6.40 0.50 22.40 1.46 0.340
cyclist -1 -1 0.96 503.85 143.84 545.25 219.83 1.75 0.62 1.83 -1.80 1.08 16.40 0.86 0.242
cyclist -1 -1 1.54 427.28 139.89 474.25 219.98 1.87 0.84 1.11 -3.30 1.13 15.50 1.33 0.096
