car -1 -1 1.22 391.99 152.58 488.75 228.83 2.48 1.81 4.73 -4.80 1.34 22.70 1.01 0.676
car -1 -1 1.60 442.19 161.43 504.22 212.37 1.54 1.62 3.91 -4.70 1.07 27.30 1.43 0.573
car -1 -1 1.33 523.31 145.82 568.40 206.99 2.48 1.81 4.73 -2.40 1.14 31.30 1.26 0.555
pedestrian -1 -1 -1.66 238.65 167.67 287.63 281.27 1.76 0.66 0.49 -5.50 1.68 11.80 -2.09 1.000
pedestrian -1 -1 -1.42 623.60 160.20 643.50 240.78 1.75 0.62 1.83 0.80 1.48 17.60 -1.38 1.000
pedestrian -1 -1 -0.30 801.03 156.53 857.25 311.79 1.76 0.66 0.49 2.70 1.48 8.40 0.01 0.999
pedestrian -1 -1 -0.65 773.42 153.35 809.56 266.11 1.76 0.66 0.49 2.90 1.28 11.00 -0.39 0.999
pedestrian -1 -1 2.38 368.01 165.21 397.31 271.11 1.76 0.66 0.49 -3.70 1.48 12.20 2.09 0.998
pedestrian -1 -1 0.85 724.96 159.19 769.18 315.75 1.76 0.66 0.49 1.50 1.48 7.60 1.05 0.997
pedestrian -1 -1 2.90 1079.99 139.36 1182.81 324.95 1.77 0.62 0.88 5.40 1.28 7.30 3.54 0.991
pedestrian -1 -1 2.04 687.36 177.90 708.44 230.38 1.41 0.50 1.32 2.60 1.30 19.80 2.17 0.958
pedestrian -1 -1 2.24 334.61 166.49 360.28 276.36 1.76 0.66 0.49 -4.30 1.48 12.40 1.91 0.237
pedestrian -1 -1 2.45 348.86 168.48 378.21 272.06 1.76 0.66 0.49 -4.10 1.48 12.20 2.13 0.056
pedestrian -1 -1 1.02 728.99 163.16 751.22 236.75 1.68 0.41 1.64 4.10 1.14 21.70 1.21 0.051
cyclist -1 -1 2.34 671.73 178.09 715.88 227.31 1.41 0.50 1.32 2.20 1.30 19.00 2.46 0.847
cyclist -1 -1 2.67 1047.19 140.40 1210.19 316.60 1.68 0.41 1.64 6.50 1.34 8.70 3.32 0.510
cyclist -1 -1 2.15 322.83 170.37 372.07 279.53 1.77 0.62 0.88 -4.00 1.48 11.50 1.82 0.472
cyclist -1 -1 1.73 353.17 169.17 411.57 271.32 1.75 0.62 1.83 -3.80 1.48 12.00 1.42 0.105
