car -1 -1 -1.71 718.62 186.78 908.13 311.58 1.54 1.62 3.91 2.70 1.67 10.30 -1.45 0.999
car -1 -1 -1.55 661.39 177.05 738.46 235.97 1.54 1.62 3.91 2.70 1.67 21.10 -1.42 0.999
car -1 -1 -2.73 325.94 184.22 464.01 238.89 1.54 1.62 3.91 -6.50 1.87 21.90 -3.02 0.996
car -1 -1 -2.13 139.84 172.40 402.51 271.61 1.54 1.62 3.91 -6.50 1.67 13.90 -2.57 0.990
car -1 -1 -1.62 650.13 183.90 699.78 221.61 1.46 1.49 2.95 2.60 1.93 29.80 -1.53 0.973
car -1 -1 -1.52 637.68 177.23 677.10 210.77 1.54 1.62 3.91 2.30 1.87 35.70 -1.45 0.956
car -1 -1 -1.83 422.79 185.42 503.82 220.93 1.46 1.49 2.95 -6.20 2.13 31.00 -2.03 0.929
car -1 -1 -1.11 453.91 179.05 535.59 208.17 1.54 1.62 3.91 -6.10 1.87 39.10 -1.26 0.915
car -1 -1 0.95 0.00 191.35 272.77 285.48 1.54 1.62 3.91 -8.90 1.87 13.70 0.38 0.804
car -1 -1 -0.43 493.01 174.81 549.61 204.71 2.48 1.81 4.73 -7.30 2.54 60.20 -0.55 0.565
car -1 -1 -0.59 631.39 180.89 657.02 205.01 1.46 1.49 2.95 2.00 1.93 42.40 -0.55 0.190
