car -1 -1 -1.62 679.98 180.20 757.39 240.17 1.54 1.62 3.91 2.90 1.67 19.90 -1.48 1.000
car -1 -1 -1.82 806.18 168.78 1229.39 371.69 1.46 1.49 2.95 2.60 1.53 5.40 -1.37 0.997
car -1 -1 -1.44 273.87 176.76 472.31 243.66 1.54 1.62 3.91 -5.70 1.67 17.50 -1.75 0.995
car -1 -1 -2.21 0.00 162.43 310.20 294.70 1.54 1.62 3.91 -6.10 1.47 10.30 -2.75 0.984
car -1 -1 0.55 737.47 171.08 861.16 223.03 1.54 1.62 3.91 6.70 1.67 25.10 0.81 0.981
car -1 -1 -2.69 412.27 173.55 517.27 211.87 1.54 1.62 3.91 -5.50 1.67 29.10 -2.88 0.974
car -1 -1 -2.17 365.96 177.75 494.90 225.56 1.46 1.49 2.95 -5.40 1.73 22.60 -2.41 0.851
car -1 -1 -1.87 497.81 176.39 550.05 201.87 1.46 1.49 2.95 -5.40 1.73 46.00 -1.99 0.803
car -1 -1 -2.22 137.60 184.71 327.40 280.62 1.54 1.62 3.91 -6.10 1.67 12.50 -2.67 0.710
car -1 -1 -1.49 632.75 174.19 658.75 197.35 1.46 1.49 2.95 2.80 1.93 54.40 -1.44 0.644
car -1 -1 0.13 723.08 174.27 769.32 209.65 1.54 1.62 3.91 6.50 1.67 35.50 0.31 0.139
car -1 -1 0.51 279.91 180.24 368.09 224.96 1.54 1.62 3.91 -9.90 1.67 24.70 0.12 0.061
