car -1 -1 -0.94 740.45 193.01 992.92 331.43 1.46 1.49 2.95 3.20 1.93 9.60 -0.62 1.000
car -1 -1 -1.95 414.16 168.21 527.14 210.35 1.54 1.62 3.91 -5.10 1.47 27.10 -2.13 0.998
car -1 -1 -1.91 354.66 177.19 465.55 244.88 1.54 1.62 3.91 -4.70 1.47 17.70 -2.17 0.990
car -1 -1 -0.56 652.44 170.46 710.53 217.58 1.54 1.62 3.91 2.70 1.67 29.50 -0.47 0.972
car -1 -1 -1.76 421.64 180.37 491.46 222.13 1.46 1.49 2.95 -5.60 1.93 26.60 -1.96 0.720
car -1 -1 -1.50 387.53 173.87 453.56 220.32 1.46 1.49 2.95 -6.80 1.53 26.60 -1.75 0.428
car -1 -1 -0.22 506.53 171.28 556.35 196.19 2.48 1.81 4.73 -6.70 2.14 65.20 -0.32 0.342
car -1 -1 -1.85 52.68 179.28 351.23 274.59 1.54 1.62 3.91 -6.50 1.67 11.50 -2.36 0.183
car -1 -1 -0.03 630.73 174.73 677.51 195.85 1.54 1.62 3.91 2.90 1.67 49.50 0.03 0.060
pedestrian -1 -1 -1.65 1155.44 181.38 1201.13 229.42 1.41 0.50 1.32 21.60 1.90 27.40 -0.98 0.740
cyclist -1 -1 -1.48 1138.06 182.17 1215.80 233.34 1.75 0.62 1.83 21.80 2.08 27.20 -0.81 0.556
