car -1 -1 -1.50 489.33 175.18 545.76 220.01 1.54 1.62 3.91 -3.30 1.67 27.50 -1.62 0.999
car -1 -1 -1.61 674.76 176.33 798.64 266.78 1.46 1.49 2.95 2.20 1.53 13.20 -1.44 0.999
car -1 -1 -2.42 153.37 187.92 302.10 252.02 1.46 1.49 2.95 -9.00 1.73 16.80 -2.91 0.993
car -1 -1 -1.51 630.26 172.66 702.55 220.19 1.46 1.49 2.95 2.00 1.53 26.60 -1.44 0.989
car -1 -1 -1.73 526.14 179.23 556.56 205.17 1.46 1.49 2.95 -4.00 1.93 42.40 -1.83 0.857
car -1 -1 -1.43 619.35 171.55 654.06 202.62 1.54 1.62 3.91 1.50 1.67 41.90 -1.40 0.598
car -1 -1 0.61 654.81 173.12 693.56 203.95 1.54 1.62 3.91 3.50 1.47 39.10 0.70 0.052
pedestrian -1 -1 -0.74 20.91 163.65 63.81 288.83 1.76 0.66 0.49 -11.10 1.88 14.00 -1.41 0.114
pedestrian -1 -1 0.29 128.54 194.54 160.96 254.23 1.41 0.50 1.32 -13.20 2.11 20.60 -0.28 0.079
cyclist -1 -1 1.16 99.99 194.78 172.87 245.72 1.41 0.50 1.32 -14.00 1.90 21.20 0.57 0.117
