car -1 -1 1.36 490.53 167.02 528.21 201.36 2.48 1.81 4.73 -6.80 1.34 54.70 1.24 0.172
pedestrian -1 -1 -1.47 727.34 159.24 746.30 218.89 1.68 0.41 1.64 3.70 1.14 19.90 -1.29 0.999
pedestrian -1 -1 -1.36 616.25 158.01 656.09 296.61 1.76 0.66 0.49 0.40 1.48 9.50 -1.32 0.998
pedestrian -1 -1 -1.58 677.44 161.72 722.77 291.21 1.76 0.66 0.49 1.20 1.48 9.70 -1.46 0.996
pedestrian -1 -1 -1.95 266.86 176.19 310.75 311.05 1.76 0.66 0.49 -3.90 1.48 9.00 -2.36 0.996
pedestrian -1 -1 -0.18 445.18 170.87 462.46 221.82 1.76 0.66 0.49 -5.10 1.48 25.20 -0.38 0.970
pedestrian -1 -1 0.63 708.33 156.97 723.75 227.71 1.76 0.66 0.49 3.30 1.28 20.60 0.79 0.778
pedestrian -1 -1 2.31 349.74 167.00 405.62 273.98 1.75 0.62 1.83 -5.20 1.48 16.60 2.00 0.287
pedestrian -1 -1 1.31 470.81 166.82 507.25 239.47 1.41 0.50 1.32 -3.80 1.11 24.00 1.15 0.152
pedestrian -1 -1 2.44 61.18 169.05 94.35 267.87 1.76 0.66 0.49 -10.10 1.48 13.80 1.81 0.133
pedestrian -1 -1 -1.49 718.08 162.01 733.65 214.69 1.68 0.41 1.64 4.10 1.14 23.70 -1.32 0.119
pedestrian -1 -1 1.04 468.12 168.70 477.41 206.11 1.68 0.41 1.64 -8.70 0.94 48.70 0.86 0.102
pedestrian -1 -1 -1.23 286.40 175.35 311.63 238.14 1.76 0.66 0.49 -8.90 1.48 21.40 -1.62 0.101
pedestrian -1 -1 1.50 362.04 173.42 377.22 217.49 1.68 0.41 1.64 -13.70 1.34 42.50 1.19 0.081
pedestrian -1 -1 -0.94 685.92 167.81 708.21 218.21 1.75 0.62 1.83 4.40 1.08 32.80 -0.81 0.058
cyclist -1 -1 1.02 462.36 165.37 516.98 255.98 1.75 0.62 1.83 -2.40 1.48 14.40 0.85 1.000
cyclist -1 -1 1.86 337.92 162.24 417.70 323.55 1.68 0.41 1.64 -2.70 1.54 8.70 1.55 0.999
cyclist -1 -1 -0.84 704.63 150.94 747.94 259.39 1.68 0.41 1.64 1.90 1.34 11.10 -0.67 0.740
cyclist -1 -1 0.32 431.53 171.75 474.94 217.00 1.68 0.41 1.64 -4.90 1.34 24.70 0.12 0.112
cyclist -1 -1 -1.40 712.29 160.71 734.36 220.40 1.76 0.66 0.49 3.50 1.28 20.40 -1.23 0.071
