car -1 -1 -1.83 665.54 175.58 822.85 287.81 1.54 1.62 3.91 1.90 1.47 10.70 -1.66 1.000
car -1 -1 -1.07 828.08 161.82 941.63 209.05 1.54 1.62 3.91 9.70 1.27 26.10 -0.71 0.999
car -1 -1 2.21 579.41 170.89 678.04 212.82 1.54 1.62 3.91 0.90 1.47 29.30 2.24 0.998
car -1 -1 -0.51 915.63 165.18 988.13 203.31 1.46 1.49 2.95 14.20 1.13 29.80 -0.07 0.960
car -1 -1 -1.36 732.77 164.94 873.06 214.81 1.54 1.62 3.91 6.50 1.27 23.90 -1.10 0.847
car -1 -1 1.84 726.51 166.74 790.27 208.20 1.54 1.62 3.91 6.30 1.47 31.10 2.04 0.689
car -1 -1 -0.24 967.71 157.11 1059.30 194.82 1.54 1.62 3.91 19.30 0.87 35.10 0.26 0.560
car -1 -1 1.17 1112.67 155.00 1187.18 185.84 2.48 1.81 4.73 43.40 0.94 58.10 1.81 0.304
car -1 -1 0.18 789.57 166.46 859.79 199.24 1.46 1.49 2.95 11.20 1.13 37.80 0.47 0.058
pedestrian -1 -1 0.32 568.17 154.31 584.07 202.92 1.68 0.41 1.64 -1.30 1.34 29.30 0.28 0.877
pedestrian -1 -1 -2.55 330.53 148.48 350.54 203.27 1.76 0.66 0.49 -9.80 1.28 26.10 -2.91 0.870
