car -1 -1 1.79 259.42 188.39 431.66 285.56 1.54 1.62 3.91 -4.70 1.87 13.30 1.45 1.000
car -1 -1 -1.90 825.16 187.68 1126.55 355.56 1.54 1.62 3.91 3.70 1.67 8.30 -1.48 1.000
car -1 -1 -1.74 750.94 182.06 889.02 271.37 1.54 1.62 3.91 3.70 1.67 13.50 -1.47 1.000
car -1 -1 1.77 378.66 182.70 485.51 249.72 1.54 1.62 3.91 -4.50 1.87 19.50 1.54 0.999
car -1 -1 1.61 442.20 183.09 513.66 229.54 1.54 1.62 3.91 -4.30 1.87 24.50 1.44 0.997
car -1 -1 1.57 524.56 177.05 562.36 206.68 1.54 1.62 3.91 -3.70 1.87 40.50 1.48 0.996
car -1 -1 -1.57 708.49 177.93 804.86 244.19 1.46 1.49 2.95 3.60 1.53 18.20 -1.37 0.995
car -1 -1 -1.59 692.42 179.05 755.02 226.52 1.54 1.62 3.91 3.90 1.67 24.70 -1.44 0.994
car -1 -1 -1.54 680.66 175.67 730.16 213.19 1.54 1.62 3.91 3.70 1.47 28.10 -1.41 0.813
car -1 -1 -1.83 1014.29 175.62 1121.59 216.57 1.54 1.62 3.91 17.70 1.67 28.10 -1.26 0.220
pedestrian -1 -1 -0.90 895.59 181.75 913.19 221.29 1.41 0.50 1.32 13.80 1.71 33.80 -0.51 0.389
