car -1 -1 -2.56 243.39 177.48 442.08 242.35 1.54 1.62 3.91 -6.50 1.67 18.10 -2.90 0.996
car -1 -1 -1.83 445.35 173.17 526.70 202.27 1.54 1.62 3.91 -6.10 1.67 37.90 -1.99 0.991
car -1 -1 2.44 831.70 164.67 1160.80 285.19 2.48 1.81 4.73 6.50 1.94 12.60 2.91 0.989
car -1 -1 -2.78 357.67 172.96 490.06 224.09 1.54 1.62 3.91 -5.90 1.67 24.30 -3.02 0.988
car -1 -1 -2.27 29.54 185.04 283.36 292.03 1.46 1.49 2.95 -6.00 1.53 10.00 -2.81 0.933
car -1 -1 0.37 495.46 166.72 563.53 197.59 2.48 1.81 4.73 -5.30 1.94 50.80 0.26 0.239
car -1 -1 -0.85 171.05 187.39 307.10 236.21 1.54 1.62 3.91 -11.50 1.87 22.30 -1.33 0.221
car -1 -1 -1.04 641.87 153.86 690.67 209.58 2.48 1.81 4.73 2.40 1.94 31.90 -0.96 0.088
car -1 -1 -2.18 470.38 177.77 508.48 204.31 1.46 1.49 2.95 -6.40 1.93 39.20 -2.34 0.055
pedestrian -1 -1 -1.05 223.02 169.63 265.88 225.14 1.41 0.50 1.32 -11.60 1.50 23.00 -1.52 0.208
