car -1 -1 -1.56 741.12 182.58 872.99 266.68 1.54 1.62 3.91 3.90 1.67 14.70 -1.30 1.000
car -1 -1 1.75 395.40 184.30 492.49 244.76 1.54 1.62 3.91 -4.50 1.87 20.50 1.54 1.000
car -1 -1 -1.62 707.62 177.74 801.39 238.73 1.54 1.62 3.91 3.70 1.67 19.90 -1.43 1.000
car -1 -1 1.79 291.16 188.79 443.31 277.28 1.54 1.62 3.91 -4.70 1.87 14.90 1.48 1.000
car -1 -1 -1.74 801.68 190.98 1059.27 336.89 1.46 1.49 2.95 3.60 1.53 8.40 -1.33 0.999
car -1 -1 -1.60 689.13 178.43 746.11 222.62 1.54 1.62 3.91 3.90 1.67 26.30 -1.45 0.996
car -1 -1 1.73 453.48 183.88 517.65 227.25 1.46 1.49 2.95 -4.20 1.93 24.80 1.56 0.994
car -1 -1 1.48 528.17 178.48 566.15 207.61 1.54 1.62 3.91 -3.10 1.87 36.90 1.40 0.974
car -1 -1 -1.68 682.81 176.53 725.32 208.19 1.46 1.49 2.95 4.20 1.53 33.00 -1.55 0.902
car -1 -1 -1.75 982.74 173.41 1126.38 216.50 1.54 1.62 3.91 14.30 1.47 23.10 -1.19 0.607
car -1 -1 -1.31 936.42 178.24 1228.47 365.87 1.46 1.49 2.95 3.60 1.53 4.80 -0.67 0.138
