car -1 -1 -0.80 603.11 139.78 670.60 196.43 1.54 1.62 3.91 0.90 0.47 21.30 -0.76 0.088
pedestrian -1 -1 0.00 607.57 155.97 654.12 292.14 1.76 0.66 0.49 0.30 1.28 9.00 0.04 0.999
pedestrian -1 -1 -0.54 666.42 150.03 717.16 287.62 1.68 0.41 1.64 1.10 1.34 9.70 -0.43 0.999
pedestrian -1 -1 1.12 548.42 141.76 579.67 230.44 1.76 0.66 0.49 -0.90 1.08 14.60 1.06 0.999
pedestrian -1 -1 1.73 486.66 134.34 510.70 228.12 1.76 0.66 0.49 -2.10 0.88 13.80 1.58 0.998
pedestrian -1 -1 1.13 504.46 138.80 537.01 228.36 1.76 0.66 0.49 -1.70 1.08 14.40 1.01 0.998
pedestrian -1 -1 1.57 375.71 143.93 394.48 194.04 1.76 0.66 0.49 -7.10 0.68 22.80 1.27 0.994
pedestrian -1 -1 -1.69 659.44 144.51 693.54 233.92 1.75 0.62 1.83 1.80 0.88 18.80 -1.60 0.947
pedestrian -1 -1 0.40 534.40 140.26 554.91 225.17 1.76 0.66 0.49 -1.30 0.88 14.80 0.31 0.934
pedestrian -1 -1 1.07 448.18 145.76 466.92 206.61 1.77 0.62 0.88 -4.40 0.68 21.10 0.87 0.925
pedestrian -1 -1 1.18 396.18 143.03 407.12 189.16 1.76 0.66 0.49 -7.50 0.48 26.20 0.90 0.455
pedestrian -1 -1 -2.42 277.29 138.35 309.61 250.69 1.76 0.66 0.49 -5.10 1.08 11.60 -2.83 0.362
pedestrian -1 -1 0.84 415.35 144.71 437.01 196.43 1.41 0.50 1.32 -6.40 0.31 25.00 0.59 0.332
pedestrian -1 -1 1.79 481.48 140.90 495.29 205.62 1.76 0.66 0.49 -3.50 0.68 20.80 1.62 0.297
pedestrian -1 -1 0.45 246.44 129.97 281.11 265.53 1.76 0.66 0.49 -5.50 1.28 11.40 -0.00 0.274
pedestrian -1 -1 1.49 471.67 145.81 488.61 194.83 1.41 0.50 1.32 -3.80 0.31 21.40 1.31 0.254
pedestrian -1 -1 -0.31 653.47 138.57 664.47 212.21 1.68 0.41 1.64 1.50 0.74 20.10 -0.24 0.237
pedestrian -1 -1 1.70 594.16 143.93 606.37 191.68 1.41 0.50 1.32 -0.20 0.10 27.60 1.69 0.153
pedestrian -1 -1 1.79 491.39 136.81 502.35 170.40 1.75 0.62 1.83 -6.40 -0.92 41.80 1.64 0.104
pedestrian -1 -1 -0.81 633.16 141.13 677.85 282.63 1.76 0.66 0.49 0.60 1.28 8.90 -0.74 0.062
pedestrian -1 -1 1.36 461.97 143.81 478.92 198.78 1.77 0.62 0.88 -4.00 0.68 21.10 1.18 0.058
cyclist -1 -1 0.89 403.70 143.86 444.25 201.20 1.75 0.62 1.83 -5.80 0.68 23.60 0.65 0.565
cyclist -1 -1 -1.49 251.45 137.48 310.14 251.95 1.76 0.66 0.49 -5.20 1.08 11.30 -1.92 0.343
cyclist -1 -1 1.51 364.28 146.06 409.60 189.72 1.41 0.50 1.32 -7.00 0.31 22.40 1.21 0.333
cyclist -1 -1 1.34 588.71 146.38 611.14 184.90 1.41 0.50 1.32 -0.40 0.10 27.80 1.33 0.065
