car -1 -1 -1.75 810.19 193.38 1090.37 374.00 1.54 1.62 3.91 3.30 1.67 8.10 -1.36 0.999
car -1 -1 1.73 553.67 187.87 593.27 219.46 1.54 1.62 3.91 -1.70 2.27 35.70 1.69 0.999
car -1 -1 1.18 709.62 194.62 782.58 250.04 1.46 1.49 2.95 3.80 2.13 20.60 1.36 0.997
car -1 -1 1.45 454.05 173.22 549.76 267.06 1.54 1.62 3.91 -2.50 1.87 17.10 1.30 0.992
car -1 -1 1.33 747.57 193.13 859.79 281.27 1.54 1.62 3.91 3.90 2.07 15.50 1.58 0.991
car -1 -1 1.95 8.44 216.46 438.85 374.00 1.54 1.62 3.91 -2.90 1.67 6.30 1.52 0.980
car -1 -1 -1.37 689.17 193.39 730.71 226.16 1.46 1.49 2.95 4.40 2.33 31.60 -1.23 0.922
car -1 -1 -1.39 670.52 188.43 709.88 219.66 1.46 1.49 2.95 4.00 2.33 36.00 -1.28 0.815
car -1 -1 -0.82 701.77 192.54 752.88 234.58 1.46 1.49 2.95 4.00 2.13 25.80 -0.67 0.427
car -1 -1 0.11 492.31 186.83 564.52 244.27 1.54 1.62 3.91 -2.50 2.07 23.10 -0.00 0.392
pedestrian -1 -1 2.49 824.16 204.66 864.80 330.13 1.76 0.66 0.49 2.90 1.88 9.00 2.81 0.271
