car -1 -1 1.88 153.71 202.65 346.62 304.74 1.54 1.62 3.91 -6.10 2.07 12.50 1.42 1.000
car -1 -1 1.77 440.50 185.33 500.37 224.01 1.54 1.62 3.91 -5.70 2.07 30.50 1.59 0.999
car -1 -1 1.88 293.84 197.08 415.45 266.23 1.54 1.62 3.91 -6.10 2.07 17.90 1.55 0.999
car -1 -1 1.94 381.92 191.26 458.47 241.63 1.46 1.49 2.95 -5.80 2.13 22.00 1.68 0.995
car -1 -1 -1.56 659.75 174.89 707.62 214.60 1.46 1.49 2.95 3.00 1.53 29.80 -1.46 0.918
car -1 -1 3.01 845.53 147.98 1040.00 209.89 1.54 1.62 3.91 9.50 1.07 20.10 3.45 0.891
car -1 -1 -1.27 674.27 173.11 735.59 219.03 1.46 1.49 2.95 3.20 1.53 25.60 -1.14 0.638
car -1 -1 2.35 477.68 184.95 514.11 217.45 1.46 1.49 2.95 -6.00 2.33 38.80 2.20 0.334
car -1 -1 0.51 1169.63 136.34 1241.00 178.67 1.54 1.62 3.91 27.10 0.27 32.50 1.21 0.287
car -1 -1 -1.37 645.71 175.32 680.44 204.40 1.54 1.62 3.91 2.90 1.67 39.90 -1.29 0.278
car -1 -1 2.12 770.63 150.94 847.84 206.72 2.48 1.81 4.73 8.40 1.54 31.10 2.38 0.138
car -1 -1 1.95 499.31 182.62 535.25 207.52 1.54 1.62 3.91 -5.50 2.07 42.70 1.82 0.128
car -1 -1 2.57 806.38 153.67 925.26 205.75 1.54 1.62 3.91 7.30 1.07 21.10 2.91 0.105
