car -1 -1 1.18 400.60 186.82 478.39 237.82 1.46 1.49 2.95 -5.20 1.93 21.40 0.94 0.997
car -1 -1 -1.52 638.99 176.16 670.34 202.41 1.54 1.62 3.91 2.70 1.87 44.30 -1.46 0.986
car -1 -1 0.24 848.47 188.89 1228.12 369.16 1.46 1.49 2.95 3.80 1.73 6.80 0.75 0.342
car -1 -1 0.66 500.19 183.78 541.66 207.35 1.46 1.49 2.95 -5.20 2.13 43.00 0.54 0.301
car -1 -1 1.88 7.74 196.93 293.50 369.53 1.46 1.49 2.95 -4.00 1.73 7.40 1.39 0.160
pedestrian -1 -1 -1.75 703.36 162.42 720.41 209.81 1.68 0.41 1.64 4.50 1.54 32.10 -1.61 0.995
pedestrian -1 -1 2.12 433.11 176.32 459.17 257.00 1.77 0.62 0.88 -5.10 1.68 22.40 1.89 0.264
pedestrian -1 -1 1.97 476.16 176.13 492.64 206.66 1.41 0.50 1.32 -9.00 1.90 51.00 1.80 0.054
cyclist -1 -1 1.67 463.10 172.95 502.66 258.30 1.77 0.62 0.88 -3.00 1.88 16.90 1.50 0.997
cyclist -1 -1 1.90 424.78 175.90 465.40 259.73 1.75 0.62 1.83 -3.60 1.88 16.40 1.69 0.996
cyclist -1 -1 1.88 514.96 175.48 538.96 215.64 1.75 0.62 1.83 -4.60 2.08 40.60 1.77 0.761
