car -1 -1 1.44 548.45 179.06 589.40 212.05 1.54 1.62 3.91 -1.50 1.47 37.10 1.40 0.987
pedestrian -1 -1 1.87 437.54 174.74 465.99 248.57 1.76 0.66 0.49 -3.70 1.68 17.80 1.67 1.000
pedestrian -1 -1 0.36 661.33 172.65 698.24 271.10 1.76 0.66 0.49 1.40 1.48 12.70 0.47 1.000
pedestrian -1 -1 2.09 778.72 165.50 803.33 236.87 1.76 0.66 0.49 4.90 1.48 18.80 2.34 1.000
pedestrian -1 -1 -1.32 701.07 171.81 732.98 277.59 1.68 0.41 1.64 2.10 1.54 13.30 -1.17 0.999
pedestrian -1 -1 -1.37 728.47 169.36 764.52 249.24 1.77 0.62 0.88 3.40 1.48 17.30 -1.18 0.998
pedestrian -1 -1 -1.38 763.42 163.59 787.95 231.24 1.76 0.66 0.49 4.60 1.28 19.30 -1.15 0.991
pedestrian -1 -1 -1.78 82.32 176.10 128.48 303.71 1.76 0.66 0.49 -8.10 1.68 11.60 -2.39 0.985
pedestrian -1 -1 -1.43 626.51 165.90 652.66 238.31 1.87 0.84 1.11 1.10 1.53 21.50 -1.38 0.976
pedestrian -1 -1 1.47 401.59 175.69 425.56 251.78 1.76 0.66 0.49 -4.70 1.68 18.00 1.22 0.943
pedestrian -1 -1 -0.72 752.62 165.48 768.56 234.32 1.76 0.66 0.49 4.10 1.28 18.60 -0.51 0.629
pedestrian -1 -1 -0.54 731.91 168.03 747.40 206.79 1.75 0.62 1.83 7.80 1.08 41.00 -0.35 0.616
pedestrian -1 -1 -0.88 24.69 177.58 143.69 373.00 1.77 0.62 0.88 -4.80 1.68 6.50 -1.52 0.418
pedestrian -1 -1 -0.38 746.71 168.33 762.23 207.18 1.75 0.62 1.83 8.00 1.08 37.80 -0.18 0.329
pedestrian -1 -1 -0.92 105.40 182.47 142.16 266.58 1.76 0.66 0.49 -11.40 1.68 17.30 -1.50 0.058
cyclist -1 -1 -1.10 620.99 168.61 664.16 235.73 1.87 0.84 1.11 1.30 1.53 19.90 -1.03 0.409
cyclist -1 -1 1.28 361.59 187.79 429.45 252.04 1.68 0.41 1.64 -5.10 1.74 17.50 1.00 0.102
