car -1 -1 0.22 124.02 196.78 205.13 222.25 1.54 1.62 3.91 -28.30 3.07 45.30 -0.34 0.995
car -1 -1 -1.79 615.84 188.62 785.44 299.29 1.46 1.49 2.95 1.40 1.73 12.20 -1.68 0.994
car -1 -1 -1.71 509.12 186.35 566.61 230.09 1.54 1.62 3.91 -2.50 2.07 27.30 -1.80 0.994
car -1 -1 -1.54 496.91 186.09 540.72 220.87 1.46 1.49 2.95 -4.20 2.13 32.20 -1.67 0.977
car -1 -1 1.93 688.58 171.33 801.64 210.05 1.54 1.62 3.91 5.90 1.47 30.70 2.12 0.937
car -1 -1 1.52 25.15 206.74 234.44 333.58 1.46 1.49 2.95 -7.00 2.33 11.00 0.95 0.922
car -1 -1 1.67 330.00 190.10 379.52 217.70 1.46 1.49 2.95 -16.00 2.73 46.00 1.34 0.728
car -1 -1 -0.32 779.10 152.90 1210.60 368.40 1.54 1.62 3.91 2.70 1.47 5.30 0.15 0.669
car -1 -1 0.15 643.47 175.42 732.24 213.43 1.54 1.62 3.91 3.10 1.67 30.50 0.25 0.468
car -1 -1 -1.57 484.08 183.18 508.86 204.03 1.54 1.62 3.91 -8.90 2.47 56.50 -1.72 0.420
car -1 -1 0.88 697.07 177.66 749.46 219.15 1.46 1.49 2.95 4.60 1.93 29.40 1.03 0.080
pedestrian -1 -1 -1.21 704.94 168.62 716.12 200.80 1.41 0.50 1.32 5.80 1.50 41.20 -1.07 0.114
