car -1 -1 -1.68 617.43 206.56 896.34 364.87 1.46 1.49 2.95 1.60 1.93 7.60 -1.47 0.997
car -1 -1 -1.61 574.61 201.93 693.28 301.13 1.46 1.49 2.95 0.40 1.93 12.20 -1.58 0.996
car -1 -1 -1.50 496.77 196.15 619.77 265.22 1.46 1.49 2.95 -1.20 2.13 17.20 -1.57 0.989
car -1 -1 0.51 468.93 200.20 513.59 235.93 1.46 1.49 2.95 -5.40 2.73 32.00 0.34 0.974
car -1 -1 1.74 341.76 200.97 376.26 225.83 1.46 1.49 2.95 -18.60 3.73 53.60 1.40 0.973
car -1 -1 1.63 174.89 216.65 300.21 307.58 1.46 1.49 2.95 -7.60 2.33 14.80 1.15 0.960
car -1 -1 1.81 286.59 196.79 355.01 254.21 1.46 1.49 2.95 -10.20 2.53 25.20 1.42 0.956
car -1 -1 -1.01 485.06 197.56 551.87 247.53 1.46 1.49 2.95 -2.60 2.13 20.40 -1.14 0.398
car -1 -1 -0.62 442.17 198.58 495.72 222.75 1.54 1.62 3.91 -8.70 3.07 44.50 -0.81 0.123
car -1 -1 -0.99 709.34 218.43 1236.51 366.73 1.46 1.49 2.95 2.00 1.73 4.60 -0.58 0.095
pedestrian -1 -1 -1.43 590.71 198.61 608.01 241.84 1.41 0.50 1.32 -0.40 2.31 25.40 -1.44 0.898
pedestrian -1 -1 -0.53 273.68 208.04 289.15 239.68 1.41 0.50 1.32 -16.60 3.31 36.40 -0.96 0.146
