car -1 -1 -1.64 661.03 178.36 725.97 228.80 1.46 1.49 2.95 2.60 1.73 23.00 -1.53 1.000
car -1 -1 -1.49 537.83 177.09 574.38 209.40 1.54 1.62 3.91 -2.70 1.87 37.90 -1.56 0.998
car -1 -1 -1.70 747.22 182.82 1085.25 374.00 1.46 1.49 2.95 2.40 1.53 6.80 -1.36 0.998
car -1 -1 -1.70 646.05 178.45 687.66 210.82 1.46 1.49 2.95 2.60 1.73 32.80 -1.62 0.996
car -1 -1 -1.32 249.84 189.97 492.68 337.16 1.46 1.49 2.95 -3.00 1.73 9.40 -1.63 0.994
car -1 -1 -0.73 10.47 188.45 388.34 372.52 1.46 1.49 2.95 -3.60 1.73 7.20 -1.20 0.894
car -1 -1 -1.85 633.70 175.83 668.37 208.59 1.54 1.62 3.91 2.30 1.87 41.50 -1.80 0.830
car -1 -1 1.60 394.84 184.93 489.76 224.80 1.54 1.62 3.91 -7.10 2.07 31.90 1.38 0.316
car -1 -1 -1.30 373.10 182.92 496.87 299.70 1.54 1.62 3.91 -2.90 1.87 13.30 -1.51 0.232
pedestrian -1 -1 -1.11 335.92 161.29 360.63 257.71 1.76 0.66 0.49 -4.90 1.48 13.60 -1.45 0.987
pedestrian -1 -1 -1.60 372.98 169.62 394.78 247.48 1.76 0.66 0.49 -4.90 1.68 15.60 -1.91 0.966
pedestrian -1 -1 -0.90 1151.62 153.08 1218.90 374.00 1.76 0.66 0.49 4.40 1.48 5.30 -0.21 0.184
cyclist -1 -1 1.27 446.23 179.85 467.30 214.98 1.41 0.50 1.32 -6.80 1.71 32.20 1.06 0.191
