car -1 -1 -2.94 318.25 174.51 468.99 224.78 1.54 1.62 3.91 -6.70 1.67 22.90 -3.23 0.998
car -1 -1 0.86 712.19 177.67 824.35 268.94 1.46 1.49 2.95 3.00 1.73 14.60 1.06 0.994
car -1 -1 -1.31 639.61 173.25 672.72 202.31 1.54 1.62 3.91 2.70 1.67 42.90 -1.25 0.932
car -1 -1 -3.03 380.79 173.39 502.10 214.59 1.54 1.62 3.91 -6.10 1.67 27.30 -3.25 0.776
car -1 -1 -1.47 5.98 158.27 309.77 338.48 1.46 1.49 2.95 -4.60 1.53 8.20 -1.98 0.681
car -1 -1 -1.64 456.25 171.05 545.33 202.89 1.54 1.62 3.91 -5.30 1.67 36.30 -1.78 0.612
car -1 -1 -1.83 790.91 199.81 1187.61 367.20 1.46 1.49 2.95 2.60 1.73 5.80 -1.41 0.578
car -1 -1 1.12 229.97 184.93 322.87 237.47 1.46 1.49 2.95 -10.60 1.93 23.20 0.70 0.207
car -1 -1 -0.15 154.66 178.21 326.10 267.81 1.54 1.62 3.91 -8.50 1.87 16.90 -0.61 0.134
car -1 -1 -1.47 738.41 38.83 1224.33 358.20 2.48 1.81 4.73 2.00 1.94 4.70 -1.06 0.134
car -1 -1 -0.25 493.29 167.37 563.77 195.22 1.54 1.62 3.91 -5.30 1.47 47.70 -0.36 0.078
car -1 -1 0.73 157.46 162.99 278.19 225.80 2.48 1.81 4.73 -16.40 1.94 30.30 0.23 0.076
