car -1 -1 1.50 551.35 178.77 600.75 211.26 1.46 1.49 2.95 -1.40 1.53 40.00 1.46 0.993
pedestrian -1 -1 2.17 871.77 162.99 910.18 273.39 1.76 0.66 0.49 4.90 1.48 12.20 2.55 1.000
pedestrian -1 -1 2.20 401.66 167.88 439.99 271.10 1.76 0.66 0.49 -3.40 1.68 13.30 1.95 1.000
pedestrian -1 -1 1.33 833.90 164.45 873.00 264.53 1.76 0.66 0.49 4.40 1.48 12.70 1.67 1.000
pedestrian -1 -1 -0.55 719.17 163.54 777.86 294.71 1.77 0.62 0.88 2.20 1.48 10.90 -0.36 0.999
pedestrian -1 -1 -1.51 780.75 161.66 807.47 242.07 1.76 0.66 0.49 4.70 1.28 17.60 -1.25 0.997
pedestrian -1 -1 -1.61 638.38 164.71 672.74 241.27 1.87 0.84 1.11 1.50 1.53 20.10 -1.54 0.992
pedestrian -1 -1 -1.69 761.92 166.30 791.15 260.06 1.76 0.66 0.49 3.50 1.48 14.60 -1.45 0.989
pedestrian -1 -1 0.04 692.64 169.81 717.61 264.24 1.68 0.41 1.64 1.90 1.54 14.10 0.18 0.937
pedestrian -1 -1 2.12 330.72 169.01 366.69 268.06 1.76 0.66 0.49 -4.60 1.48 13.30 1.79 0.935
pedestrian -1 -1 -0.80 772.57 168.08 793.77 210.18 1.75 0.62 1.83 9.00 1.08 35.60 -0.56 0.123
pedestrian -1 -1 -0.72 707.84 174.21 742.72 275.64 1.76 0.66 0.49 2.30 1.48 13.80 -0.56 0.117
pedestrian -1 -1 -0.22 732.00 168.39 774.45 212.82 1.75 0.62 1.83 7.60 1.08 35.80 -0.01 0.115
cyclist -1 -1 2.38 306.12 172.91 384.40 266.33 1.75 0.62 1.83 -6.00 1.68 17.20 2.04 0.902
cyclist -1 -1 -0.13 0.00 195.75 196.73 298.49 1.75 0.62 1.83 -7.20 1.68 10.00 -0.76 0.633
cyclist -1 -1 -2.00 634.00 163.87 682.55 245.61 1.75 0.62 1.83 1.80 1.48 19.60 -1.91 0.255
