car -1 -1 0.53 546.23 158.74 576.72 196.04 2.48 1.81 4.73 -2.40 1.14 48.70 0.48 0.826
car -1 -1 -1.39 417.58 165.46 525.99 220.32 2.48 1.81 4.73 -5.90 1.54 31.80 -1.57 0.800
car -1 -1 -1.40 475.40 168.58 529.88 209.45 1.54 1.62 3.91 -4.10 1.07 30.50 -1.53 0.358
pedestrian -1 -1 -1.79 441.20 164.02 481.39 266.87 1.76 0.66 0.49 -2.60 1.48 12.90 -1.99 1.000
pedestrian -1 -1 -1.76 694.16 164.15 719.38 238.92 1.76 0.66 0.49 2.40 1.28 17.10 -1.62 1.000
pedestrian -1 -1 1.38 989.39 151.27 1034.14 255.54 1.76 0.66 0.49 6.50 1.28 11.60 1.89 1.000
pedestrian -1 -1 -1.36 778.50 154.24 836.13 342.55 1.76 0.66 0.49 2.10 1.48 7.20 -1.08 0.999
pedestrian -1 -1 -1.62 881.21 146.74 943.85 337.88 1.76 0.66 0.49 2.90 1.48 7.00 -1.22 0.997
pedestrian -1 -1 2.14 1119.79 139.72 1181.76 278.15 1.76 0.66 0.49 7.30 1.28 9.60 2.79 0.994
pedestrian -1 -1 -2.18 127.97 175.41 192.29 341.93 1.76 0.66 0.49 -4.80 1.68 7.70 -2.73 0.989
pedestrian -1 -1 2.33 476.76 169.45 491.92 240.68 1.68 0.41 1.64 -3.70 1.34 23.10 2.17 0.921
pedestrian -1 -1 -1.06 425.10 169.44 438.32 219.14 1.76 0.66 0.49 -6.90 1.28 29.40 -1.29 0.815
pedestrian -1 -1 2.07 442.38 169.59 453.94 221.67 1.76 0.66 0.49 -6.90 1.48 32.40 1.87 0.435
pedestrian -1 -1 1.88 717.46 173.98 733.77 224.52 1.68 0.41 1.64 3.90 1.34 22.30 2.05 0.148
pedestrian -1 -1 -1.52 874.40 167.03 919.90 238.70 1.41 0.50 1.32 6.80 1.11 17.00 -1.14 0.114
pedestrian -1 -1 -1.43 126.23 171.02 162.15 236.67 1.77 0.62 0.88 -13.90 1.48 22.00 -1.99 0.077
pedestrian -1 -1 -0.31 25.58 171.64 103.31 328.25 1.87 0.84 1.11 -6.50 1.73 9.10 -0.93 0.076
cyclist -1 -1 -0.97 3.95 171.54 111.21 337.80 1.76 0.66 0.49 -5.10 1.68 6.80 -1.61 0.949
cyclist -1 -1 2.08 712.88 176.81 740.33 223.45 1.41 0.50 1.32 3.80 1.30 22.40 2.25 0.144
cyclist -1 -1 1.61 1101.42 149.37 1201.55 269.49 1.87 0.84 1.11 7.50 1.13 9.90 2.26 0.061
