car -1 -1 -1.82 768.06 180.34 934.17 284.78 1.54 1.62 3.91 3.90 1.67 12.90 -1.53 0.999
car -1 -1 1.58 477.77 182.09 535.43 222.88 1.54 1.62 3.91 -3.90 1.87 28.10 1.44 0.999
car -1 -1 1.58 431.96 184.52 512.89 238.31 1.54 1.62 3.91 -4.30 1.87 22.30 1.39 0.999
car -1 -1 -1.74 709.01 177.16 784.16 227.86 1.46 1.49 2.95 4.00 1.53 22.00 -1.56 0.997
car -1 -1 -1.54 735.34 180.75 835.30 248.63 1.54 1.62 3.91 3.90 1.67 17.50 -1.32 0.997
car -1 -1 -2.13 854.05 191.54 1231.93 374.00 1.54 1.62 3.91 3.70 1.67 6.90 -1.64 0.997
car -1 -1 1.49 511.34 181.95 553.00 214.09 1.46 1.49 2.95 -3.80 1.93 34.60 1.38 0.994
car -1 -1 -1.63 689.99 177.06 746.42 216.74 1.46 1.49 2.95 4.00 1.73 27.00 -1.49 0.990
car -1 -1 1.60 552.23 177.30 590.85 201.91 1.46 1.49 2.95 -3.00 2.13 55.20 1.54 0.610
car -1 -1 -1.36 683.33 174.92 722.13 204.40 1.54 1.62 3.91 5.10 1.67 40.90 -1.23 0.454
car -1 -1 -2.12 935.63 173.80 1006.07 209.92 1.46 1.49 2.95 13.60 1.53 27.20 -1.65 0.386
car -1 -1 -1.29 1138.76 173.57 1230.11 213.77 1.46 1.49 2.95 22.00 1.53 27.80 -0.63 0.287
car -1 -1 -1.73 995.89 173.00 1071.31 205.84 1.46 1.49 2.95 19.20 1.53 32.80 -1.20 0.176
