car -1 -1 -1.45 490.95 183.42 545.96 222.42 1.54 1.62 3.91 -3.50 1.47 28.70 -1.57 1.000
car -1 -1 -1.48 373.50 182.17 491.67 260.04 1.54 1.62 3.91 -3.70 1.47 16.10 -1.71 1.000
car -1 -1 -1.61 576.34 178.50 617.03 216.93 1.54 1.62 3.91 -0.30 1.27 30.10 -1.62 0.999
car -1 -1 -1.07 209.80 178.17 349.03 250.80 1.54 1.62 3.91 -7.70 1.47 17.70 -1.48 0.999
car -1 -1 0.80 78.30 184.34 215.00 245.09 1.46 1.49 2.95 -11.80 1.53 18.60 0.23 0.992
car -1 -1 0.36 306.12 178.58 372.85 221.34 1.46 1.49 2.95 -10.20 1.33 27.40 0.00 0.982
car -1 -1 0.02 328.94 183.06 419.45 230.50 1.54 1.62 3.91 -6.70 1.27 20.90 -0.29 0.842
car -1 -1 -0.77 582.81 185.63 664.48 218.83 1.54 1.62 3.91 0.70 1.47 31.50 -0.75 0.805
car -1 -1 -0.50 13.88 186.56 187.32 285.15 1.46 1.49 2.95 -8.40 1.53 12.40 -1.10 0.711
car -1 -1 -1.60 439.14 179.56 495.62 210.81 1.46 1.49 2.95 -7.60 1.33 38.80 -1.80 0.418
