car -1 -1 1.16 0.00 200.31 406.90 341.47 1.54 1.62 3.91 -4.30 1.67 8.50 0.69 0.646
pedestrian -1 -1 0.68 919.02 149.16 975.80 299.93 1.76 0.66 0.49 4.30 1.28 9.20 1.12 0.999
pedestrian -1 -1 -1.41 516.08 176.21 532.94 226.89 1.68 0.41 1.64 -2.70 1.54 25.50 -1.52 0.999
pedestrian -1 -1 0.40 641.97 171.16 654.89 225.25 1.68 0.41 1.64 1.70 1.54 25.90 0.46 0.915
pedestrian -1 -1 -2.12 875.58 170.78 901.76 264.95 1.76 0.66 0.49 5.70 1.48 14.20 -1.74 0.808
pedestrian -1 -1 0.38 885.31 155.36 947.82 282.92 1.87 0.84 1.11 4.50 1.53 10.70 0.78 0.218
pedestrian -1 -1 -1.34 42.17 184.28 103.13 330.50 1.76 0.66 0.49 -7.00 1.68 9.50 -1.97 0.085
cyclist -1 -1 -0.24 637.98 167.89 659.20 224.47 1.75 0.62 1.83 1.80 1.68 25.20 -0.17 0.080
cyclist -1 -1 1.70 587.75 178.80 604.11 205.02 1.41 0.50 1.32 -0.20 1.50 43.80 1.70 0.068
cyclist -1 -1 -1.02 507.04 175.81 540.69 227.11 1.87 0.84 1.11 -2.90 1.33 25.30 -1.13 0.055
