car -1 -1 -1.68 766.65 189.73 1024.95 359.14 1.54 1.62 3.91 2.70 1.67 8.30 -1.37 1.000
car -1 -1 -1.66 673.34 181.10 752.54 239.23 1.54 1.62 3.91 2.70 1.87 20.10 -1.53 1.000
car -1 -1 -1.64 136.00 169.31 347.58 288.25 1.46 1.49 2.95 -5.40 1.53 11.00 -2.10 0.997
car -1 -1 -2.12 343.07 169.87 497.34 223.32 1.54 1.62 3.91 -4.90 1.47 19.30 -2.36 0.992
car -1 -1 -0.54 26.51 185.18 290.64 333.60 1.46 1.49 2.95 -5.40 1.73 9.00 -1.08 0.990
car -1 -1 -0.65 256.74 174.82 458.07 239.65 1.54 1.62 3.91 -6.50 1.67 18.10 -1.00 0.988
car -1 -1 -1.50 648.96 173.14 699.72 216.64 1.54 1.62 3.91 2.50 1.67 27.90 -1.41 0.988
car -1 -1 -2.27 450.37 178.28 516.65 209.56 1.46 1.49 2.95 -6.00 1.73 34.00 -2.44 0.977
car -1 -1 -1.43 639.18 174.04 673.01 201.64 1.54 1.62 3.91 2.70 1.67 42.10 -1.37 0.692
car -1 -1 -1.11 488.71 173.57 551.85 197.45 1.54 1.62 3.91 -6.30 1.67 49.90 -1.23 0.118
