car -1 -1 2.39 418.47 183.30 462.33 211.21 1.54 1.62 3.91 -9.50 2.27 40.90 2.17 0.994
car -1 -1 -1.34 598.01 174.70 624.81 201.42 1.54 1.62 3.91 0.30 1.87 47.30 -1.33 0.991
car -1 -1 -1.28 222.68 183.17 296.99 217.46 1.54 1.62 3.91 -16.10 2.07 33.70 -1.73 0.274
pedestrian -1 -1 2.40 720.78 167.91 745.97 258.67 1.76 0.66 0.49 2.10 1.68 12.40 2.57 0.999
pedestrian -1 -1 2.32 758.33 158.33 799.09 276.88 1.76 0.66 0.49 2.50 1.68 11.40 2.53 0.974
pedestrian -1 -1 0.62 811.72 139.86 857.47 287.39 1.76 0.66 0.49 2.70 1.48 9.00 0.91 0.206
pedestrian -1 -1 1.24 217.71 174.76 252.26 297.50 1.76 0.66 0.49 -5.50 1.68 10.60 0.76 0.074
cyclist -1 -1 2.05 737.80 160.88 884.17 281.68 1.75 0.62 1.83 2.40 1.48 9.20 2.30 0.998
cyclist -1 -1 -0.55 937.57 185.83 979.85 237.30 1.41 0.50 1.32 8.00 1.50 16.60 -0.10 0.462
cyclist -1 -1 1.99 709.11 168.28 768.50 261.50 1.87 0.84 1.11 2.30 1.53 12.30 2.18 0.070
cyclist -1 -1 1.61 264.87 196.66 301.51 255.03 1.41 0.50 1.32 -9.40 2.11 21.00 1.19 0.069
