car -1 -1 -1.90 724.87 162.93 958.06 326.24 1.54 1.62 3.91 2.70 1.47 9.10 -1.61 1.000
car -1 -1 -1.46 650.67 176.13 691.21 207.52 1.46 1.49 2.95 2.60 1.53 32.20 -1.38 0.998
car -1 -1 -1.47 674.03 174.86 746.15 232.02 1.46 1.49 2.95 2.60 1.53 20.40 -1.34 0.997
car -1 -1 -2.18 27.06 183.78 324.96 299.48 1.46 1.49 2.95 -6.00 1.73 10.20 -2.71 0.995
car -1 -1 -2.50 443.13 167.28 526.83 204.39 1.54 1.62 3.91 -6.10 1.47 33.50 -2.68 0.995
car -1 -1 -1.43 694.26 181.26 788.26 256.47 1.46 1.49 2.95 2.80 1.73 16.60 -1.27 0.991
car -1 -1 -1.70 244.30 173.73 436.84 247.79 1.54 1.62 3.91 -6.10 1.67 16.90 -2.05 0.989
car -1 -1 -1.61 389.89 170.61 506.75 213.75 1.54 1.62 3.91 -6.50 1.47 28.30 -1.83 0.956
car -1 -1 -1.20 635.05 171.49 667.86 199.80 1.46 1.49 2.95 2.40 1.53 40.00 -1.14 0.942
car -1 -1 -1.40 334.70 177.00 450.31 233.89 1.46 1.49 2.95 -6.00 1.73 21.00 -1.68 0.882
car -1 -1 -2.50 143.22 170.02 382.77 264.22 1.54 1.62 3.91 -6.30 1.47 12.90 -2.95 0.832
car -1 -1 -1.65 505.17 176.14 536.40 202.06 1.46 1.49 2.95 -4.80 1.73 40.00 -1.77 0.413
car -1 -1 1.15 855.57 163.17 917.57 202.00 2.48 1.81 4.73 18.60 1.74 48.10 1.52 0.291
car -1 -1 1.39 747.63 170.76 817.63 198.85 1.54 1.62 3.91 10.50 1.47 44.50 1.62 0.148
car -1 -1 1.20 786.72 161.16 912.35 208.54 2.48 1.81 4.73 11.90 1.74 36.40 1.51 0.140
