car -1 -1 -1.97 794.72 181.12 1130.52 356.70 1.54 1.62 3.91 3.10 1.47 7.50 -1.57 1.000
car -1 -1 1.70 103.20 175.19 419.39 369.37 1.54 1.62 3.91 -3.50 1.67 8.10 1.29 0.999
car -1 -1 1.69 327.48 173.29 463.97 282.37 1.54 1.62 3.91 -3.50 1.67 12.90 1.43 0.990
car -1 -1 1.67 413.95 182.19 491.88 241.21 1.46 1.49 2.95 -4.40 1.93 20.60 1.46 0.990
car -1 -1 1.82 487.12 169.40 528.45 204.68 1.54 1.62 3.91 -5.90 1.67 41.30 1.68 0.981
car -1 -1 -2.06 705.07 155.08 874.00 267.88 1.54 1.62 3.91 3.10 1.47 12.70 -1.83 0.943
car -1 -1 0.82 359.57 171.22 423.54 212.13 2.48 1.81 4.73 -12.80 2.14 42.50 0.53 0.313
car -1 -1 -1.58 708.30 160.38 784.75 206.28 2.48 1.81 4.73 7.10 1.74 39.60 -1.40 0.066
car -1 -1 -0.28 903.41 180.68 1111.93 272.26 1.54 1.62 3.91 6.90 1.47 13.10 0.20 0.061
pedestrian -1 -1 -0.60 699.67 181.29 725.70 249.33 1.41 0.50 1.32 2.20 1.71 16.00 -0.46 0.898
