car -1 -1 -1.72 679.53 178.68 762.54 241.96 1.54 1.62 3.91 2.70 1.67 19.30 -1.58 1.000
car -1 -1 1.80 143.58 198.38 343.22 300.47 1.54 1.62 3.91 -6.30 2.07 12.70 1.34 0.999
car -1 -1 -1.44 376.30 183.42 458.81 238.86 1.54 1.62 3.91 -6.10 1.87 23.70 -1.69 0.999
car -1 -1 1.64 457.14 184.84 508.69 217.61 1.54 1.62 3.91 -6.30 2.27 35.70 1.47 0.998
car -1 -1 2.54 800.15 162.36 979.14 216.76 1.54 1.62 3.91 7.30 1.27 19.70 2.90 0.920
car -1 -1 2.16 898.28 153.25 1241.00 255.62 1.54 1.62 3.91 7.70 1.27 12.30 2.72 0.786
car -1 -1 1.84 484.54 184.74 517.75 212.65 1.46 1.49 2.95 -6.40 2.33 43.40 1.69 0.433
car -1 -1 2.31 867.50 154.54 1079.35 233.00 1.54 1.62 3.91 6.50 1.27 13.90 2.74 0.389
car -1 -1 1.41 700.36 163.74 773.15 194.03 2.48 1.81 4.73 10.30 1.74 59.60 1.58 0.080
pedestrian -1 -1 -0.80 767.21 164.02 775.69 193.28 1.68 0.41 1.64 11.50 1.34 51.10 -0.58 0.078
pedestrian -1 -1 -1.59 1132.46 149.93 1155.57 192.15 1.41 0.50 1.32 24.60 0.70 33.40 -0.96 0.056
