car -1 -1 -1.71 724.81 180.76 890.07 304.12 1.46 1.49 2.95 2.60 1.73 10.40 -1.47 1.000
car -1 -1 -1.00 326.82 179.52 465.39 271.20 1.54 1.62 3.91 -4.50 1.87 15.50 -1.28 0.999
car -1 -1 -1.02 656.75 176.15 713.45 222.01 1.54 1.62 3.91 2.70 1.67 27.50 -0.92 0.999
car -1 -1 1.47 462.36 182.07 519.37 223.45 1.54 1.62 3.91 -4.90 2.07 30.70 1.31 0.998
car -1 -1 1.64 513.72 182.78 547.35 208.66 1.54 1.62 3.91 -5.30 2.27 47.50 1.53 0.994
car -1 -1 -0.23 0.00 221.05 310.54 369.61 1.46 1.49 2.95 -3.60 1.73 6.60 -0.73 0.325
car -1 -1 1.06 669.44 174.53 702.11 202.60 1.54 1.62 3.91 4.90 1.67 47.10 1.16 0.053
pedestrian -1 -1 2.13 159.34 185.15 197.13 308.29 1.76 0.66 0.49 -7.30 1.88 12.20 1.59 0.988
pedestrian -1 -1 1.83 220.42 181.47 261.87 287.40 1.76 0.66 0.49 -5.70 1.88 11.20 1.36 0.968
pedestrian -1 -1 1.21 504.77 184.26 518.46 220.83 1.41 0.50 1.32 -4.80 2.11 35.40 1.08 0.383
pedestrian -1 -1 2.25 171.79 185.42 243.90 295.29 1.75 0.62 1.83 -6.40 1.88 11.40 1.74 0.115
cyclist -1 -1 2.48 202.43 185.64 275.75 281.90 1.41 0.50 1.32 -8.00 1.90 15.40 2.00 0.271
cyclist -1 -1 2.36 131.71 189.92 212.15 293.05 1.41 0.50 1.32 -7.40 1.71 11.80 1.80 0.083
