car -1 -1 1.21 855.56 172.86 978.41 238.10 1.46 1.49 2.95 7.40 1.53 17.60 1.61 0.999
car -1 -1 -1.91 370.50 188.32 489.43 264.55 1.54 1.62 3.91 -3.70 1.87 15.70 -2.14 0.999
car -1 -1 -1.73 251.74 189.45 320.07 226.91 1.46 1.49 2.95 -14.40 2.33 31.80 -2.16 0.998
car -1 -1 1.29 771.74 171.93 841.10 223.96 1.46 1.49 2.95 5.40 1.53 20.00 1.55 0.989
car -1 -1 -1.88 664.65 163.23 785.59 305.49 1.46 1.49 2.95 1.40 1.53 10.40 -1.74 0.873
car -1 -1 -1.91 493.90 160.71 794.94 316.29 1.54 1.62 3.91 0.50 1.47 8.90 -1.85 0.861
car -1 -1 0.59 394.88 180.12 482.54 213.36 1.54 1.62 3.91 -8.30 2.07 36.10 0.37 0.814
car -1 -1 1.92 29.63 189.50 90.22 221.21 1.46 1.49 2.95 -31.20 2.53 41.20 1.27 0.619
car -1 -1 1.39 430.96 175.53 529.51 211.21 1.54 1.62 3.91 -5.10 1.67 31.50 1.23 0.563
car -1 -1 2.03 59.07 188.57 101.45 212.93 1.46 1.49 2.95 -41.20 2.93 56.60 1.40 0.279
car -1 -1 -1.66 524.33 167.94 689.84 248.59 1.54 1.62 3.91 -0.10 1.67 17.70 -1.67 0.267
car -1 -1 -1.50 234.68 187.34 290.45 221.31 1.46 1.49 2.95 -17.00 2.33 34.60 -1.96 0.115
car -1 -1 0.67 926.83 164.86 1118.66 219.38 1.54 1.62 3.91 10.10 1.27 18.30 1.18 0.106
cyclist -1 -1 -1.08 861.06 177.41 895.56 237.23 1.41 0.50 1.32 6.60 1.50 17.80 -0.72 0.884
