car -1 -1 -1.62 698.89 187.12 800.80 261.15 1.46 1.49 2.95 2.80 1.73 15.40 -1.44 1.000
car -1 -1 -1.96 172.17 182.80 422.71 272.30 1.54 1.62 3.91 -5.70 1.67 12.90 -2.38 0.998
car -1 -1 -1.65 277.97 178.94 470.84 243.73 1.54 1.62 3.91 -5.10 1.67 16.70 -1.95 0.996
car -1 -1 -1.62 1.07 187.35 383.76 297.93 1.54 1.62 3.91 -6.10 1.67 10.70 -2.14 0.994
car -1 -1 -2.53 394.01 174.18 508.38 220.55 1.54 1.62 3.91 -5.70 1.67 26.70 -2.74 0.991
car -1 -1 0.51 744.58 179.84 913.53 234.49 1.54 1.62 3.91 6.30 1.87 20.50 0.81 0.978
car -1 -1 -2.17 483.88 180.11 539.96 205.97 1.46 1.49 2.95 -6.00 1.93 43.40 -2.30 0.904
car -1 -1 1.03 728.54 178.76 833.84 214.26 1.54 1.62 3.91 7.50 1.87 32.30 1.26 0.455
car -1 -1 -1.01 695.36 177.19 736.47 206.53 1.54 1.62 3.91 6.10 1.87 42.30 -0.86 0.160
car -1 -1 -1.49 637.50 181.19 662.27 202.51 1.54 1.62 3.91 3.10 2.27 54.90 -1.44 0.150
