car -1 -1 -1.64 675.63 173.97 786.51 256.81 1.54 1.62 3.91 2.50 1.67 15.70 -1.48 1.000
car -1 -1 -2.11 190.54 184.28 419.95 260.01 1.54 1.62 3.91 -6.30 1.67 14.90 -2.51 0.997
car -1 -1 -2.78 54.92 179.22 345.98 287.27 1.54 1.62 3.91 -6.70 1.67 11.30 -3.31 0.997
car -1 -1 -1.52 654.58 179.58 711.60 224.92 1.54 1.62 3.91 2.30 1.67 23.90 -1.43 0.995
car -1 -1 -1.88 352.34 171.38 480.11 228.42 1.54 1.62 3.91 -5.70 1.67 21.90 -2.14 0.993
car -1 -1 -1.74 460.64 171.62 534.41 205.22 1.54 1.62 3.91 -5.50 1.67 36.30 -1.89 0.986
car -1 -1 -1.55 637.36 179.75 671.26 206.04 1.46 1.49 2.95 2.40 1.93 40.40 -1.49 0.981
car -1 -1 -2.05 421.50 174.24 506.27 211.94 1.54 1.62 3.91 -5.90 1.67 30.50 -2.24 0.820
car -1 -1 -1.53 102.08 184.65 257.76 242.27 1.46 1.49 2.95 -10.40 1.73 17.60 -2.06 0.673
car -1 -1 -1.28 626.53 175.29 657.81 201.30 1.54 1.62 3.91 1.90 1.87 45.10 -1.24 0.464
car -1 -1 -2.49 291.04 176.99 439.38 242.84 1.46 1.49 2.95 -5.40 1.73 17.20 -2.79 0.204
