car -1 -1 1.34 536.81 183.20 619.54 233.15 1.46 1.49 2.95 -1.00 1.93 22.80 1.30 0.999
car -1 -1 -2.00 58.14 201.40 207.81 271.65 1.46 1.49 2.95 -11.60 2.33 17.40 -2.59 0.999
car -1 -1 1.24 465.62 183.09 525.70 227.31 1.54 1.62 3.91 -3.90 1.87 24.10 1.08 0.983
car -1 -1 2.55 111.56 189.09 228.92 225.93 1.54 1.62 3.91 -21.30 2.47 35.10 2.00 0.940
car -1 -1 -1.80 213.39 184.90 470.37 296.54 1.54 1.62 3.91 -4.70 2.07 12.70 -2.16 0.876
car -1 -1 1.49 62.38 192.80 170.22 228.47 1.54 1.62 3.91 -23.30 2.67 34.10 0.89 0.643
car -1 -1 -2.05 351.50 171.16 465.52 285.12 1.46 1.49 2.95 -3.60 1.73 12.80 -2.32 0.114
car -1 -1 -1.39 244.24 181.08 407.58 250.28 1.54 1.62 3.91 -8.10 2.07 21.30 -1.75 0.089
car -1 -1 -1.12 1120.56 171.85 1241.00 214.98 1.54 1.62 3.91 20.50 1.47 25.90 -0.45 0.055
cyclist -1 -1 -0.84 538.11 177.88 565.88 230.14 1.87 0.84 1.11 -1.90 1.93 23.70 -0.92 0.500
