car -1 -1 -1.64 628.89 179.84 691.80 227.81 1.54 1.62 3.91 1.70 1.87 24.50 -1.57 0.999
car -1 -1 0.05 832.04 184.47 1189.63 314.61 1.54 1.62 3.91 5.30 1.67 9.50 0.56 0.993
car -1 -1 -1.80 334.49 182.58 455.96 229.32 1.46 1.49 2.95 -6.00 1.73 21.00 -2.08 0.990
car -1 -1 -2.03 441.91 177.57 502.85 209.05 1.46 1.49 2.95 -6.80 1.73 36.20 -2.22 0.989
car -1 -1 -2.06 234.23 182.88 435.67 247.29 1.54 1.62 3.91 -6.30 1.87 16.90 -2.42 0.960
car -1 -1 -1.60 610.57 175.39 647.43 206.98 1.54 1.62 3.91 0.90 1.87 37.90 -1.58 0.956
car -1 -1 -1.60 468.87 177.21 533.90 199.33 1.54 1.62 3.91 -6.70 1.87 46.50 -1.74 0.190
car -1 -1 -0.65 0.41 193.02 236.41 338.54 1.46 1.49 2.95 -5.40 1.73 8.80 -1.20 0.085
car -1 -1 1.50 1079.15 175.67 1241.00 374.00 1.54 1.62 3.91 7.90 1.67 8.50 2.25 0.061
pedestrian -1 -1 -2.40 12.91 150.95 102.91 334.06 1.77 0.62 0.88 -6.90 1.68 9.00 -3.05 0.332
cyclist -1 -1 1.07 425.04 180.12 460.71 267.56 1.77 0.62 0.88 -3.40 1.88 14.90 0.84 1.000
