car -1 -1 -1.37 460.20 182.61 516.82 220.47 1.46 1.49 2.95 -4.60 1.33 27.60 -1.54 0.999
car -1 -1 -1.32 366.80 186.46 480.34 253.63 1.54 1.62 3.91 -4.10 1.47 16.90 -1.56 0.999
car -1 -1 -1.51 490.68 182.70 527.76 211.41 1.46 1.49 2.95 -4.80 1.33 35.40 -1.65 0.996
car -1 -1 -1.60 578.45 179.89 608.21 208.51 1.54 1.62 3.91 -0.70 1.27 44.90 -1.61 0.939
car -1 -1 -0.19 293.07 171.10 371.21 216.55 1.54 1.62 3.91 -11.30 1.07 29.90 -0.56 0.757
car -1 -1 -1.28 412.89 179.69 455.99 210.09 1.46 1.49 2.95 -9.60 1.33 40.00 -1.51 0.727
car -1 -1 -1.29 333.58 187.58 405.14 228.32 1.46 1.49 2.95 -8.80 1.53 26.60 -1.61 0.718
car -1 -1 -0.86 223.34 178.21 337.33 244.85 1.54 1.62 3.91 -8.50 1.47 18.70 -1.29 0.630
car -1 -1 -1.64 506.45 177.57 543.17 205.21 1.54 1.62 3.91 -4.30 1.07 37.50 -1.75 0.524
car -1 -1 -1.10 388.93 180.52 426.04 203.85 1.54 1.62 3.91 -15.10 1.27 54.50 -1.37 0.057
