car -1 -1 -1.57 737.78 182.53 883.20 282.67 1.46 1.49 2.95 3.00 1.53 11.80 -1.32 1.000
car -1 -1 1.86 164.99 193.85 344.78 295.83 1.54 1.62 3.91 -6.10 1.87 12.50 1.41 0.999
car -1 -1 -1.99 807.02 183.04 1205.76 374.00 1.46 1.49 2.95 3.40 1.53 6.80 -1.53 0.998
car -1 -1 -1.84 313.06 169.83 418.33 216.46 2.48 1.81 4.73 -12.90 2.14 38.40 -2.17 0.270
car -1 -1 -0.05 276.13 168.94 357.45 224.59 2.48 1.81 4.73 -13.80 2.14 34.30 -0.44 0.256
car -1 -1 -0.74 281.87 184.88 332.10 207.56 1.46 1.49 2.95 -22.60 2.53 53.80 -1.13 0.250
car -1 -1 0.17 1019.63 156.09 1124.23 184.49 1.54 1.62 3.91 20.30 0.67 31.70 0.74 0.248
car -1 -1 -1.18 390.94 178.35 455.82 206.43 1.54 1.62 3.91 -11.30 2.07 44.30 -1.43 0.119
car -1 -1 1.93 995.02 160.31 1042.11 182.28 1.46 1.49 2.95 28.00 0.73 49.40 2.45 0.075
pedestrian -1 -1 -2.11 801.59 151.79 834.95 226.48 1.77 0.62 0.88 4.90 1.28 16.80 -1.83 0.308
pedestrian -1 -1 -1.56 200.19 178.09 224.96 235.57 1.77 0.62 0.88 -12.80 2.08 23.30 -2.06 0.117
