car -1 -1 0.08 143.45 186.73 375.99 287.08 1.46 1.49 2.95 -5.80 1.73 11.80 -0.38 0.999
car -1 -1 -1.73 688.40 173.91 810.44 270.58 1.54 1.62 3.91 2.50 1.67 13.30 -1.54 0.998
car -1 -1 -1.84 667.29 182.26 734.76 234.76 1.46 1.49 2.95 2.40 1.73 20.20 -1.72 0.997
car -1 -1 -1.56 648.34 173.59 700.74 217.79 1.46 1.49 2.95 2.40 1.53 27.40 -1.47 0.993
car -1 -1 -0.41 636.00 177.73 666.45 202.68 1.46 1.49 2.95 2.40 1.73 40.80 -0.35 0.989
car -1 -1 -1.40 457.50 173.67 541.22 205.62 1.54 1.62 3.91 -5.30 1.67 35.10 -1.55 0.923
car -1 -1 -1.94 238.75 182.55 419.26 258.30 1.46 1.49 2.95 -5.80 1.73 15.40 -2.30 0.896
car -1 -1 -1.48 415.39 174.04 514.40 214.19 1.54 1.62 3.91 -5.90 1.67 29.10 -1.68 0.830
car -1 -1 -1.48 329.32 181.12 420.19 243.12 1.46 1.49 2.95 -5.80 1.73 18.60 -1.79 0.776
car -1 -1 -1.58 386.74 179.32 463.81 226.18 1.54 1.62 3.91 -6.30 1.67 24.50 -1.83 0.340
car -1 -1 0.25 846.82 222.66 1228.92 374.00 1.46 1.49 2.95 2.40 1.73 4.20 0.77 0.171
car -1 -1 0.04 492.67 170.59 549.85 196.63 2.48 1.81 4.73 -8.50 2.14 70.20 -0.08 0.056
pedestrian -1 -1 -1.27 157.03 173.41 191.45 229.31 1.77 0.62 0.88 -16.10 1.88 27.00 -1.81 0.079
