car -1 -1 1.31 789.75 189.95 987.75 313.61 1.46 1.49 2.95 3.80 1.73 10.60 1.66 0.999
car -1 -1 1.63 554.52 176.99 595.40 213.00 1.54 1.62 3.91 -1.70 1.87 33.90 1.58 0.999
car -1 -1 0.69 732.88 185.88 839.89 261.24 1.54 1.62 3.91 4.10 1.87 17.10 0.92 0.999
car -1 -1 1.17 408.31 166.54 544.62 283.77 1.54 1.62 3.91 -2.30 1.47 12.50 0.99 0.995
car -1 -1 -1.56 685.03 181.58 732.15 216.50 1.54 1.62 3.91 4.10 1.87 30.70 -1.43 0.989
car -1 -1 -1.26 722.24 185.25 790.81 237.69 1.46 1.49 2.95 4.20 1.93 22.00 -1.07 0.984
car -1 -1 -1.41 704.36 183.26 754.85 222.73 1.46 1.49 2.95 4.40 1.93 26.60 -1.25 0.957
car -1 -1 1.14 477.11 177.93 558.99 249.68 1.54 1.62 3.91 -2.10 1.87 17.90 1.02 0.659
car -1 -1 -1.32 676.96 179.77 709.95 207.68 1.46 1.49 2.95 4.60 1.93 41.00 -1.20 0.204
pedestrian -1 -1 1.74 937.82 206.02 1079.06 374.00 1.41 0.50 1.32 2.60 1.71 5.00 2.22 0.995
