pedestrian -1 -1 0.38 768.06 160.36 843.08 335.99 1.76 0.66 0.49 2.00 1.48 6.90 0.66 1.000
pedestrian -1 -1 -1.69 623.85 142.99 651.92 220.07 1.77 0.62 0.88 0.80 0.88 16.70 -1.65 1.000
pedestrian -1 -1 -0.20 706.15 166.34 775.16 348.49 1.68 0.41 1.64 1.30 1.54 7.10 -0.02 0.999
pedestrian -1 -1 1.38 496.65 144.51 524.01 203.41 1.87 0.84 1.11 -3.10 0.73 22.50 1.24 0.999
pedestrian -1 -1 0.98 516.25 134.36 549.26 246.04 1.76 0.66 0.49 -1.30 1.08 12.40 0.88 0.998
pedestrian -1 -1 1.00 474.89 144.55 493.94 205.07 1.75 0.62 1.83 -3.60 0.68 21.20 0.83 0.996
pedestrian -1 -1 1.35 544.24 138.58 577.45 242.59 1.76 0.66 0.49 -0.90 1.08 12.80 1.28 0.995
pedestrian -1 -1 1.05 595.39 136.24 627.48 241.76 1.76 0.66 0.49 0.10 1.08 12.80 1.06 0.989
pedestrian -1 -1 1.29 577.85 138.66 600.06 237.47 1.76 0.66 0.49 -0.30 1.08 13.40 1.27 0.988
pedestrian -1 -1 1.13 393.22 144.27 412.88 199.29 1.41 0.50 1.32 -6.00 0.50 20.80 0.85 0.946
pedestrian -1 -1 -0.68 651.21 139.55 662.97 201.68 1.76 0.66 0.49 1.70 0.48 23.40 -0.61 0.851
pedestrian -1 -1 -2.10 279.66 139.07 309.98 250.58 1.76 0.66 0.49 -5.10 1.08 11.60 -2.51 0.802
pedestrian -1 -1 1.11 431.63 140.60 454.60 209.16 1.77 0.62 0.88 -4.70 0.68 20.80 0.89 0.711
pedestrian -1 -1 -0.28 236.29 133.53 280.23 295.66 1.76 0.66 0.49 -4.10 1.28 8.40 -0.73 0.602
pedestrian -1 -1 0.94 487.85 144.84 502.38 200.91 1.77 0.62 0.88 -3.40 0.68 21.90 0.79 0.459
pedestrian -1 -1 1.25 462.35 147.31 475.38 204.97 1.76 0.66 0.49 -4.10 0.68 21.00 1.06 0.415
pedestrian -1 -1 1.31 524.15 139.38 543.03 171.46 1.75 0.62 1.83 -5.00 -0.92 48.80 1.21 0.256
pedestrian -1 -1 -0.64 261.97 135.92 291.84 261.89 1.76 0.66 0.49 -5.30 1.28 11.40 -1.07 0.158
pedestrian -1 -1 0.44 537.78 138.44 546.48 169.68 1.75 0.62 1.83 -4.20 -0.92 48.60 0.36 0.148
pedestrian -1 -1 0.70 412.55 147.49 429.74 194.72 1.41 0.50 1.32 -5.40 0.50 20.60 0.45 0.110
pedestrian -1 -1 -1.40 349.55 152.02 377.06 190.15 1.41 0.50 1.32 -11.40 0.10 33.20 -1.74 0.102
pedestrian -1 -1 -1.42 641.55 147.32 655.65 207.21 1.41 0.50 1.32 1.40 0.50 22.20 -1.36 0.058
cyclist -1 -1 1.08 383.92 148.49 418.13 199.09 1.75 0.62 1.83 -6.20 0.68 22.00 0.81 0.547
cyclist -1 -1 -1.99 252.58 136.61 326.41 278.42 1.76 0.66 0.49 -4.00 1.28 8.90 -2.41 0.526
cyclist -1 -1 1.06 427.53 142.30 458.35 212.50 1.41 0.50 1.32 -4.60 0.70 20.60 0.84 0.458
cyclist -1 -1 -1.16 341.31 149.06 384.01 193.99 1.41 0.50 1.32 -6.20 0.70 18.00 -1.50 0.230
cyclist -1 -1 0.47 405.66 149.23 436.93 194.53 1.41 0.50 1.32 -5.40 0.50 20.60 0.22 0.176
