car -1 -1 -1.27 334.60 196.58 456.26 279.87 1.46 1.49 2.95 -4.20 1.93 14.40 -1.55 1.000
car -1 -1 -1.61 676.10 180.35 752.82 240.00 1.46 1.49 2.95 2.80 1.73 19.60 -1.47 1.000
car -1 -1 -1.03 429.69 181.18 502.58 237.96 1.54 1.62 3.91 -4.70 1.87 23.70 -1.22 0.999
car -1 -1 -1.96 755.97 178.73 997.08 346.03 1.46 1.49 2.95 2.80 1.73 8.40 -1.64 0.999
car -1 -1 -1.53 645.30 174.59 685.18 210.62 1.54 1.62 3.91 2.70 1.67 36.70 -1.45 0.998
car -1 -1 0.78 493.15 181.73 531.70 213.60 1.54 1.62 3.91 -5.30 2.07 40.30 0.65 0.994
car -1 -1 1.78 525.45 181.17 551.10 202.42 1.54 1.62 3.91 -5.10 2.07 52.10 1.68 0.799
car -1 -1 0.85 815.13 178.80 996.44 248.44 1.54 1.62 3.91 7.30 1.67 17.70 1.24 0.607
car -1 -1 0.81 870.39 175.92 947.83 217.42 1.46 1.49 2.95 11.00 1.53 26.60 1.20 0.442
pedestrian -1 -1 1.85 394.80 178.40 413.46 236.29 1.76 0.66 0.49 -6.10 1.88 20.80 1.56 0.999
cyclist -1 -1 1.73 385.48 182.68 423.49 231.27 1.41 0.50 1.32 -7.20 1.90 26.40 1.46 0.050
