car -1 -1 0.06 818.46 191.57 1044.24 265.48 1.54 1.62 3.91 6.70 1.87 14.90 0.48 0.998
car -1 -1 -0.37 714.66 182.21 816.94 225.81 1.54 1.62 3.91 5.90 2.07 28.10 -0.17 0.998
car -1 -1 -2.89 338.71 175.94 482.69 232.34 1.54 1.62 3.91 -5.90 1.67 21.70 -3.15 0.997
car -1 -1 -2.47 182.65 183.44 422.70 266.37 1.54 1.62 3.91 -5.90 1.67 13.70 -2.87 0.994
car -1 -1 -1.49 428.93 176.21 534.20 213.10 1.54 1.62 3.91 -5.10 1.67 27.50 -1.67 0.993
car -1 -1 -0.36 798.75 184.22 930.75 251.61 1.46 1.49 2.95 6.00 1.73 17.80 -0.04 0.957
car -1 -1 -1.80 637.83 182.19 671.80 208.90 1.54 1.62 3.91 2.90 2.07 44.50 -1.74 0.950
car -1 -1 2.00 961.03 204.03 1241.00 360.64 1.46 1.49 2.95 5.20 1.73 7.20 2.63 0.781
car -1 -1 -2.94 0.00 182.76 329.80 303.77 1.46 1.49 2.95 -6.00 1.73 10.00 -3.48 0.626
car -1 -1 -2.46 396.42 181.50 497.92 219.51 1.46 1.49 2.95 -6.00 1.93 27.60 -2.67 0.212
