car -1 -1 -1.12 218.19 179.93 421.65 307.16 1.54 1.62 3.91 -4.10 1.47 11.10 -1.47 1.000
car -1 -1 -1.37 436.52 183.16 510.57 233.09 1.54 1.62 3.91 -4.10 1.47 22.70 -1.55 1.000
car -1 -1 -1.41 482.25 182.19 537.16 219.52 1.54 1.62 3.91 -3.90 1.47 29.30 -1.54 0.999
car -1 -1 -1.64 594.78 181.27 633.43 216.36 1.54 1.62 3.91 0.30 1.27 33.70 -1.63 0.996
car -1 -1 -1.13 412.08 181.00 462.57 215.98 1.54 1.62 3.91 -8.10 1.47 34.70 -1.35 0.977
car -1 -1 -0.33 527.13 180.36 556.30 203.58 1.46 1.49 2.95 -4.40 1.13 47.60 -0.43 0.960
car -1 -1 -1.17 182.53 167.17 327.84 253.70 1.54 1.62 3.91 -8.50 1.27 17.30 -1.63 0.722
car -1 -1 -0.99 293.81 167.37 409.92 217.17 1.54 1.62 3.91 -9.70 1.07 27.30 -1.33 0.553
car -1 -1 -1.36 507.47 180.07 540.39 211.27 1.54 1.62 3.91 -4.50 1.27 40.30 -1.47 0.113
car -1 -1 -1.37 584.34 181.34 614.29 209.49 1.46 1.49 2.95 -0.40 1.33 36.80 -1.38 0.088
pedestrian -1 -1 -1.59 623.17 166.88 633.50 206.52 1.75 0.62 1.83 1.20 1.08 39.80 -1.56 0.338
