car -1 -1 1.84 82.10 179.81 321.14 309.26 1.54 1.62 3.91 -5.90 1.67 10.70 1.34 1.000
car -1 -1 -1.74 789.95 182.40 1141.94 365.59 1.46 1.49 2.95 2.80 1.73 6.20 -1.32 0.995
car -1 -1 0.54 357.15 175.59 410.31 202.03 1.54 1.62 3.91 -12.50 1.67 40.10 0.24 0.987
car -1 -1 0.91 467.32 175.03 523.71 202.17 1.46 1.49 2.95 -6.60 1.53 40.60 0.75 0.948
car -1 -1 1.74 174.59 173.07 273.34 215.26 1.54 1.62 3.91 -16.90 1.67 30.90 1.24 0.793
car -1 -1 1.54 122.84 178.02 203.71 212.36 1.46 1.49 2.95 -19.00 1.73 30.80 0.99 0.368
car -1 -1 1.56 575.70 167.67 614.67 190.46 1.46 1.49 2.95 -1.20 1.33 58.40 1.54 0.095
car -1 -1 2.18 85.88 173.38 251.71 246.94 1.54 1.62 3.91 -9.70 1.47 16.30 1.65 0.070
pedestrian -1 -1 -0.17 670.41 166.22 685.92 203.44 1.75 0.62 1.83 4.00 1.48 40.80 -0.07 0.993
cyclist -1 -1 0.87 889.67 182.43 953.53 231.62 1.41 0.50 1.32 8.40 1.50 19.60 1.27 0.052
cyclist -1 -1 0.38 218.78 174.73 254.70 225.63 1.77 0.62 0.88 -15.70 1.68 30.20 -0.10 0.052
