car -1 -1 -2.25 722.33 174.95 809.95 211.23 1.54 1.62 3.91 6.50 1.67 30.50 -2.04 1.000
car -1 -1 0.32 78.69 173.73 380.85 293.82 1.54 1.62 3.91 -5.70 1.67 10.90 -0.17 0.997
car -1 -1 -2.85 301.63 177.44 447.00 234.51 1.54 1.62 3.91 -7.10 1.67 21.10 -3.18 0.983
car -1 -1 -1.56 627.56 173.86 661.03 203.23 1.46 1.49 2.95 2.20 1.73 41.60 -1.51 0.910
car -1 -1 -2.10 383.94 175.47 466.83 226.30 1.46 1.49 2.95 -5.80 1.53 22.80 -2.35 0.496
car -1 -1 0.31 227.43 185.84 397.50 242.92 1.54 1.62 3.91 -8.30 1.87 19.90 -0.09 0.418
car -1 -1 -1.87 459.33 175.76 516.82 201.86 1.46 1.49 2.95 -6.80 1.73 42.40 -2.03 0.418
car -1 -1 -2.14 414.58 167.83 504.32 208.99 1.54 1.62 3.91 -6.30 1.47 30.70 -2.34 0.394
car -1 -1 0.36 835.87 184.75 1235.04 365.20 1.46 1.49 2.95 2.60 1.53 5.00 0.84 0.062
pedestrian -1 -1 0.20 696.98 153.86 711.97 193.83 1.87 0.84 1.11 6.90 1.33 51.90 0.33 0.248
