car -1 -1 -1.38 649.61 179.34 704.73 219.95 1.54 1.62 3.91 2.50 1.87 27.70 -1.29 0.998
car -1 -1 -1.29 95.95 177.90 388.44 275.25 1.54 1.62 3.91 -6.30 1.67 12.50 -1.76 0.994
car -1 -1 -0.34 340.13 177.49 473.41 230.30 1.54 1.62 3.91 -6.10 1.67 22.30 -0.61 0.987
car -1 -1 -2.01 0.00 174.13 263.40 309.05 1.54 1.62 3.91 -6.10 1.67 10.30 -2.55 0.966
car -1 -1 -1.60 489.49 173.28 549.90 197.43 1.54 1.62 3.91 -6.30 1.67 49.30 -1.73 0.914
car -1 -1 -0.81 392.33 162.07 520.22 216.11 2.48 1.81 4.73 -6.10 1.94 29.60 -1.01 0.892
car -1 -1 -1.70 310.14 179.43 419.31 245.34 1.46 1.49 2.95 -5.80 1.73 17.60 -2.02 0.473
car -1 -1 -1.90 453.28 172.29 536.72 206.52 1.54 1.62 3.91 -5.70 1.67 36.50 -2.05 0.423
car -1 -1 -1.53 677.88 173.79 714.72 207.28 1.54 1.62 3.91 4.30 1.67 36.70 -1.42 0.323
car -1 -1 0.58 428.78 177.32 488.61 216.36 1.46 1.49 2.95 -6.40 1.73 30.20 0.37 0.067
