car -1 -1 1.47 560.16 177.47 599.39 211.37 1.54 1.62 3.91 -1.10 1.47 35.50 1.44 0.995
pedestrian -1 -1 0.36 706.74 171.37 749.16 286.23 1.76 0.66 0.49 1.90 1.68 11.20 0.53 1.000
pedestrian -1 -1 2.15 419.07 167.44 453.05 262.24 1.76 0.66 0.49 -3.40 1.68 14.70 1.93 1.000
pedestrian -1 -1 1.89 843.29 166.18 877.63 251.26 1.76 0.66 0.49 5.10 1.48 14.00 2.24 0.999
pedestrian -1 -1 0.69 806.43 164.59 837.51 253.57 1.76 0.66 0.49 4.50 1.48 15.00 0.98 0.999
pedestrian -1 -1 -1.45 780.11 162.45 805.97 241.22 1.76 0.66 0.49 4.90 1.28 18.20 -1.19 0.998
pedestrian -1 -1 -1.82 757.91 167.52 791.62 252.62 1.76 0.66 0.49 3.70 1.48 15.40 -1.58 0.997
pedestrian -1 -1 -1.42 639.43 166.53 672.40 239.76 1.77 0.62 0.88 1.50 1.48 20.20 -1.34 0.990
pedestrian -1 -1 -1.41 733.14 168.35 775.54 283.38 1.68 0.41 1.64 2.50 1.54 11.90 -1.21 0.949
pedestrian -1 -1 2.30 368.62 172.90 399.72 257.31 1.76 0.66 0.49 -4.50 1.48 15.00 2.01 0.883
pedestrian -1 -1 0.19 684.75 173.93 710.62 254.82 1.68 0.41 1.64 1.90 1.54 14.90 0.32 0.807
cyclist -1 -1 2.16 347.95 175.89 415.15 265.03 1.87 0.84 1.11 -4.70 1.73 15.30 1.86 0.585
cyclist -1 -1 -1.29 0.34 191.07 75.49 291.59 1.76 0.66 0.49 -8.60 1.68 10.90 -1.96 0.272
cyclist -1 -1 -1.66 635.66 165.37 689.58 238.96 1.75 0.62 1.83 1.60 1.68 20.20 -1.58 0.113
