car -1 -1 -1.34 25.07 164.79 454.63 374.00 1.54 1.62 3.91 -2.70 1.67 6.10 -1.75 1.000
car -1 -1 -1.56 594.04 170.31 622.54 196.16 1.54 1.62 3.91 -0.10 1.67 48.50 -1.56 0.948
car -1 -1 2.25 438.77 177.37 471.18 202.77 1.46 1.49 2.95 -9.80 1.93 46.00 2.04 0.812
pedestrian -1 -1 2.07 698.25 165.88 718.41 238.19 1.68 0.41 1.64 2.10 1.54 16.10 2.20 0.999
pedestrian -1 -1 -1.64 758.85 147.33 796.27 258.83 1.76 0.66 0.49 2.90 1.28 12.80 -1.41 0.883
pedestrian -1 -1 2.08 721.96 155.18 759.61 253.75 1.77 0.62 0.88 2.40 1.48 13.70 2.26 0.359
pedestrian -1 -1 0.79 305.57 168.55 320.75 213.34 1.75 0.62 1.83 -16.40 1.68 40.40 0.41 0.232
cyclist -1 -1 1.45 699.43 156.28 833.58 256.79 1.75 0.62 1.83 2.60 1.48 12.20 1.66 1.000
cyclist -1 -1 -0.63 884.55 179.67 916.03 223.53 1.41 0.50 1.32 7.80 1.50 19.80 -0.25 0.288
cyclist -1 -1 2.20 682.40 167.47 750.64 242.75 1.87 0.84 1.11 2.10 1.53 14.50 2.34 0.210
