car -1 -1 -1.80 663.07 184.14 730.30 232.13 1.54 1.62 3.91 2.70 1.87 22.90 -1.68 0.999
car -1 -1 -1.68 913.93 181.24 1205.77 294.50 1.54 1.62 3.91 7.30 1.67 11.70 -1.12 0.999
car -1 -1 -3.19 95.88 191.20 338.51 283.16 1.54 1.62 3.91 -7.10 1.87 13.50 -3.67 0.997
car -1 -1 -1.51 638.94 179.15 685.84 213.72 1.54 1.62 3.91 2.30 1.87 32.50 -1.44 0.995
car -1 -1 -2.20 244.53 189.30 434.39 252.60 1.54 1.62 3.91 -6.90 1.87 17.70 -2.57 0.992
car -1 -1 -1.62 446.57 183.55 524.77 217.07 1.54 1.62 3.91 -5.70 2.07 34.30 -1.79 0.979
car -1 -1 -3.17 334.72 189.58 475.48 231.95 1.54 1.62 3.91 -6.50 2.07 23.70 -3.44 0.971
car -1 -1 -2.07 396.54 185.05 495.17 223.91 1.46 1.49 2.95 -6.20 1.93 28.20 -2.29 0.719
car -1 -1 -1.40 634.77 183.23 661.70 211.59 1.46 1.49 2.95 2.20 2.13 42.60 -1.35 0.136
car -1 -1 -0.26 502.83 179.56 555.21 202.32 1.54 1.62 3.91 -5.50 2.07 48.30 -0.38 0.095
