car -1 -1 -1.59 689.78 181.29 776.41 249.68 1.46 1.49 2.95 2.80 1.73 17.20 -1.43 1.000
car -1 -1 -0.60 252.12 178.07 456.76 251.43 1.54 1.62 3.91 -5.70 1.67 16.50 -0.94 0.997
car -1 -1 -0.96 123.62 181.18 411.30 271.73 1.54 1.62 3.91 -5.70 1.67 12.70 -1.39 0.995
car -1 -1 0.29 741.96 174.29 891.24 228.35 1.54 1.62 3.91 6.50 1.67 23.10 0.56 0.987
car -1 -1 -2.66 409.10 172.78 513.59 214.53 1.54 1.62 3.91 -6.10 1.67 29.70 -2.86 0.983
car -1 -1 -2.18 23.31 187.13 269.34 304.68 1.46 1.49 2.95 -6.60 1.93 10.60 -2.74 0.977
car -1 -1 -1.70 337.58 178.61 484.69 231.88 1.46 1.49 2.95 -5.40 1.73 19.60 -1.97 0.917
car -1 -1 -1.81 487.15 178.39 542.71 205.24 1.46 1.49 2.95 -6.00 1.93 44.20 -1.94 0.905
car -1 -1 -1.50 634.53 174.65 661.50 199.79 1.54 1.62 3.91 2.70 1.87 51.50 -1.45 0.715
car -1 -1 -0.18 730.82 178.17 811.61 214.80 1.46 1.49 2.95 6.40 1.73 29.40 0.04 0.662
car -1 -1 -0.36 906.36 178.63 1231.54 365.89 1.46 1.49 2.95 2.60 1.53 4.00 0.21 0.257
car -1 -1 -1.21 702.98 179.64 754.31 218.70 1.54 1.62 3.91 5.50 1.87 33.50 -1.05 0.052
