pedestrian -1 -1 -1.76 836.67 147.18 888.98 270.00 1.76 0.66 0.49 3.60 1.28 9.90 -1.41 1.000
pedestrian -1 -1 0.92 553.38 148.62 577.64 230.77 1.76 0.66 0.49 -0.90 1.08 14.60 0.85 1.000
pedestrian -1 -1 0.89 1002.51 145.34 1130.13 351.88 1.77 0.62 0.88 3.90 1.48 6.00 1.47 0.999
pedestrian -1 -1 1.47 479.39 140.48 501.99 213.20 1.76 0.66 0.49 -2.90 0.88 17.60 1.31 0.999
pedestrian -1 -1 0.43 512.23 148.66 540.55 232.46 1.77 0.62 0.88 -1.60 1.08 14.50 0.32 0.998
pedestrian -1 -1 1.73 646.74 142.05 665.45 196.86 1.87 0.84 1.11 1.70 0.73 22.90 1.80 0.957
pedestrian -1 -1 -1.71 294.75 142.93 320.79 223.62 1.76 0.66 0.49 -8.70 0.68 20.80 -2.10 0.772
pedestrian -1 -1 0.60 350.87 143.37 381.53 196.24 1.41 0.50 1.32 -7.60 0.50 22.40 0.28 0.708
pedestrian -1 -1 1.60 461.02 141.02 473.62 186.19 1.75 0.62 1.83 -7.60 -0.32 39.20 1.41 0.537
pedestrian -1 -1 1.83 492.49 139.97 507.35 186.91 1.77 0.62 0.88 -5.70 -0.32 38.80 1.68 0.400
pedestrian -1 -1 0.88 426.20 143.05 441.45 201.58 1.68 0.41 1.64 -5.70 0.54 23.10 0.64 0.301
pedestrian -1 -1 -1.79 267.79 135.51 302.06 251.92 1.76 0.66 0.49 -5.20 1.08 11.50 -2.22 0.207
pedestrian -1 -1 0.33 339.37 145.44 361.58 187.32 1.41 0.50 1.32 -11.60 0.10 32.20 -0.02 0.172
pedestrian -1 -1 -0.92 232.12 130.99 285.79 297.48 1.76 0.66 0.49 -4.00 1.28 8.10 -1.38 0.114
pedestrian -1 -1 1.00 436.85 138.46 453.62 201.43 1.68 0.41 1.64 -4.10 0.54 18.50 0.78 0.090
pedestrian -1 -1 1.85 469.98 139.95 486.42 210.93 1.76 0.66 0.49 -3.50 0.88 19.20 1.67 0.090
pedestrian -1 -1 1.70 446.67 137.99 468.76 200.43 1.87 0.84 1.11 -4.30 0.73 20.70 1.49 0.073
pedestrian -1 -1 -0.23 597.94 139.38 607.90 189.93 1.76 0.66 0.49 -0.10 0.48 26.80 -0.23 0.064
cyclist -1 -1 0.49 334.85 146.76 397.17 190.61 1.75 0.62 1.83 -7.40 0.68 22.60 0.18 0.614
cyclist -1 -1 2.13 638.60 145.53 671.27 197.95 1.41 0.50 1.32 1.60 0.50 24.60 2.20 0.505
cyclist -1 -1 -1.19 247.96 138.57 313.40 250.11 1.76 0.66 0.49 -5.40 1.08 11.70 -1.62 0.253
cyclist -1 -1 0.57 417.90 145.67 451.62 203.63 1.87 0.84 1.11 -5.70 0.73 23.10 0.33 0.117
