car -1 -1 -1.54 667.60 179.41 736.20 230.91 1.54 1.62 3.91 2.70 1.67 22.70 -1.42 0.999
car -1 -1 -1.81 749.93 166.73 966.25 347.11 1.46 1.49 2.95 2.60 1.53 8.20 -1.51 0.998
car -1 -1 -1.50 95.73 158.36 335.26 305.16 1.54 1.62 3.91 -5.30 1.47 10.50 -1.97 0.996
car -1 -1 -2.12 272.05 176.57 480.83 240.82 1.54 1.62 3.91 -5.50 1.67 17.50 -2.43 0.996
car -1 -1 0.18 719.69 173.96 824.57 217.62 1.54 1.62 3.91 6.50 1.67 28.10 0.41 0.965
car -1 -1 -2.78 374.97 177.12 506.39 218.90 1.54 1.62 3.91 -5.90 1.67 26.10 -3.00 0.949
car -1 -1 -1.68 496.29 176.19 550.61 202.23 1.46 1.49 2.95 -5.20 1.73 42.60 -1.80 0.615
car -1 -1 -2.55 236.73 181.30 376.21 258.37 1.46 1.49 2.95 -5.80 1.73 14.20 -2.94 0.380
car -1 -1 -1.96 451.25 173.32 532.81 205.13 1.54 1.62 3.91 -5.90 1.67 37.10 -2.11 0.337
car -1 -1 1.00 3.11 179.95 288.46 353.79 1.46 1.49 2.95 -5.20 1.93 8.80 0.47 0.175
cyclist -1 -1 -0.46 735.02 203.45 774.23 301.55 1.41 0.50 1.32 2.00 1.71 10.40 -0.27 0.117
