car -1 -1 -1.29 251.84 177.30 481.59 345.95 1.54 1.62 3.91 -2.70 1.67 9.10 -1.58 1.000
car -1 -1 -1.54 590.48 172.21 619.11 198.14 1.46 1.49 2.95 -0.40 1.73 46.80 -1.55 0.969
car -1 -1 1.87 450.01 180.90 485.88 199.30 1.46 1.49 2.95 -13.00 2.33 67.40 1.67 0.448
car -1 -1 -1.40 286.08 177.83 353.47 217.12 2.48 1.81 4.73 -17.20 2.54 43.10 -1.78 0.073
pedestrian -1 -1 2.32 681.18 167.78 697.51 231.99 1.68 0.41 1.64 1.90 1.54 17.70 2.43 0.995
pedestrian -1 -1 -0.64 2.08 185.10 22.79 230.84 1.87 0.84 1.11 -35.50 2.73 43.10 -1.33 0.958
pedestrian -1 -1 2.56 695.38 162.70 732.17 237.14 1.87 0.84 1.11 2.30 1.53 17.10 2.69 0.780
pedestrian -1 -1 -0.77 729.93 153.53 761.54 246.39 1.68 0.41 1.64 2.90 1.74 15.50 -0.59 0.390
cyclist -1 -1 1.50 684.64 163.57 782.02 241.28 1.75 0.62 1.83 2.80 1.68 16.80 1.67 0.997
cyclist -1 -1 2.24 667.52 170.57 721.40 231.40 1.87 0.84 1.11 1.90 1.53 17.10 2.35 0.090
