car -1 -1 -1.31 770.95 181.24 1038.61 327.41 1.46 1.49 2.95 2.80 1.53 8.00 -0.98 0.999
car -1 -1 1.85 240.45 196.36 405.18 279.66 1.54 1.62 3.91 -5.70 2.07 14.70 1.48 0.999
car -1 -1 1.59 444.65 187.60 504.74 223.34 1.54 1.62 3.91 -5.90 2.27 31.90 1.40 0.999
car -1 -1 2.09 365.67 190.03 453.63 243.59 1.54 1.62 3.91 -5.90 2.07 21.50 1.82 0.999
car -1 -1 -1.52 718.39 178.27 844.62 263.95 1.46 1.49 2.95 3.00 1.53 13.80 -1.31 0.997
car -1 -1 0.85 678.52 180.91 740.49 229.07 1.54 1.62 3.91 3.30 1.87 23.90 0.99 0.997
car -1 -1 1.74 502.15 182.00 538.93 205.99 1.54 1.62 3.91 -5.70 2.07 45.50 1.62 0.994
car -1 -1 2.48 1013.83 150.19 1236.47 266.69 1.54 1.62 3.91 8.70 1.27 12.50 3.08 0.976
car -1 -1 -1.49 646.14 179.61 698.04 207.53 1.46 1.49 2.95 3.20 1.73 36.00 -1.41 0.970
car -1 -1 1.75 0.73 199.23 220.05 356.48 1.46 1.49 2.95 -5.80 1.93 9.20 1.19 0.932
car -1 -1 -1.29 665.89 183.70 707.53 216.53 1.46 1.49 2.95 3.20 1.93 31.80 -1.19 0.885
car -1 -1 1.61 47.23 186.48 180.30 253.53 1.54 1.62 3.91 -13.50 2.07 20.10 1.02 0.441
car -1 -1 0.94 856.05 184.98 1032.68 267.62 1.46 1.49 2.95 6.20 1.53 13.40 1.38 0.143
