car -1 -1 -1.65 663.55 181.51 736.14 237.29 1.54 1.62 3.91 2.50 1.67 20.50 -1.53 0.998
car -1 -1 -0.16 377.61 176.65 507.85 220.97 1.54 1.62 3.91 -5.70 1.67 25.10 -0.38 0.997
car -1 -1 0.64 145.68 180.30 426.15 263.36 1.54 1.62 3.91 -5.90 1.67 14.10 0.25 0.996
car -1 -1 -0.38 653.50 180.65 693.49 215.39 1.46 1.49 2.95 2.60 1.73 30.20 -0.29 0.993
car -1 -1 1.80 552.65 176.23 583.33 200.49 1.54 1.62 3.91 -2.30 1.67 43.10 1.75 0.971
car -1 -1 0.63 633.97 172.16 665.02 197.68 1.54 1.62 3.91 2.30 1.47 41.90 0.69 0.802
car -1 -1 0.14 294.39 174.38 460.35 240.14 1.54 1.62 3.91 -5.90 1.67 18.90 -0.16 0.702
car -1 -1 -1.40 442.53 175.49 521.46 210.11 1.54 1.62 3.91 -5.70 1.67 35.10 -1.56 0.580
car -1 -1 -1.26 1012.61 191.07 1222.24 362.76 1.46 1.49 2.95 5.20 1.53 6.60 -0.59 0.188
pedestrian -1 -1 -1.17 710.93 176.63 734.68 211.51 1.41 0.50 1.32 5.60 1.71 35.00 -1.01 0.564
