car -1 -1 -1.65 598.16 174.45 626.74 200.91 1.54 1.62 3.91 0.10 1.87 48.70 -1.65 0.987
car -1 -1 2.02 403.32 183.91 456.06 211.80 1.46 1.49 2.95 -11.00 2.13 44.00 1.77 0.979
car -1 -1 2.14 79.04 199.12 223.29 278.96 1.46 1.49 2.95 -9.40 1.93 14.60 1.57 0.669
pedestrian -1 -1 2.44 736.50 160.86 765.68 272.51 1.76 0.66 0.49 2.30 1.68 12.00 2.63 1.000
pedestrian -1 -1 2.25 786.32 151.24 832.18 297.07 1.76 0.66 0.49 2.50 1.48 9.40 2.51 0.964
pedestrian -1 -1 1.25 170.52 163.91 209.83 319.67 1.76 0.66 0.49 -5.80 1.68 9.70 0.71 0.876
pedestrian -1 -1 -1.47 846.65 135.51 903.66 309.32 1.76 0.66 0.49 2.90 1.48 8.00 -1.12 0.420
pedestrian -1 -1 2.44 747.84 152.47 795.23 290.50 1.87 0.84 1.11 2.10 1.53 9.50 2.65 0.058
cyclist -1 -1 2.21 758.71 156.20 929.74 289.32 1.75 0.62 1.83 2.40 1.48 7.80 2.51 0.988
cyclist -1 -1 2.23 713.90 160.86 792.09 275.17 1.87 0.84 1.11 2.30 1.53 10.90 2.43 0.373
cyclist -1 -1 -0.19 965.75 185.28 1017.84 239.58 1.41 0.50 1.32 8.00 1.50 15.40 0.29 0.124
