car -1 -1 -1.15 387.85 189.45 520.55 286.66 1.54 1.62 3.91 -2.70 1.87 12.70 -1.36 0.999
car -1 -1 1.43 497.18 184.34 558.05 231.72 1.54 1.62 3.91 -2.90 1.87 24.90 1.32 0.998
car -1 -1 -1.56 802.20 216.72 1241.00 373.27 1.46 1.49 2.95 2.60 1.93 4.60 -1.05 0.996
car -1 -1 -1.36 645.38 180.28 687.54 215.18 1.54 1.62 3.91 2.90 2.07 36.70 -1.28 0.996
car -1 -1 -1.81 713.49 186.90 879.79 309.00 1.46 1.49 2.95 2.60 1.73 10.00 -1.56 0.987
car -1 -1 -1.36 689.65 167.17 808.20 266.83 1.54 1.62 3.91 2.70 1.47 14.90 -1.18 0.944
car -1 -1 1.69 557.16 179.13 584.68 202.64 1.54 1.62 3.91 -2.50 1.87 44.70 1.63 0.717
car -1 -1 -1.58 631.52 178.29 661.52 205.39 1.54 1.62 3.91 2.10 1.87 41.30 -1.52 0.672
pedestrian -1 -1 -0.46 499.94 178.81 507.87 208.45 1.75 0.62 1.83 -7.00 2.28 48.20 -0.61 0.159
pedestrian -1 -1 -1.17 160.14 208.67 216.30 286.08 1.41 0.50 1.32 -7.80 2.11 13.40 -1.70 0.056
