car -1 -1 -1.75 876.60 186.71 1231.94 369.79 1.54 1.62 3.91 3.70 1.67 3.90 -0.99 0.996
car -1 -1 -0.54 788.47 162.50 830.72 202.21 2.48 1.81 4.73 12.20 1.94 44.50 -0.28 0.994
car -1 -1 -1.72 801.78 177.25 871.93 224.98 1.46 1.49 2.95 8.80 1.93 28.20 -1.42 0.978
car -1 -1 -0.58 386.41 189.70 505.48 257.32 1.54 1.62 3.91 -3.50 1.67 15.70 -0.80 0.805
car -1 -1 0.21 1063.96 108.72 1231.48 355.62 2.48 1.81 4.73 6.40 1.94 6.30 1.00 0.167
car -1 -1 -0.75 916.61 188.84 1095.20 258.95 1.46 1.49 2.95 8.00 1.73 15.00 -0.26 0.123
pedestrian -1 -1 1.60 853.30 164.75 956.02 370.12 1.76 0.66 0.49 2.10 1.68 5.20 1.98 0.999
pedestrian -1 -1 -1.85 442.39 180.40 468.33 266.07 1.76 0.66 0.49 -2.70 1.88 12.60 -2.06 0.879
pedestrian -1 -1 -1.00 907.71 168.45 926.55 214.63 1.68 0.41 1.64 15.10 1.54 35.50 -0.60 0.398
pedestrian -1 -1 1.74 885.89 174.30 902.79 212.56 1.41 0.50 1.32 14.20 1.50 36.20 2.12 0.070
cyclist -1 -1 1.44 804.89 172.76 1014.47 365.08 1.75 0.62 1.83 2.00 1.68 5.60 1.78 0.050
