car -1 -1 1.46 562.55 168.81 597.77 197.02 1.54 1.62 3.91 -1.30 0.87 41.30 1.42 0.983
pedestrian -1 -1 -0.43 639.84 155.54 667.84 240.88 1.76 0.66 0.49 1.10 1.28 15.60 -0.36 1.000
pedestrian -1 -1 2.01 396.45 146.12 457.21 354.56 1.76 0.66 0.49 -1.50 1.48 6.40 1.78 0.999
pedestrian -1 -1 0.99 705.76 161.82 731.92 232.84 1.77 0.62 0.88 3.00 1.28 18.30 1.16 0.999
pedestrian -1 -1 1.67 320.80 157.14 411.53 373.00 1.76 0.66 0.49 -1.90 1.48 5.80 1.35 0.999
pedestrian -1 -1 -0.25 683.87 164.37 705.95 239.85 1.68 0.41 1.64 2.10 1.34 16.10 -0.12 0.998
pedestrian -1 -1 -1.66 625.62 153.72 646.13 227.09 1.68 0.41 1.64 0.90 1.14 18.90 -1.61 0.997
pedestrian -1 -1 -1.49 731.70 152.86 753.17 225.40 1.76 0.66 0.49 3.90 1.08 20.00 -1.29 0.996
pedestrian -1 -1 -1.79 751.21 151.03 772.18 224.38 1.77 0.62 0.88 5.20 0.88 23.30 -1.57 0.993
pedestrian -1 -1 2.05 487.35 163.54 504.56 216.88 1.76 0.66 0.49 -3.70 1.28 25.60 1.91 0.975
pedestrian -1 -1 0.78 675.20 158.71 692.45 232.92 1.76 0.66 0.49 1.90 1.28 16.80 0.89 0.751
pedestrian -1 -1 -0.38 722.77 155.70 738.96 229.36 1.76 0.66 0.49 3.50 1.08 19.60 -0.21 0.196
cyclist -1 -1 -2.13 745.23 141.90 783.87 251.77 1.76 0.66 0.49 2.70 1.28 11.80 -1.90 0.256
cyclist -1 -1 1.09 775.79 80.62 1187.21 351.53 1.75 0.62 1.83 1.60 1.28 2.80 1.61 0.093
