car -1 -1 -1.61 707.95 179.42 844.92 279.43 1.46 1.49 2.95 2.80 1.53 12.20 -1.39 0.999
car -1 -1 -2.53 399.84 170.50 516.13 211.24 1.54 1.62 3.91 -6.10 1.47 28.30 -2.74 0.996
car -1 -1 0.04 0.00 169.96 281.75 298.70 1.46 1.49 2.95 -6.40 1.53 10.00 -0.53 0.994
car -1 -1 -0.35 676.71 172.07 745.29 198.13 1.54 1.62 3.91 5.70 1.47 40.90 -0.21 0.984
car -1 -1 -0.65 706.17 170.91 794.15 208.57 1.54 1.62 3.91 5.90 1.47 31.10 -0.46 0.977
car -1 -1 -2.84 273.12 166.87 466.02 234.39 1.54 1.62 3.91 -5.50 1.47 16.90 -3.15 0.937
car -1 -1 -2.69 379.48 175.11 473.02 225.51 1.54 1.62 3.91 -5.70 1.67 23.10 -2.94 0.860
car -1 -1 0.54 762.33 176.98 947.02 240.60 1.54 1.62 3.91 6.10 1.67 19.10 0.85 0.651
car -1 -1 1.91 766.60 172.71 859.72 215.47 1.46 1.49 2.95 7.40 1.53 26.40 2.18 0.636
car -1 -1 -2.11 496.39 169.70 548.18 194.52 1.46 1.49 2.95 -4.80 1.33 39.40 -2.23 0.569
car -1 -1 -2.63 452.06 170.42 531.03 202.22 1.54 1.62 3.91 -6.30 1.47 39.50 -2.79 0.456
car -1 -1 0.76 177.41 129.49 443.84 251.69 2.48 1.81 4.73 -5.90 1.54 14.20 0.37 0.340
car -1 -1 -1.19 712.43 171.37 751.14 203.94 1.46 1.49 2.95 6.20 1.53 37.80 -1.03 0.123
car -1 -1 -0.48 724.28 179.48 837.20 226.65 1.54 1.62 3.91 5.70 1.67 24.50 -0.25 0.095
pedestrian -1 -1 2.06 712.82 171.79 726.80 216.91 1.41 0.50 1.32 5.20 1.71 33.80 2.21 0.112
cyclist -1 -1 -1.47 915.63 237.48 1208.61 370.99 1.41 0.50 1.32 2.60 1.90 4.40 -0.94 0.052
