car -1 -1 1.86 186.75 188.53 370.40 293.37 1.54 1.62 3.91 -5.90 1.87 13.10 1.43 1.000
car -1 -1 -2.09 791.86 178.87 1170.59 370.45 1.54 1.62 3.91 2.90 1.47 6.70 -1.68 0.999
car -1 -1 1.93 324.49 187.17 424.95 254.56 1.46 1.49 2.95 -6.20 1.93 19.40 1.62 0.999
car -1 -1 -1.71 726.78 178.22 884.25 280.52 1.46 1.49 2.95 3.00 1.53 11.60 -1.45 0.998
car -1 -1 -1.53 704.77 178.31 790.94 244.41 1.46 1.49 2.95 2.80 1.53 15.20 -1.35 0.993
car -1 -1 2.21 870.86 166.70 919.41 190.66 1.46 1.49 2.95 16.80 1.13 42.60 2.59 0.190
car -1 -1 -1.62 360.68 176.62 448.85 210.40 1.54 1.62 3.91 -10.70 1.87 37.90 -1.90 0.097
pedestrian -1 -1 -1.70 786.00 151.00 802.30 217.23 1.76 0.66 0.49 5.60 1.28 22.10 -1.46 0.899
pedestrian -1 -1 -1.20 767.14 156.90 784.31 219.86 1.76 0.66 0.49 5.00 1.48 22.10 -0.98 0.191
cyclist -1 -1 1.55 816.66 171.16 853.79 226.69 1.41 0.50 1.32 6.80 1.30 21.80 1.85 0.190
