car -1 -1 -1.69 679.89 182.84 768.40 248.31 1.54 1.62 3.91 2.70 1.87 18.70 -1.55 1.000
car -1 -1 -1.31 796.12 195.29 1178.86 374.00 1.46 1.49 2.95 2.60 1.93 6.00 -0.90 0.996
car -1 -1 0.53 227.61 177.85 429.26 247.88 1.54 1.62 3.91 -6.30 1.67 16.90 0.17 0.995
car -1 -1 -1.69 652.28 173.65 702.84 215.30 1.54 1.62 3.91 2.70 1.67 29.50 -1.60 0.995
car -1 -1 -1.54 36.68 169.16 292.42 312.26 1.46 1.49 2.95 -5.20 1.53 9.00 -2.06 0.994
car -1 -1 -2.29 322.14 169.40 478.94 231.19 1.54 1.62 3.91 -4.70 1.47 17.50 -2.55 0.987
car -1 -1 -2.57 434.37 180.00 508.33 214.40 1.46 1.49 2.95 -6.20 1.93 33.00 -2.76 0.962
car -1 -1 -1.28 638.79 173.49 677.46 204.72 1.54 1.62 3.91 2.30 1.67 35.30 -1.21 0.534
car -1 -1 -1.75 179.92 174.27 322.14 273.98 1.46 1.49 2.95 -6.00 1.53 12.60 -2.20 0.525
car -1 -1 -1.59 480.90 175.02 543.72 202.42 1.54 1.62 3.91 -5.70 1.67 42.70 -1.72 0.453
car -1 -1 -1.68 514.83 178.04 563.03 194.65 1.54 1.62 3.91 -6.30 2.07 66.10 -1.78 0.140
