car -1 -1 -1.31 722.11 180.33 846.19 262.23 1.54 1.62 3.91 3.70 1.67 15.50 -1.08 1.000
car -1 -1 1.72 520.51 170.78 746.24 329.48 1.54 1.62 3.91 0.10 1.47 8.10 1.74 0.991
car -1 -1 1.45 868.17 174.29 932.51 213.79 1.54 1.62 3.91 13.90 1.87 34.50 1.84 0.980
car -1 -1 -1.24 44.09 185.06 636.90 374.00 1.46 1.49 2.95 -1.40 1.73 4.20 -1.56 0.966
car -1 -1 -1.61 1068.39 207.13 1236.53 373.71 1.54 1.62 3.91 7.30 1.87 7.90 -0.86 0.940
car -1 -1 1.43 1009.38 184.04 1044.36 202.58 1.46 1.49 2.95 40.20 2.73 69.40 1.96 0.651
car -1 -1 0.74 754.41 170.28 823.71 203.74 1.46 1.49 2.95 8.20 1.33 32.80 0.98 0.549
car -1 -1 -0.45 898.49 179.12 943.48 210.42 1.46 1.49 2.95 18.00 2.13 41.60 -0.04 0.278
car -1 -1 -1.31 1028.52 187.93 1109.27 248.50 1.46 1.49 2.95 14.40 2.33 23.20 -0.75 0.108
pedestrian -1 -1 0.57 1173.45 180.89 1205.91 258.58 1.76 0.66 0.49 15.10 2.08 18.80 1.24 0.888
