car -1 -1 1.54 552.09 172.00 588.48 201.21 1.54 1.62 3.91 -1.70 1.07 38.50 1.49 0.998
pedestrian -1 -1 1.21 636.45 160.22 668.42 248.86 1.68 0.41 1.64 1.10 1.34 15.30 1.28 1.000
pedestrian -1 -1 -1.34 618.66 160.99 639.38 221.91 1.75 0.62 1.83 0.80 1.28 22.20 -1.31 1.000
pedestrian -1 -1 1.10 293.89 162.45 386.99 373.00 1.76 0.66 0.49 -1.70 1.68 4.80 0.76 0.999
pedestrian -1 -1 -0.16 673.67 162.34 706.12 243.71 1.75 0.62 1.83 2.00 1.48 16.60 -0.04 0.998
pedestrian -1 -1 -1.76 723.10 157.66 745.83 229.91 1.76 0.66 0.49 3.30 1.28 18.20 -1.58 0.997
pedestrian -1 -1 2.08 464.52 165.95 483.58 222.62 1.76 0.66 0.49 -4.10 1.28 23.20 1.90 0.997
pedestrian -1 -1 0.02 706.94 161.76 727.61 234.21 1.76 0.66 0.49 2.70 1.28 17.20 0.18 0.997
pedestrian -1 -1 1.99 117.60 166.20 321.78 372.51 1.77 0.62 0.88 -2.10 1.68 3.80 1.49 0.957
pedestrian -1 -1 -0.81 749.85 157.62 769.91 223.79 1.77 0.62 0.88 5.20 0.88 23.70 -0.60 0.927
pedestrian -1 -1 -0.21 662.72 162.85 686.63 238.87 1.41 0.50 1.32 1.60 1.30 16.80 -0.11 0.456
pedestrian -1 -1 -0.52 736.18 158.88 757.42 219.48 1.77 0.62 0.88 4.70 1.08 23.20 -0.32 0.190
pedestrian -1 -1 0.83 694.80 160.58 712.34 238.39 1.76 0.66 0.49 2.50 1.28 17.60 0.97 0.131
pedestrian -1 -1 2.03 127.22 191.95 204.81 339.19 1.41 0.50 1.32 -5.40 1.71 8.80 1.48 0.114
pedestrian -1 -1 0.30 714.91 159.96 727.12 196.81 1.75 0.62 1.83 7.40 0.48 44.40 0.47 0.086
pedestrian -1 -1 1.26 451.21 163.25 463.91 219.44 1.76 0.66 0.49 -4.70 1.08 23.80 1.06 0.073
cyclist -1 -1 -1.19 737.42 156.21 778.73 241.79 1.41 0.50 1.32 2.80 1.11 13.40 -0.98 0.167
cyclist -1 -1 1.25 893.52 183.75 1077.88 345.42 1.41 0.50 1.32 2.60 1.50 5.00 1.73 0.161
