car -1 -1 -1.69 631.77 177.33 674.31 211.39 1.54 1.62 3.91 2.30 1.87 35.90 -1.62 0.996
car -1 -1 -0.83 867.64 184.82 1179.23 299.37 1.54 1.62 3.91 5.50 1.67 10.10 -0.33 0.995
car -1 -1 1.90 774.15 180.51 1014.46 262.37 1.54 1.62 3.91 5.90 1.67 14.50 2.28 0.993
car -1 -1 -2.21 146.03 166.30 384.96 266.68 1.54 1.62 3.91 -6.10 1.47 12.50 -2.66 0.991
car -1 -1 -0.35 373.85 176.58 498.46 214.48 1.54 1.62 3.91 -7.10 1.67 28.10 -0.60 0.962
car -1 -1 -1.60 617.38 176.11 653.20 197.46 1.46 1.49 2.95 2.00 1.93 56.60 -1.56 0.893
car -1 -1 0.61 740.57 178.14 906.62 245.43 1.54 1.62 3.91 5.30 1.67 18.30 0.89 0.866
car -1 -1 -1.93 70.59 178.70 285.54 305.03 1.46 1.49 2.95 -5.60 1.53 10.00 -2.45 0.785
car -1 -1 -0.53 196.21 156.95 304.42 229.82 2.48 1.81 4.73 -13.80 1.94 28.10 -0.99 0.297
car -1 -1 -1.38 1012.20 180.77 1237.38 360.87 1.46 1.49 2.95 5.20 1.73 5.40 -0.61 0.159
car -1 -1 -2.27 441.81 175.72 532.23 204.57 1.54 1.62 3.91 -5.70 1.67 34.70 -2.44 0.055
pedestrian -1 -1 1.74 515.73 175.50 527.75 211.87 1.41 0.50 1.32 -4.80 1.50 39.00 1.61 0.059
cyclist -1 -1 1.63 511.05 171.83 537.87 219.45 1.75 0.62 1.83 -3.20 1.88 26.40 1.51 0.999
