car -1 -1 1.78 321.12 180.28 426.95 245.86 1.54 1.62 3.91 -6.50 1.87 20.30 1.47 1.000
car -1 -1 2.02 166.03 178.95 359.61 288.32 1.54 1.62 3.91 -6.30 1.67 13.50 1.59 1.000
car -1 -1 0.22 428.62 183.83 480.98 219.21 1.54 1.62 3.91 -6.90 2.07 32.90 0.01 0.999
car -1 -1 1.32 515.78 177.53 554.78 207.11 1.54 1.62 3.91 -3.90 1.87 38.70 1.22 0.999
car -1 -1 2.24 688.95 165.63 776.01 194.12 1.54 1.62 3.91 6.50 1.27 38.50 2.41 0.997
car -1 -1 1.55 490.39 177.88 520.62 205.26 1.54 1.62 3.91 -7.90 2.07 54.90 1.41 0.814
car -1 -1 -0.07 1028.12 159.79 1105.82 193.98 1.46 1.49 2.95 18.40 0.93 29.00 0.49 0.424
car -1 -1 1.79 284.30 179.06 351.98 230.65 2.48 1.81 4.73 -13.60 2.54 33.90 1.40 0.134
car -1 -1 0.13 1064.72 147.40 1237.59 239.54 1.46 1.49 2.95 10.40 1.13 14.00 0.76 0.133
car -1 -1 -0.75 541.81 175.84 566.03 199.36 1.54 1.62 3.91 -3.90 1.87 51.90 -0.83 0.060
pedestrian -1 -1 -1.24 669.01 164.14 691.62 207.51 1.77 0.62 0.88 3.10 1.48 32.40 -1.14 0.185
