car -1 -1 -1.66 665.69 188.09 720.66 233.00 1.54 1.62 3.91 2.90 2.07 25.70 -1.55 0.999
car -1 -1 -0.63 709.07 189.10 849.04 285.78 1.54 1.62 3.91 2.70 1.87 13.10 -0.43 0.999
car -1 -1 -0.54 761.31 204.45 1048.60 369.47 1.54 1.62 3.91 2.30 1.87 7.50 -0.24 0.996
car -1 -1 -2.55 403.62 179.16 515.73 225.85 1.54 1.62 3.91 -6.30 1.87 29.10 -2.77 0.996
car -1 -1 -1.53 645.74 185.29 687.89 220.17 1.46 1.49 2.95 2.20 1.93 28.80 -1.46 0.995
car -1 -1 -2.43 310.44 183.18 435.32 255.79 1.46 1.49 2.95 -5.20 1.73 16.60 -2.73 0.993
car -1 -1 0.66 53.82 172.85 330.02 322.38 1.54 1.62 3.91 -5.50 1.67 9.90 0.15 0.982
car -1 -1 -0.77 147.80 172.15 395.77 278.11 1.54 1.62 3.91 -5.30 1.67 12.10 -1.18 0.982
car -1 -1 -2.06 477.61 187.35 529.64 214.19 1.46 1.49 2.95 -6.00 2.33 42.40 -2.20 0.770
car -1 -1 -1.32 381.81 185.11 450.76 233.27 1.46 1.49 2.95 -6.40 1.93 23.60 -1.59 0.058
