car -1 -1 1.85 458.09 171.44 540.60 237.77 1.54 1.62 3.91 -2.70 1.27 19.90 1.71 0.998
car -1 -1 0.22 509.95 171.29 542.76 198.28 1.46 1.49 2.95 -4.40 0.93 43.20 0.11 0.103
pedestrian -1 -1 1.51 576.81 159.29 610.96 270.86 1.76 0.66 0.49 -0.10 1.48 12.00 1.50 1.000
pedestrian -1 -1 -1.37 490.08 165.79 544.11 299.39 1.75 0.62 1.83 -1.20 1.48 10.00 -1.49 1.000
pedestrian -1 -1 -1.29 555.98 159.58 576.05 213.31 1.76 0.66 0.49 -1.10 1.08 24.20 -1.34 1.000
pedestrian -1 -1 -2.03 709.65 157.10 763.47 290.41 1.76 0.66 0.49 1.80 1.48 9.90 -1.85 1.000
pedestrian -1 -1 -0.97 857.61 155.96 966.97 373.00 1.76 0.66 0.49 2.30 1.48 5.40 -0.56 0.998
pedestrian -1 -1 -1.97 628.59 156.38 684.19 318.34 1.76 0.66 0.49 0.50 1.48 7.80 -1.90 0.998
pedestrian -1 -1 0.07 813.62 157.04 869.81 340.05 1.76 0.66 0.49 2.10 1.48 6.80 0.37 0.993
pedestrian -1 -1 -0.74 662.01 150.92 705.70 301.02 1.76 0.66 0.49 1.10 1.48 9.20 -0.62 0.988
pedestrian -1 -1 -2.36 353.94 152.08 399.60 267.98 1.76 0.66 0.49 -3.10 1.48 9.80 -2.66 0.967
pedestrian -1 -1 1.89 698.48 161.09 712.99 208.19 1.75 0.62 1.83 5.40 0.88 37.20 2.03 0.956
pedestrian -1 -1 -0.96 620.73 155.68 652.15 266.17 1.77 0.62 0.88 0.40 1.28 11.30 -0.93 0.912
pedestrian -1 -1 1.80 481.18 163.15 491.05 203.50 1.77 0.62 0.88 -5.00 0.88 31.10 1.64 0.883
pedestrian -1 -1 -0.81 870.23 158.08 929.91 245.96 1.75 0.62 1.83 7.40 1.08 18.00 -0.42 0.259
pedestrian -1 -1 -0.97 717.51 163.17 746.92 195.92 1.41 0.50 1.32 6.00 0.50 33.00 -0.79 0.094
pedestrian -1 -1 -1.25 355.03 160.98 382.95 214.74 1.76 0.66 0.49 -8.00 0.88 24.50 -1.57 0.055
