car -1 -1 -1.77 689.57 186.43 776.98 249.68 1.46 1.49 2.95 3.20 1.93 19.40 -1.61 0.999
car -1 -1 -1.80 84.55 184.40 377.94 295.15 1.54 1.62 3.91 -5.70 1.67 11.30 -2.26 0.995
car -1 -1 -1.42 380.51 180.14 503.41 225.47 1.54 1.62 3.91 -5.50 1.87 24.10 -1.65 0.989
car -1 -1 -1.70 743.45 185.88 855.27 222.78 1.54 1.62 3.91 8.10 2.07 31.10 -1.45 0.962
car -1 -1 -1.29 318.30 183.37 461.25 242.30 1.54 1.62 3.91 -5.90 1.87 20.10 -1.58 0.945
car -1 -1 -0.58 223.57 184.61 443.18 262.06 1.54 1.62 3.91 -6.10 1.87 15.90 -0.95 0.938
car -1 -1 -1.16 701.10 180.30 809.01 221.25 1.54 1.62 3.91 5.50 1.67 26.90 -0.96 0.877
car -1 -1 -1.55 461.43 180.01 539.56 206.20 1.54 1.62 3.91 -5.70 1.87 38.30 -1.70 0.758
car -1 -1 -1.42 436.00 183.80 518.41 217.18 1.46 1.49 2.95 -5.20 1.93 29.00 -1.60 0.505
car -1 -1 -0.62 737.16 179.76 791.57 212.04 1.54 1.62 3.91 8.10 1.87 37.30 -0.40 0.347
car -1 -1 0.53 707.76 176.81 757.49 211.74 1.54 1.62 3.91 6.30 1.87 37.70 0.70 0.162
car -1 -1 -0.90 505.00 178.53 554.07 201.97 1.46 1.49 2.95 -5.60 2.13 52.40 -1.00 0.108
car -1 -1 1.20 520.60 172.24 575.44 198.63 2.48 1.81 4.73 -5.70 2.54 68.80 1.12 0.075
car -1 -1 -0.74 828.25 182.90 1215.14 366.54 1.54 1.62 3.91 2.90 1.67 5.90 -0.29 0.057
pedestrian -1 -1 -1.39 653.71 179.14 672.90 203.83 1.41 0.50 1.32 3.60 2.11 47.80 -1.32 0.055
