car -1 -1 0.82 764.99 178.04 1105.05 371.26 1.54 1.62 3.91 2.70 1.67 7.30 1.18 0.999
car -1 -1 -1.81 660.76 180.73 737.45 241.03 1.54 1.62 3.91 2.30 1.87 20.30 -1.69 0.999
car -1 -1 1.55 474.17 190.69 544.95 245.73 1.46 1.49 2.95 -2.80 1.93 21.00 1.42 0.998
car -1 -1 2.11 28.10 203.46 435.72 374.00 1.54 1.62 3.91 -2.70 1.67 6.30 1.71 0.996
car -1 -1 1.69 542.41 183.14 575.17 209.88 1.54 1.62 3.91 -3.30 2.27 48.70 1.63 0.993
car -1 -1 -1.66 642.57 178.60 699.50 225.46 1.54 1.62 3.91 2.10 1.87 26.70 -1.59 0.966
car -1 -1 2.47 293.19 199.60 414.93 254.43 1.46 1.49 2.95 -6.80 2.13 19.60 2.14 0.615
car -1 -1 -1.08 632.21 175.70 668.78 206.80 1.54 1.62 3.91 2.30 1.87 40.50 -1.02 0.447
car -1 -1 -0.34 789.13 186.58 900.23 258.79 1.54 1.62 3.91 5.50 1.87 17.90 -0.04 0.246
pedestrian -1 -1 1.20 781.50 189.97 798.83 244.43 1.41 0.50 1.32 4.60 1.90 18.40 1.44 0.925
