car -1 -1 -0.63 764.87 207.56 926.98 321.23 1.46 1.49 2.95 3.80 2.13 12.00 -0.32 1.000
car -1 -1 1.90 512.80 188.87 566.35 230.47 1.54 1.62 3.91 -2.70 2.27 29.10 1.81 0.999
car -1 -1 -1.54 726.37 198.42 820.19 274.11 1.46 1.49 2.95 3.40 2.13 15.60 -1.32 0.999
car -1 -1 -1.63 697.77 194.04 761.80 247.09 1.46 1.49 2.95 3.60 2.33 23.00 -1.47 0.999
car -1 -1 0.67 203.44 159.23 482.49 371.94 1.54 1.62 3.91 -2.70 1.67 8.10 0.34 0.998
car -1 -1 -1.69 679.19 196.79 727.57 236.28 1.46 1.49 2.95 3.60 2.33 26.80 -1.56 0.994
car -1 -1 -1.30 662.63 193.40 699.99 225.85 1.46 1.49 2.95 3.40 2.53 34.00 -1.20 0.942
car -1 -1 1.04 864.37 214.83 1241.00 374.00 1.46 1.49 2.95 3.80 1.93 7.20 1.53 0.863
car -1 -1 1.56 409.05 186.69 515.04 288.71 1.46 1.49 2.95 -2.80 1.93 14.40 1.37 0.288
car -1 -1 1.24 541.18 189.30 573.60 218.64 1.46 1.49 2.95 -2.60 2.33 36.80 1.17 0.212
