car -1 -1 -1.55 559.50 180.91 599.93 217.36 1.54 1.62 3.91 -1.30 1.47 32.70 -1.59 0.999
car -1 -1 -1.38 310.19 190.66 441.80 284.16 1.46 1.49 2.95 -4.00 1.53 12.20 -1.70 0.998
car -1 -1 -1.04 201.93 178.76 356.86 256.20 1.54 1.62 3.91 -7.50 1.47 16.30 -1.47 0.922
car -1 -1 -1.21 460.37 175.97 524.34 220.04 1.54 1.62 3.91 -4.30 1.27 27.30 -1.37 0.858
car -1 -1 0.17 301.62 178.31 358.66 215.47 1.46 1.49 2.95 -12.20 1.33 32.00 -0.19 0.857
car -1 -1 0.61 398.98 183.87 442.05 216.83 1.46 1.49 2.95 -8.60 1.33 33.00 0.35 0.563
car -1 -1 -0.35 132.72 183.13 252.48 224.87 1.54 1.62 3.91 -14.90 1.47 26.30 -0.86 0.439
car -1 -1 -1.65 201.55 183.21 283.40 219.29 1.46 1.49 2.95 -14.60 1.33 28.40 -2.12 0.412
car -1 -1 -0.49 55.38 186.59 375.44 375.00 1.46 1.49 2.95 -2.20 1.73 5.20 -0.89 0.189
car -1 -1 -0.77 354.51 149.37 435.95 226.46 2.48 1.81 4.73 -8.20 1.34 28.30 -1.05 0.076
