car -1 -1 -2.78 317.15 177.07 467.08 227.11 1.54 1.62 3.91 -6.50 1.67 22.50 -3.06 0.998
car -1 -1 -2.01 120.62 176.85 359.26 262.14 1.46 1.49 2.95 -6.00 1.53 12.20 -2.47 0.990
car -1 -1 2.51 789.59 169.88 1011.81 249.49 1.54 1.62 3.91 6.30 1.47 16.30 2.88 0.988
car -1 -1 -2.56 393.06 172.88 498.63 218.47 1.54 1.62 3.91 -5.70 1.67 26.70 -2.77 0.982
car -1 -1 -1.08 979.67 176.11 1238.82 355.19 1.54 1.62 3.91 5.50 1.67 8.90 -0.53 0.900
car -1 -1 0.32 506.35 163.51 564.88 193.08 2.48 1.81 4.73 -5.90 1.74 57.80 0.22 0.885
car -1 -1 -1.55 465.26 170.33 534.07 197.32 1.54 1.62 3.91 -6.50 1.47 42.30 -1.70 0.817
car -1 -1 -2.05 245.02 178.28 371.30 250.18 1.46 1.49 2.95 -6.00 1.53 15.00 -2.43 0.668
car -1 -1 -0.46 942.96 179.96 1181.76 258.00 1.54 1.62 3.91 8.70 1.47 14.10 0.10 0.336
car -1 -1 -1.25 651.92 150.28 723.53 222.96 2.48 1.81 4.73 2.60 1.74 26.30 -1.15 0.263
car -1 -1 1.30 926.71 169.13 1019.34 208.81 1.54 1.62 3.91 16.10 1.47 31.50 1.77 0.228
car -1 -1 -0.86 634.49 151.80 675.62 201.53 2.48 1.81 4.73 2.40 1.74 39.70 -0.79 0.124
car -1 -1 -2.00 452.58 172.77 509.31 209.15 1.46 1.49 2.95 -5.40 1.53 31.00 -2.17 0.060
car -1 -1 -0.11 507.28 175.76 541.30 198.49 1.54 1.62 3.91 -5.50 1.87 48.10 -0.22 0.056
