car -1 -1 -1.50 729.28 189.53 915.67 305.37 1.54 1.62 3.91 2.90 1.67 10.90 -1.24 0.999
car -1 -1 -2.01 433.09 168.92 532.39 209.61 1.54 1.62 3.91 -5.30 1.47 29.50 -2.19 0.996
car -1 -1 -1.84 372.83 177.51 481.41 233.82 1.46 1.49 2.95 -5.20 1.73 20.40 -2.09 0.987
car -1 -1 -0.65 653.58 172.99 706.97 216.78 1.54 1.62 3.91 2.90 1.67 31.50 -0.56 0.972
car -1 -1 -1.29 118.24 157.90 239.37 247.38 2.48 1.81 4.73 -13.40 1.94 23.10 -1.82 0.270
car -1 -1 -1.56 300.54 181.96 443.73 240.19 1.46 1.49 2.95 -5.80 1.73 17.60 -1.88 0.266
car -1 -1 -1.71 443.73 180.57 503.05 217.50 1.46 1.49 2.95 -5.20 1.93 27.60 -1.89 0.157
car -1 -1 -1.82 29.80 156.03 245.66 298.12 2.48 1.81 4.73 -9.80 1.94 15.50 -2.38 0.119
car -1 -1 -1.81 149.07 178.02 401.30 260.32 1.54 1.62 3.91 -6.30 1.67 13.90 -2.23 0.117
car -1 -1 -2.07 499.20 175.83 555.91 196.38 1.54 1.62 3.91 -6.50 1.87 56.50 -2.19 0.082
pedestrian -1 -1 -1.87 1114.03 181.83 1158.14 231.41 1.87 0.84 1.11 21.10 2.13 28.90 -1.24 0.132
cyclist -1 -1 -1.60 1093.21 185.67 1180.45 231.54 1.75 0.62 1.83 20.40 2.08 27.60 -0.97 0.916
cyclist -1 -1 1.18 412.83 189.94 447.35 248.50 1.41 0.50 1.32 -4.60 1.90 18.20 0.93 0.148
