car -1 -1 -1.63 636.00 182.60 675.39 215.69 1.54 1.62 3.91 2.30 2.07 36.70 -1.57 0.999
car -1 -1 -2.72 11.63 187.41 319.45 296.39 1.54 1.62 3.91 -6.90 1.67 11.30 -3.27 0.995
car -1 -1 1.92 764.69 184.01 966.30 254.98 1.54 1.62 3.91 5.90 1.87 17.50 2.24 0.985
car -1 -1 -0.32 829.11 186.99 1075.21 279.32 1.54 1.62 3.91 5.90 1.87 13.30 0.09 0.985
car -1 -1 -2.42 192.51 177.77 416.11 262.37 1.54 1.62 3.91 -6.90 1.67 15.90 -2.83 0.974
car -1 -1 -2.04 392.05 182.54 507.98 216.68 1.54 1.62 3.91 -6.70 1.87 29.90 -2.26 0.968
car -1 -1 -1.00 982.63 181.53 1231.97 355.38 1.46 1.49 2.95 5.40 1.53 7.00 -0.34 0.939
car -1 -1 -1.74 620.11 178.14 648.59 202.10 1.54 1.62 3.91 1.70 2.07 46.90 -1.70 0.806
car -1 -1 1.00 735.55 181.53 852.45 240.03 1.46 1.49 2.95 5.40 1.73 21.00 1.25 0.598
car -1 -1 -1.43 294.77 179.66 432.43 240.15 1.54 1.62 3.91 -6.50 1.87 20.30 -1.74 0.532
car -1 -1 1.00 731.16 176.90 800.64 225.46 1.54 1.62 3.91 5.30 1.67 25.70 1.20 0.080
cyclist -1 -1 1.39 521.04 178.84 543.16 218.98 1.87 0.84 1.11 -3.70 2.13 34.90 1.28 0.935
