pedestrian -1 -1 0.79 715.09 136.62 776.65 285.54 1.77 0.62 0.88 1.80 1.28 9.30 0.98 1.000
pedestrian -1 -1 1.30 607.52 142.33 646.87 243.84 1.77 0.62 0.88 0.40 1.08 12.50 1.33 0.999
pedestrian -1 -1 0.35 646.40 142.17 721.62 296.61 1.87 0.84 1.11 0.90 1.33 8.50 0.46 0.999
pedestrian -1 -1 0.55 571.81 138.03 616.14 243.07 1.77 0.62 0.88 -0.20 1.08 12.70 0.53 0.999
pedestrian -1 -1 1.34 464.89 137.57 504.39 245.39 1.76 0.66 0.49 -2.10 1.08 12.00 1.17 0.998
pedestrian -1 -1 0.65 517.46 140.59 560.61 234.95 1.75 0.62 1.83 -1.20 1.08 13.40 0.56 0.994
pedestrian -1 -1 0.63 560.63 150.66 586.17 233.99 1.41 0.50 1.32 -0.60 0.90 13.80 0.59 0.988
pedestrian -1 -1 2.23 451.85 145.16 478.21 211.74 1.41 0.50 1.32 -3.60 0.50 17.80 2.03 0.967
pedestrian -1 -1 1.39 494.36 145.10 518.00 238.60 1.76 0.66 0.49 -1.90 1.08 13.00 1.25 0.955
pedestrian -1 -1 0.64 281.08 135.79 312.91 240.75 1.76 0.66 0.49 -5.30 1.08 12.00 0.23 0.580
pedestrian -1 -1 0.05 547.04 142.40 557.78 181.79 1.68 0.41 1.64 -2.70 -0.46 37.50 -0.02 0.159
pedestrian -1 -1 -0.20 689.16 149.06 708.99 202.42 1.41 0.50 1.32 3.60 0.31 26.40 -0.06 0.086
pedestrian -1 -1 1.17 475.50 140.57 490.85 173.51 1.75 0.62 1.83 -7.20 -0.72 41.80 1.00 0.085
pedestrian -1 -1 0.84 676.15 143.78 687.29 177.24 1.41 0.50 1.32 3.80 -0.50 35.00 0.94 0.067
pedestrian -1 -1 -0.16 224.69 139.90 283.65 302.37 1.76 0.66 0.49 -4.00 1.48 8.10 -0.62 0.051
cyclist -1 -1 2.28 390.73 143.47 416.81 190.30 1.41 0.50 1.32 -8.20 0.10 28.40 1.99 0.665
cyclist -1 -1 0.54 259.60 138.09 330.79 238.41 1.77 0.62 0.88 -5.30 1.08 11.80 0.12 0.162
cyclist -1 -1 2.17 439.30 146.50 486.45 214.23 1.87 0.84 1.11 -3.70 0.73 17.70 1.97 0.054
