car -1 -1 -1.81 710.63 189.05 849.26 285.23 1.46 1.49 2.95 2.80 1.73 12.20 -1.58 0.999
car -1 -1 -1.80 653.46 183.57 725.68 234.91 1.54 1.62 3.91 2.30 1.87 22.70 -1.70 0.999
car -1 -1 -2.52 193.58 191.65 398.10 260.96 1.54 1.62 3.91 -6.70 1.87 15.70 -2.92 0.985
car -1 -1 -2.62 289.54 185.98 430.41 243.74 1.46 1.49 2.95 -6.40 1.73 18.00 -2.96 0.980
car -1 -1 -2.42 34.21 191.77 363.62 289.20 1.54 1.62 3.91 -5.90 1.67 10.70 -2.92 0.978
car -1 -1 -1.67 374.27 181.57 499.55 226.71 1.54 1.62 3.91 -6.30 1.87 26.50 -1.91 0.971
car -1 -1 0.93 629.17 173.95 659.89 200.62 1.54 1.62 3.91 1.90 1.67 39.10 0.98 0.892
car -1 -1 -2.19 486.32 178.75 537.54 206.44 1.46 1.49 2.95 -5.40 1.93 40.00 -2.33 0.734
car -1 -1 -0.68 644.42 181.44 673.81 210.53 1.46 1.49 2.95 2.60 1.93 38.80 -0.61 0.371
pedestrian -1 -1 -1.75 874.42 151.98 908.52 227.67 1.76 0.66 0.49 7.50 1.48 19.20 -1.38 0.313
