car -1 -1 1.22 941.48 166.56 1090.25 239.50 1.46 1.49 2.95 8.40 1.33 15.20 1.73 1.000
car -1 -1 -1.70 313.92 185.69 378.42 224.65 1.46 1.49 2.95 -10.60 2.13 29.20 -2.04 0.999
car -1 -1 -1.91 426.19 185.58 552.31 267.07 1.46 1.49 2.95 -2.60 1.73 15.00 -2.08 0.989
car -1 -1 1.07 480.56 171.93 592.31 212.88 1.54 1.62 3.91 -2.70 1.47 28.70 0.97 0.903
car -1 -1 -2.04 551.15 154.83 891.22 325.97 1.54 1.62 3.91 1.30 1.47 8.30 -1.89 0.893
car -1 -1 -0.53 279.65 181.43 310.73 200.42 1.46 1.49 2.95 -31.20 2.53 71.80 -0.94 0.866
car -1 -1 0.62 843.51 164.30 927.67 228.25 1.46 1.49 2.95 7.00 1.33 18.20 0.99 0.785
car -1 -1 0.46 457.61 176.66 542.54 209.86 1.54 1.62 3.91 -5.30 1.87 35.70 0.31 0.367
car -1 -1 -0.88 533.56 171.21 581.47 206.47 1.46 1.49 2.95 -2.20 1.53 32.60 -0.95 0.287
car -1 -1 1.71 108.69 187.85 163.10 214.42 1.46 1.49 2.95 -34.80 2.73 53.00 1.13 0.179
car -1 -1 1.02 1033.47 159.45 1233.98 216.78 1.54 1.62 3.91 13.50 1.27 18.70 1.65 0.107
car -1 -1 2.17 139.34 185.66 181.50 211.13 1.46 1.49 2.95 -34.60 2.73 55.80 1.62 0.099
car -1 -1 0.36 595.02 156.86 677.13 245.03 2.48 1.81 4.73 0.60 1.94 20.70 0.39 0.087
cyclist -1 -1 -1.04 942.84 168.43 990.84 238.43 1.41 0.50 1.32 8.00 1.50 16.00 -0.58 0.793
