car -1 -1 -1.73 697.95 170.21 852.28 289.27 1.54 1.62 3.91 2.50 1.67 11.50 -1.52 0.999
car -1 -1 0.22 40.78 192.57 332.85 312.14 1.46 1.49 2.95 -5.60 1.73 9.80 -0.30 0.999
car -1 -1 -1.59 673.72 181.16 754.95 244.54 1.54 1.62 3.91 2.50 1.67 18.70 -1.46 0.998
car -1 -1 -2.35 172.30 190.65 395.81 267.63 1.54 1.62 3.91 -6.70 1.87 15.10 -2.77 0.994
car -1 -1 -2.52 451.01 178.29 538.78 207.51 1.54 1.62 3.91 -5.70 1.87 37.30 -2.68 0.990
car -1 -1 -1.61 653.08 174.74 708.72 220.57 1.54 1.62 3.91 2.50 1.67 27.70 -1.52 0.987
car -1 -1 0.15 638.09 178.28 669.47 203.60 1.46 1.49 2.95 2.40 1.93 41.20 0.21 0.986
car -1 -1 -0.95 289.82 189.67 400.14 246.47 1.46 1.49 2.95 -7.80 1.93 21.20 -1.30 0.979
car -1 -1 -1.92 409.42 175.05 511.54 213.49 1.54 1.62 3.91 -6.10 1.67 30.50 -2.12 0.925
car -1 -1 -1.73 488.67 175.24 544.59 198.77 1.54 1.62 3.91 -6.70 1.87 54.70 -1.86 0.302
car -1 -1 -1.43 375.50 180.68 459.61 222.84 1.46 1.49 2.95 -7.00 1.73 26.40 -1.69 0.051
