pedestrian -1 -1 -2.14 427.19 177.73 459.17 263.10 1.41 0.50 1.32 -3.00 1.50 13.40 -2.36 0.999
pedestrian -1 -1 -0.52 674.30 162.37 704.97 257.99 1.76 0.66 0.49 1.70 1.48 13.80 -0.39 0.998
pedestrian -1 -1 0.90 719.36 163.40 745.38 255.51 1.76 0.66 0.49 2.50 1.48 13.80 1.08 0.991
pedestrian -1 -1 0.49 741.98 163.96 753.79 216.10 1.68 0.41 1.64 5.50 1.14 26.70 0.69 0.282
pedestrian -1 -1 0.44 756.34 158.79 772.59 220.12 1.76 0.66 0.49 5.90 1.08 26.00 0.66 0.050
cyclist -1 -1 0.41 572.64 169.09 604.35 222.20 1.87 0.84 1.11 -0.50 1.33 24.90 0.39 0.947
cyclist -1 -1 0.48 617.78 170.76 636.01 215.72 1.75 0.62 1.83 1.20 1.48 31.40 0.52 0.944
cyclist -1 -1 0.91 714.36 166.85 777.48 231.00 1.68 0.41 1.64 3.70 1.34 17.90 1.11 0.869
cyclist -1 -1 1.23 872.89 177.25 968.62 367.61 1.76 0.66 0.49 2.30 1.48 5.40 1.63 0.799
cyclist -1 -1 0.08 739.30 164.59 757.05 222.48 1.77 0.62 0.88 5.40 1.48 26.30 0.28 0.186
cyclist -1 -1 1.09 514.21 175.58 548.07 212.49 1.68 0.41 1.64 -3.30 1.54 33.10 0.99 0.157
