car -1 -1 1.58 479.03 168.39 524.70 201.32 1.54 1.62 3.91 -5.90 1.07 43.10 1.44 0.749
pedestrian -1 -1 -1.52 612.26 150.55 657.14 301.53 1.75 0.62 1.83 0.40 1.48 9.60 -1.48 0.999
pedestrian -1 -1 -1.05 726.11 159.02 749.40 220.73 1.76 0.66 0.49 3.60 1.08 18.90 -0.86 0.999
pedestrian -1 -1 -1.23 673.74 155.95 711.53 293.42 1.68 0.41 1.64 1.10 1.54 9.70 -1.11 0.988
pedestrian -1 -1 0.02 709.86 153.85 728.77 230.06 1.76 0.66 0.49 3.30 1.08 20.60 0.18 0.988
pedestrian -1 -1 2.07 273.75 164.81 341.20 323.46 1.41 0.50 1.32 -3.80 1.30 9.00 1.67 0.820
pedestrian -1 -1 0.14 233.85 168.64 280.27 321.39 1.76 0.66 0.49 -4.00 1.48 8.50 -0.30 0.780
pedestrian -1 -1 -0.69 684.92 167.56 703.91 214.40 1.75 0.62 1.83 4.40 1.08 34.00 -0.57 0.618
pedestrian -1 -1 3.33 2.72 178.99 34.77 224.14 1.41 0.50 1.32 -23.00 1.50 28.60 2.65 0.277
pedestrian -1 -1 -1.01 625.05 167.01 634.21 198.80 1.77 0.62 0.88 2.20 0.88 55.70 -0.97 0.085
cyclist -1 -1 1.67 430.01 166.64 488.87 272.77 1.77 0.62 0.88 -2.30 1.48 12.20 1.49 0.999
cyclist -1 -1 1.98 255.95 161.52 362.18 364.15 1.76 0.66 0.49 -2.70 1.68 6.60 1.60 0.986
cyclist -1 -1 -0.80 696.35 148.53 760.94 277.10 1.77 0.62 0.88 1.70 1.48 9.80 -0.63 0.777
cyclist -1 -1 -0.82 704.28 151.37 730.36 240.19 1.77 0.62 0.88 3.20 1.48 19.70 -0.66 0.144
