car -1 -1 -1.43 711.13 186.59 871.18 282.95 1.54 1.62 3.91 2.90 1.67 12.10 -1.19 0.999
car -1 -1 -2.02 449.31 170.34 542.19 204.90 1.54 1.62 3.91 -4.70 1.47 30.90 -2.17 0.995
car -1 -1 -2.13 438.93 180.57 513.18 218.30 1.46 1.49 2.95 -5.60 1.93 29.80 -2.32 0.984
car -1 -1 -2.25 18.07 164.00 303.05 293.58 1.54 1.62 3.91 -5.90 1.47 10.50 -2.76 0.982
car -1 -1 -2.02 363.03 178.19 493.51 229.85 1.54 1.62 3.91 -5.50 1.67 22.10 -2.26 0.977
car -1 -1 -1.14 653.12 173.06 703.35 217.49 1.54 1.62 3.91 3.10 1.87 32.90 -1.05 0.909
car -1 -1 -1.25 213.69 180.13 420.63 251.73 1.54 1.62 3.91 -6.30 1.67 15.90 -1.63 0.156
car -1 -1 -1.77 174.64 169.54 323.13 266.66 1.54 1.62 3.91 -6.90 1.67 14.50 -2.21 0.065
car -1 -1 -0.79 86.59 154.78 244.24 226.02 2.48 1.81 4.73 -15.70 1.74 26.00 -1.34 0.058
car -1 -1 -1.47 423.80 175.94 472.12 212.53 1.46 1.49 2.95 -7.00 1.53 31.20 -1.69 0.050
pedestrian -1 -1 -1.55 1084.38 186.56 1126.23 229.59 1.41 0.50 1.32 20.20 2.31 29.80 -0.95 0.146
cyclist -1 -1 -1.92 1071.13 189.21 1143.78 231.81 1.75 0.62 1.83 20.80 2.28 29.80 -1.32 0.974
cyclist -1 -1 -0.62 1043.48 184.95 1070.17 224.18 1.76 0.66 0.49 17.90 2.08 29.00 -0.06 0.127
