car -1 -1 -2.16 730.72 177.05 827.25 219.02 1.46 1.49 2.95 6.60 1.73 27.40 -1.93 0.999
car -1 -1 -2.85 243.91 177.81 430.47 242.41 1.54 1.62 3.91 -6.50 1.67 17.90 -3.20 0.998
car -1 -1 -2.18 435.21 177.15 505.06 206.59 1.46 1.49 2.95 -6.60 1.73 34.80 -2.36 0.954
car -1 -1 -1.53 625.64 175.31 663.31 205.50 1.46 1.49 2.95 2.00 1.73 40.00 -1.48 0.946
car -1 -1 -0.45 0.00 179.67 321.82 338.03 1.46 1.49 2.95 -4.80 1.73 8.60 -0.96 0.923
car -1 -1 0.40 136.76 183.46 330.83 273.19 1.46 1.49 2.95 -6.60 1.73 12.80 -0.08 0.900
car -1 -1 -2.46 347.48 176.21 438.09 231.31 1.46 1.49 2.95 -6.00 1.53 20.40 -2.74 0.752
car -1 -1 -1.14 610.77 171.93 640.08 196.46 1.54 1.62 3.91 0.90 1.47 44.10 -1.12 0.619
car -1 -1 -0.61 454.60 172.49 532.48 199.72 1.54 1.62 3.91 -5.50 1.47 34.70 -0.76 0.610
car -1 -1 -2.09 381.83 172.98 499.36 215.26 1.54 1.62 3.91 -5.90 1.67 25.70 -2.31 0.415
car -1 -1 1.57 266.17 175.54 354.76 218.67 1.46 1.49 2.95 -10.80 1.53 25.60 1.17 0.238
