car -1 -1 -2.68 263.81 174.29 443.20 242.32 1.54 1.62 3.91 -6.30 1.67 18.30 -3.01 0.999
car -1 -1 0.30 158.08 177.28 418.06 269.92 1.54 1.62 3.91 -5.30 1.47 11.90 -0.12 0.998
car -1 -1 -1.83 12.34 185.10 345.26 295.31 1.54 1.62 3.91 -6.50 1.67 11.10 -2.36 0.998
car -1 -1 -0.18 723.41 178.96 852.40 230.80 1.54 1.62 3.91 5.90 1.87 24.90 0.06 0.997
car -1 -1 -0.19 866.83 185.59 1186.87 291.40 1.54 1.62 3.91 5.90 1.67 11.10 0.30 0.996
car -1 -1 -1.64 632.97 178.48 671.71 209.12 1.54 1.62 3.91 2.10 1.87 38.50 -1.59 0.995
car -1 -1 -1.58 395.76 175.19 516.94 216.07 1.54 1.62 3.91 -5.30 1.67 24.90 -1.79 0.992
car -1 -1 -0.54 845.25 182.27 1014.94 273.75 1.46 1.49 2.95 5.60 1.53 13.40 -0.15 0.956
car -1 -1 -2.46 339.24 176.21 474.39 223.52 1.54 1.62 3.91 -6.90 1.67 25.10 -2.73 0.806
car -1 -1 -0.14 472.02 175.42 544.47 202.39 1.54 1.62 3.91 -5.50 1.67 39.70 -0.27 0.066
car -1 -1 1.01 303.67 170.27 372.53 212.93 2.48 1.81 4.73 -15.00 2.14 40.10 0.66 0.053
