car -1 -1 -1.64 696.69 185.57 786.61 257.06 1.46 1.49 2.95 2.80 1.73 15.80 -1.47 1.000
car -1 -1 -1.21 46.84 185.76 397.80 286.70 1.54 1.62 3.91 -6.30 1.67 11.70 -1.71 0.997
car -1 -1 -1.47 223.18 181.20 443.28 262.27 1.54 1.62 3.91 -5.70 1.67 14.90 -1.84 0.997
car -1 -1 -2.42 318.37 178.58 478.73 231.77 1.54 1.62 3.91 -5.90 1.67 21.10 -2.69 0.991
car -1 -1 -2.76 397.56 173.48 517.82 216.37 1.54 1.62 3.91 -5.90 1.67 27.30 -2.97 0.988
car -1 -1 0.58 744.22 175.95 905.09 231.88 1.54 1.62 3.91 6.50 1.67 22.30 0.86 0.984
car -1 -1 -2.17 482.74 179.06 546.45 204.20 1.54 1.62 3.91 -6.50 2.07 48.50 -2.31 0.958
car -1 -1 0.97 726.62 177.78 822.96 210.85 1.54 1.62 3.91 7.70 1.87 34.30 1.19 0.641
car -1 -1 -1.42 631.97 179.61 662.69 198.98 1.46 1.49 2.95 3.20 2.33 64.40 -1.37 0.187
car -1 -1 0.96 275.92 173.39 367.25 205.66 2.48 1.81 4.73 -19.50 2.34 48.40 0.58 0.176
car -1 -1 -0.81 692.88 176.11 750.67 205.24 1.46 1.49 2.95 6.40 1.73 41.00 -0.66 0.107
car -1 -1 0.39 159.96 185.61 339.39 252.22 1.46 1.49 2.95 -7.60 1.53 14.80 -0.08 0.051
