car -1 -1 1.64 532.81 166.38 578.37 208.77 2.48 1.81 4.73 -2.20 1.54 37.50 1.58 0.863
car -1 -1 0.98 599.44 169.33 622.21 193.30 2.48 1.81 4.73 1.00 1.34 62.70 1.00 0.154
pedestrian -1 -1 -1.77 682.64 158.99 747.72 348.83 1.68 0.41 1.64 1.10 1.54 7.10 -1.61 0.999
pedestrian -1 -1 -1.59 748.89 153.44 816.07 356.28 1.76 0.66 0.49 1.60 1.48 6.70 -1.35 0.999
pedestrian -1 -1 -1.91 871.28 161.68 915.99 252.37 1.41 0.50 1.32 5.00 1.11 12.20 -1.52 0.998
pedestrian -1 -1 -2.04 219.15 164.07 278.45 346.76 1.76 0.66 0.49 -3.50 1.48 7.00 -2.51 0.997
pedestrian -1 -1 -0.14 837.10 161.59 859.62 216.14 1.76 0.66 0.49 8.20 1.28 23.90 0.19 0.984
pedestrian -1 -1 -1.68 792.49 161.28 818.87 254.03 1.77 0.62 0.88 4.80 1.28 16.90 -1.41 0.920
pedestrian -1 -1 2.22 15.41 160.42 89.06 305.01 1.77 0.62 0.88 -9.50 1.48 12.40 1.57 0.698
pedestrian -1 -1 1.49 28.55 166.71 201.45 362.78 1.77 0.62 0.88 -2.20 1.68 3.50 0.93 0.677
pedestrian -1 -1 -1.33 709.66 163.48 727.64 210.98 1.75 0.62 1.83 6.40 1.08 38.60 -1.16 0.350
pedestrian -1 -1 -0.49 763.52 162.42 791.59 225.87 1.87 0.84 1.11 7.30 1.13 29.90 -0.26 0.307
pedestrian -1 -1 -0.14 71.60 186.72 159.20 288.37 1.41 0.50 1.32 -8.60 1.50 12.40 -0.75 0.106
pedestrian -1 -1 -1.47 466.31 173.73 480.42 213.57 1.68 0.41 1.64 -5.70 1.54 32.10 -1.64 0.066
cyclist -1 -1 -1.42 854.72 156.50 963.22 360.60 1.76 0.66 0.49 2.60 1.48 6.10 -1.02 0.946
cyclist -1 -1 -0.86 775.22 153.58 843.55 307.65 1.68 0.41 1.64 2.70 1.34 9.10 -0.57 0.308
cyclist -1 -1 2.26 0.00 156.45 116.61 288.04 1.87 0.84 1.11 -9.30 1.53 12.50 1.62 0.152
cyclist -1 -1 1.12 416.12 170.31 456.99 237.97 1.75 0.62 1.83 -4.40 1.68 19.00 0.90 0.089
