car -1 -1 -1.63 651.56 178.26 698.58 218.71 1.54 1.62 3.91 2.50 1.87 29.30 -1.54 0.999
car -1 -1 1.51 330.12 191.66 464.03 282.67 1.46 1.49 2.95 -3.80 1.93 13.60 1.24 0.999
car -1 -1 1.67 484.85 184.05 519.13 208.23 1.54 1.62 3.91 -6.90 2.27 46.10 1.52 0.983
car -1 -1 0.84 0.00 204.01 371.49 374.00 1.46 1.49 2.95 -3.60 1.93 6.80 0.35 0.981
car -1 -1 -1.15 434.79 184.26 485.61 223.92 1.54 1.62 3.91 -6.90 2.27 33.50 -1.35 0.980
car -1 -1 -1.25 1046.19 138.07 1191.96 196.46 2.48 1.81 4.73 18.50 1.14 26.20 -0.63 0.384
car -1 -1 2.11 764.07 160.37 932.99 216.90 2.48 1.81 4.73 8.10 1.74 25.60 2.41 0.349
car -1 -1 2.43 732.38 164.44 867.52 203.23 1.54 1.62 3.91 6.70 1.27 26.50 2.68 0.201
cyclist -1 -1 0.92 382.17 187.32 402.30 221.87 1.68 0.41 1.64 -11.50 2.34 38.30 0.62 0.164
cyclist -1 -1 1.33 373.28 191.99 391.27 226.71 1.68 0.41 1.64 -12.90 2.74 40.70 1.02 0.057
