car -1 -1 -1.76 745.51 184.98 971.31 338.20 1.54 1.62 3.91 2.50 1.67 8.70 -1.48 0.999
car -1 -1 -0.98 725.37 176.39 804.91 212.73 1.46 1.49 2.95 6.20 1.53 29.20 -0.77 0.997
car -1 -1 -0.12 682.36 173.99 747.04 205.60 1.46 1.49 2.95 5.00 1.53 33.40 0.03 0.994
car -1 -1 -2.44 335.97 173.57 490.71 225.48 1.54 1.62 3.91 -5.50 1.47 19.90 -2.71 0.992
car -1 -1 -0.62 42.68 171.50 364.07 288.42 1.54 1.62 3.91 -5.70 1.67 10.30 -1.12 0.988
car -1 -1 -1.72 488.25 171.89 545.62 199.10 1.46 1.49 2.95 -5.00 1.53 39.40 -1.85 0.975
car -1 -1 -2.59 403.45 169.74 522.95 214.10 1.54 1.62 3.91 -4.70 1.47 23.90 -2.79 0.973
car -1 -1 0.79 806.62 174.64 925.47 239.66 1.54 1.62 3.91 6.30 1.67 18.70 1.11 0.947
car -1 -1 0.24 819.96 182.63 1049.29 266.47 1.54 1.62 3.91 6.30 1.67 14.50 0.65 0.830
car -1 -1 -2.28 154.35 163.77 434.90 256.52 1.54 1.62 3.91 -5.50 1.47 12.50 -2.70 0.797
car -1 -1 -3.03 457.84 172.24 527.07 203.12 1.46 1.49 2.95 -6.00 1.53 38.00 -3.19 0.233
