pedestrian -1 -1 -1.79 358.02 169.17 393.61 285.33 1.76 0.66 0.49 -3.70 1.68 11.40 -2.10 0.997
pedestrian -1 -1 -0.42 654.21 158.75 683.57 284.26 1.76 0.66 0.49 1.10 1.48 11.20 -0.32 0.995
pedestrian -1 -1 -1.65 708.83 162.26 738.33 273.05 1.76 0.66 0.49 1.90 1.48 11.40 -1.49 0.988
pedestrian -1 -1 0.67 534.72 165.73 548.00 224.54 1.41 0.50 1.32 -2.00 1.11 24.00 0.59 0.960
pedestrian -1 -1 -2.11 738.08 161.49 753.70 219.52 1.77 0.62 0.88 4.80 1.08 23.90 -1.91 0.937
pedestrian -1 -1 2.07 503.26 167.29 528.12 231.31 1.41 0.50 1.32 -2.80 1.11 24.40 1.95 0.300
pedestrian -1 -1 -1.66 727.79 160.84 743.93 223.33 1.68 0.41 1.64 4.50 1.34 24.10 -1.47 0.113
cyclist -1 -1 1.53 559.75 164.23 590.12 232.29 1.87 0.84 1.11 -0.70 1.53 21.90 1.50 0.998
cyclist -1 -1 1.71 496.32 166.86 535.03 252.43 1.77 0.62 0.88 -2.00 1.48 15.50 1.58 0.997
cyclist -1 -1 -1.20 677.73 163.33 776.36 251.73 1.75 0.62 1.83 2.60 1.28 14.20 -1.02 0.360
cyclist -1 -1 0.37 532.09 170.31 551.27 223.78 1.77 0.62 0.88 -2.10 1.48 24.20 0.28 0.353
cyclist -1 -1 -1.57 342.43 180.95 404.63 280.60 1.77 0.62 0.88 -3.50 1.48 10.80 -1.88 0.054
