car -1 -1 1.54 477.82 168.79 521.19 207.64 2.48 1.81 4.73 -6.00 1.54 43.10 1.41 0.991
pedestrian -1 -1 -0.62 734.20 160.66 756.23 231.69 1.76 0.66 0.49 3.50 1.28 17.80 -0.43 0.999
pedestrian -1 -1 2.09 440.29 162.28 467.63 246.37 1.68 0.41 1.64 -3.10 1.34 15.30 1.89 0.995
pedestrian -1 -1 -0.59 615.65 152.16 659.32 312.94 1.75 0.62 1.83 0.40 1.48 9.20 -0.55 0.994
pedestrian -1 -1 -1.01 678.77 158.66 715.29 312.07 1.76 0.66 0.49 1.10 1.48 8.80 -0.88 0.953
pedestrian -1 -1 -0.06 199.55 152.30 270.74 354.92 1.76 0.66 0.49 -4.10 1.48 8.00 -0.53 0.882
pedestrian -1 -1 0.48 712.41 155.81 733.03 235.16 1.75 0.62 1.83 3.40 1.08 20.60 0.64 0.829
pedestrian -1 -1 2.58 153.43 168.27 225.98 258.44 1.75 0.62 1.83 -10.20 1.28 17.60 2.06 0.733
pedestrian -1 -1 1.94 400.81 165.34 447.71 296.33 1.68 0.41 1.64 -2.70 1.74 10.50 1.69 0.422
pedestrian -1 -1 -0.61 682.60 166.36 704.20 218.28 1.87 0.84 1.11 4.50 1.13 35.10 -0.48 0.308
pedestrian -1 -1 -1.15 629.15 167.37 640.17 199.26 1.75 0.62 1.83 2.40 1.08 49.60 -1.10 0.158
cyclist -1 -1 1.62 383.76 168.30 458.38 290.50 1.77 0.62 0.88 -2.50 1.48 10.00 1.37 0.995
cyclist -1 -1 -0.64 677.54 153.48 766.22 297.49 1.87 0.84 1.11 1.50 1.53 8.90 -0.47 0.935
cyclist -1 -1 2.53 112.95 162.60 295.83 372.97 1.68 0.41 1.64 -2.70 1.54 5.10 2.04 0.929
cyclist -1 -1 1.45 433.29 166.48 472.08 255.26 1.77 0.62 0.88 -3.20 1.48 14.70 1.24 0.818
cyclist -1 -1 -0.43 700.63 158.73 740.91 236.67 1.87 0.84 1.11 3.10 1.53 17.90 -0.26 0.495
cyclist -1 -1 1.31 0.00 158.97 199.02 336.27 1.87 0.84 1.11 -4.70 1.73 6.70 0.70 0.155
cyclist -1 -1 -1.05 723.65 161.71 759.39 228.31 1.87 0.84 1.11 3.70 1.53 19.70 -0.87 0.095
