car -1 -1 -1.72 749.38 184.39 939.10 324.46 1.54 1.62 3.91 2.90 1.67 9.90 -1.43 1.000
car -1 -1 -2.46 303.73 181.48 445.41 241.99 1.46 1.49 2.95 -6.00 1.73 18.80 -2.76 0.998
car -1 -1 -1.68 636.27 180.06 667.49 205.66 1.54 1.62 3.91 2.50 2.07 44.90 -1.63 0.996
car -1 -1 -0.09 162.58 178.95 384.37 281.68 1.46 1.49 2.95 -5.40 1.73 11.80 -0.52 0.994
car -1 -1 -1.97 452.27 179.49 530.63 209.86 1.54 1.62 3.91 -6.10 1.87 36.30 -2.14 0.986
car -1 -1 -0.04 774.36 177.33 1040.28 261.67 1.54 1.62 3.91 5.90 1.67 14.70 0.34 0.974
car -1 -1 1.01 731.14 180.80 876.91 234.38 1.54 1.62 3.91 5.70 1.87 21.70 1.27 0.913
car -1 -1 -2.03 356.34 172.80 482.92 227.03 1.54 1.62 3.91 -5.90 1.67 24.10 -2.27 0.834
car -1 -1 -0.03 24.22 172.54 314.75 358.22 1.46 1.49 2.95 -4.20 1.73 7.80 -0.52 0.647
car -1 -1 1.56 711.84 178.35 778.31 221.44 1.54 1.62 3.91 4.90 1.87 26.90 1.74 0.223
pedestrian -1 -1 1.29 940.35 165.52 958.43 205.44 1.77 0.62 0.88 16.80 1.48 35.90 1.73 0.898
