pedestrian -1 -1 -0.22 555.68 168.34 573.00 223.15 1.76 0.66 0.49 -1.30 1.28 24.60 -0.27 1.000
pedestrian -1 -1 -0.63 577.85 162.94 609.23 275.14 1.76 0.66 0.49 -0.10 1.48 12.00 -0.64 1.000
pedestrian -1 -1 2.16 431.35 162.83 475.35 278.69 1.68 0.41 1.64 -2.50 1.34 12.10 1.96 0.999
pedestrian -1 -1 -2.05 528.88 166.80 547.86 219.44 1.77 0.62 0.88 -2.20 1.28 25.70 -2.14 0.997
pedestrian -1 -1 0.95 767.98 138.16 811.96 282.42 1.68 0.41 1.64 2.90 1.14 11.10 1.20 0.992
pedestrian -1 -1 -0.61 224.93 149.90 272.00 279.06 1.76 0.66 0.49 -5.30 1.28 10.60 -1.08 0.986
pedestrian -1 -1 1.44 826.44 150.36 847.34 224.07 1.76 0.66 0.49 5.30 1.08 16.20 1.76 0.888
pedestrian -1 -1 1.73 481.62 169.04 495.20 220.21 1.77 0.62 0.88 -4.00 1.28 25.70 1.57 0.568
pedestrian -1 -1 -0.05 518.15 169.41 531.85 218.09 1.41 0.50 1.32 -2.80 1.11 26.20 -0.15 0.560
pedestrian -1 -1 -1.56 635.04 165.46 644.81 201.06 1.68 0.41 1.64 2.10 0.94 38.30 -1.51 0.271
pedestrian -1 -1 0.61 499.77 169.36 526.75 221.88 1.41 0.50 1.32 -3.40 1.11 25.20 0.47 0.197
cyclist -1 -1 1.01 739.03 139.65 845.66 324.99 1.87 0.84 1.11 2.10 1.33 7.90 1.27 0.999
cyclist -1 -1 -0.30 495.80 165.61 537.19 257.91 1.87 0.84 1.11 -1.70 1.53 14.70 -0.42 0.996
cyclist -1 -1 0.08 56.03 215.54 250.21 335.41 1.41 0.50 1.32 -3.60 1.71 5.80 -0.48 0.109
cyclist -1 -1 0.50 158.31 170.97 316.33 330.62 1.87 0.84 1.11 -3.30 1.73 6.50 0.03 0.099
cyclist -1 -1 2.04 410.90 166.57 496.91 273.92 1.41 0.50 1.32 -2.20 1.30 11.60 1.86 0.067
