car -1 -1 1.69 422.14 184.34 504.96 238.48 1.54 1.62 3.91 -4.30 1.87 21.70 1.50 1.000
car -1 -1 -1.95 780.72 179.21 962.68 294.09 1.54 1.62 3.91 3.90 1.67 11.30 -1.62 1.000
car -1 -1 -1.73 711.33 177.73 788.24 227.21 1.54 1.62 3.91 3.90 1.67 20.90 -1.55 0.999
car -1 -1 1.61 472.84 181.51 534.50 223.24 1.54 1.62 3.91 -4.10 1.87 27.30 1.46 0.997
car -1 -1 -1.63 735.80 180.79 840.21 251.30 1.54 1.62 3.91 3.90 1.67 15.90 -1.39 0.995
car -1 -1 1.81 503.36 180.55 547.39 213.70 1.46 1.49 2.95 -3.80 1.73 32.60 1.69 0.995
car -1 -1 -1.63 689.85 176.31 753.80 220.26 1.54 1.62 3.91 4.10 1.67 28.10 -1.49 0.986
car -1 -1 -2.30 891.42 199.13 1240.21 369.91 1.46 1.49 2.95 3.60 1.73 5.60 -1.73 0.974
car -1 -1 1.77 550.04 177.67 589.84 200.33 1.46 1.49 2.95 -2.80 1.93 53.80 1.72 0.934
car -1 -1 -1.97 941.63 172.21 1017.35 204.55 1.54 1.62 3.91 18.30 1.47 36.30 -1.51 0.758
car -1 -1 -1.80 971.49 170.94 1095.66 206.14 1.54 1.62 3.91 18.90 1.47 31.90 -1.27 0.281
car -1 -1 -1.26 681.41 174.72 721.02 204.66 1.54 1.62 3.91 4.90 1.67 40.10 -1.14 0.244
