car -1 -1 1.68 267.23 203.22 399.87 298.52 1.46 1.49 2.95 -5.00 2.13 13.40 1.32 0.999
car -1 -1 -1.64 675.48 193.40 830.50 304.75 1.46 1.49 2.95 2.00 1.73 10.80 -1.45 0.999
car -1 -1 -1.78 730.82 211.31 1122.39 373.66 1.46 1.49 2.95 2.60 1.93 6.20 -1.38 0.998
car -1 -1 0.86 567.40 186.27 612.47 227.29 1.54 1.62 3.91 -0.70 2.07 29.10 0.83 0.998
car -1 -1 1.50 385.75 180.21 454.32 236.24 1.54 1.62 3.91 -6.50 2.07 25.70 1.26 0.979
car -1 -1 0.59 445.26 187.57 480.48 211.32 1.46 1.49 2.95 -10.00 2.53 49.60 0.40 0.976
car -1 -1 -0.97 605.79 182.91 712.80 261.97 1.54 1.62 3.91 0.70 1.67 14.50 -0.92 0.974
car -1 -1 -0.75 587.83 183.86 650.69 240.65 1.46 1.49 2.95 0.20 1.73 19.00 -0.74 0.885
car -1 -1 2.09 0.00 211.05 334.42 373.91 1.54 1.62 3.91 -4.10 1.87 7.90 1.61 0.651
pedestrian -1 -1 -1.04 705.07 192.48 725.28 238.05 1.41 0.50 1.32 3.20 1.90 22.40 -0.89 0.082
