pedestrian -1 -1 1.44 440.62 141.86 465.91 219.13 1.76 0.66 0.49 -3.30 0.88 15.20 1.23 1.000
pedestrian -1 -1 1.09 565.01 141.83 605.43 235.04 1.76 0.66 0.49 -0.40 1.08 13.90 1.07 1.000
pedestrian -1 -1 1.40 603.49 134.77 636.80 232.36 1.76 0.66 0.49 0.30 1.08 13.80 1.42 1.000
pedestrian -1 -1 -0.36 685.03 145.09 704.22 203.73 1.75 0.62 1.83 3.00 0.68 23.20 -0.23 0.999
pedestrian -1 -1 0.65 487.90 140.52 514.21 219.16 1.68 0.41 1.64 -2.50 0.74 17.10 0.51 0.998
pedestrian -1 -1 1.11 524.40 141.59 550.17 222.70 1.76 0.66 0.49 -1.50 0.88 15.80 1.02 0.998
pedestrian -1 -1 0.93 802.18 135.72 911.57 369.00 1.76 0.66 0.49 1.90 1.48 5.60 1.26 0.997
pedestrian -1 -1 1.07 466.69 140.98 485.84 218.92 1.76 0.66 0.49 -2.90 0.88 16.20 0.89 0.993
pedestrian -1 -1 0.94 884.27 134.52 995.08 355.24 1.77 0.62 0.88 3.00 1.48 6.30 1.38 0.992
pedestrian -1 -1 0.69 557.03 145.97 578.76 224.90 1.76 0.66 0.49 -0.90 1.08 15.00 0.63 0.781
pedestrian -1 -1 -0.59 231.85 133.86 285.23 294.47 1.76 0.66 0.49 -4.00 1.28 8.10 -1.05 0.578
pedestrian -1 -1 -0.43 258.34 134.67 298.17 242.50 1.41 0.50 1.32 -5.60 0.90 12.20 -0.86 0.406
pedestrian -1 -1 0.79 493.64 140.60 507.80 180.41 1.41 0.50 1.32 -5.20 -0.50 35.80 0.65 0.304
pedestrian -1 -1 0.63 509.38 141.47 531.52 215.37 1.76 0.66 0.49 -2.00 0.88 16.50 0.51 0.289
pedestrian -1 -1 0.80 545.43 143.15 564.03 221.21 1.76 0.66 0.49 -1.10 0.88 15.40 0.72 0.158
pedestrian -1 -1 1.59 420.75 142.97 437.54 197.24 1.76 0.66 0.49 -5.70 0.48 23.00 1.35 0.101
pedestrian -1 -1 2.08 409.32 144.72 421.08 181.14 1.41 0.50 1.32 -9.60 -0.29 35.80 1.82 0.086
cyclist -1 -1 2.05 397.86 146.98 450.70 198.45 1.41 0.50 1.32 -5.40 0.50 20.80 1.80 0.721
cyclist -1 -1 1.30 425.93 146.10 473.04 209.15 1.77 0.62 0.88 -3.50 0.88 15.00 1.07 0.109
cyclist -1 -1 -0.20 244.00 137.53 311.51 242.73 1.76 0.66 0.49 -5.40 1.08 11.70 -0.63 0.075
