pedestrian -1 -1 1.27 828.87 145.20 893.70 299.16 1.76 0.66 0.49 2.90 1.28 8.20 1.61 1.000
pedestrian -1 -1 1.05 735.48 145.05 811.51 304.41 1.76 0.66 0.49 2.00 1.48 8.30 1.28 1.000
pedestrian -1 -1 0.76 678.52 140.29 738.20 296.47 1.76 0.66 0.49 1.20 1.28 8.70 0.89 0.999
pedestrian -1 -1 1.14 495.06 142.39 542.69 292.73 1.76 0.66 0.49 -1.10 1.28 8.80 1.01 0.999
pedestrian -1 -1 1.01 911.39 136.69 1078.07 369.00 1.76 0.66 0.49 2.20 1.48 4.10 1.50 0.998
pedestrian -1 -1 0.96 906.44 135.62 960.92 314.89 1.76 0.66 0.49 3.70 1.28 8.00 1.39 0.998
pedestrian -1 -1 0.56 638.99 139.76 674.53 263.84 1.76 0.66 0.49 0.70 1.28 10.40 0.63 0.998
pedestrian -1 -1 1.02 535.49 149.59 577.38 281.30 1.68 0.41 1.64 -0.70 1.34 10.10 0.95 0.994
pedestrian -1 -1 1.43 478.19 138.90 507.88 229.33 1.68 0.41 1.64 -2.30 0.94 13.70 1.27 0.991
pedestrian -1 -1 1.17 561.08 139.58 610.05 278.39 1.76 0.66 0.49 -0.30 1.28 9.80 1.14 0.989
pedestrian -1 -1 1.19 612.44 149.12 642.48 272.16 1.76 0.66 0.49 0.30 1.28 10.00 1.22 0.966
pedestrian -1 -1 1.59 258.01 131.53 293.88 263.59 1.76 0.66 0.49 -5.50 1.08 12.00 1.16 0.753
pedestrian -1 -1 1.47 667.25 142.10 696.61 265.36 1.76 0.66 0.49 1.10 1.28 10.80 1.58 0.667
pedestrian -1 -1 1.37 591.44 136.20 623.84 267.70 1.41 0.50 1.32 0.00 1.11 10.00 1.37 0.361
pedestrian -1 -1 0.68 287.28 139.63 316.12 250.11 1.76 0.66 0.49 -5.30 1.08 12.20 0.27 0.195
cyclist -1 -1 0.76 234.70 143.36 336.78 245.88 1.75 0.62 1.83 -5.40 1.08 12.40 0.35 0.428
cyclist -1 -1 0.38 279.47 149.61 348.42 206.05 1.41 0.50 1.32 -7.00 0.70 17.80 0.01 0.160
cyclist -1 -1 1.60 593.14 133.84 620.21 221.17 1.41 0.50 1.32 0.00 0.50 15.00 1.60 0.097
cyclist -1 -1 -0.27 341.65 146.68 381.90 194.11 1.41 0.50 1.32 -6.00 0.50 17.40 -0.60 0.082
