car -1 -1 -0.86 723.57 162.89 986.71 266.98 1.54 1.62 3.91 4.30 1.27 11.70 -0.51 0.989
car -1 -1 -1.01 719.76 169.51 857.99 251.04 1.54 1.62 3.91 3.50 1.27 13.90 -0.76 0.908
pedestrian -1 -1 2.65 531.28 171.82 592.93 343.05 1.68 0.41 1.64 -0.50 1.54 7.50 2.58 0.999
pedestrian -1 -1 2.96 758.30 146.03 813.40 349.41 1.76 0.66 0.49 1.90 1.48 7.40 3.21 0.998
pedestrian -1 -1 1.88 413.40 172.65 429.86 210.74 1.41 0.50 1.32 -7.00 1.11 27.80 1.63 0.985
pedestrian -1 -1 0.86 797.25 165.42 866.25 365.12 1.76 0.66 0.49 1.80 1.48 5.90 1.15 0.783
pedestrian -1 -1 1.12 223.46 169.73 244.54 224.39 1.76 0.66 0.49 -12.70 1.28 24.80 0.65 0.395
pedestrian -1 -1 -1.18 1129.68 120.72 1204.38 347.14 1.76 0.66 0.49 2.90 1.48 3.40 -0.47 0.274
pedestrian -1 -1 2.63 764.74 154.80 804.17 228.06 1.75 0.62 1.83 5.40 0.88 22.00 2.87 0.071
pedestrian -1 -1 1.77 545.91 183.65 581.54 242.34 1.41 0.50 1.32 -1.20 1.30 22.60 1.72 0.063
cyclist -1 -1 1.64 408.35 171.32 436.11 211.28 1.41 0.50 1.32 -7.40 1.11 29.20 1.39 0.126
