car -1 -1 -1.32 272.15 185.16 430.21 297.68 1.46 1.49 2.95 -4.00 1.53 11.20 -1.66 1.000
car -1 -1 -1.47 558.91 180.13 598.42 215.60 1.54 1.62 3.91 -1.30 1.27 33.90 -1.51 0.998
car -1 -1 -1.40 210.07 183.41 321.15 242.14 1.46 1.49 2.95 -9.40 1.53 19.60 -1.84 0.983
car -1 -1 -1.02 179.01 183.31 263.70 229.23 1.46 1.49 2.95 -13.40 1.33 25.00 -1.51 0.926
car -1 -1 -0.86 284.09 178.50 361.94 220.34 1.54 1.62 3.91 -11.10 1.27 28.30 -1.23 0.926
car -1 -1 -1.16 453.22 176.46 525.12 221.02 1.54 1.62 3.91 -4.50 1.27 26.50 -1.33 0.768
car -1 -1 1.01 46.85 182.08 239.49 293.33 1.46 1.49 2.95 -7.40 1.53 12.00 0.46 0.706
car -1 -1 -0.75 336.29 145.42 432.72 229.45 2.48 1.81 4.73 -8.40 1.34 26.90 -1.05 0.684
car -1 -1 1.90 63.10 179.65 148.79 207.41 1.54 1.62 3.91 -31.90 1.27 45.70 1.29 0.557
car -1 -1 0.69 53.49 179.96 206.53 228.20 1.54 1.62 3.91 -13.90 1.27 21.50 0.12 0.430
car -1 -1 1.18 383.78 186.47 430.70 222.63 1.46 1.49 2.95 -8.20 1.53 29.60 0.91 0.197
car -1 -1 -1.81 486.85 173.84 538.35 205.39 1.54 1.62 3.91 -4.10 1.07 31.50 -1.94 0.119
car -1 -1 -1.25 251.28 173.68 409.56 237.29 1.54 1.62 3.91 -7.10 1.27 17.90 -1.63 0.085
