car -1 -1 1.92 105.96 204.14 332.99 323.85 1.54 1.62 3.91 -6.10 2.07 11.70 1.44 1.000
car -1 -1 -1.61 795.08 177.68 1085.36 367.26 1.46 1.49 2.95 2.80 1.53 7.00 -1.23 1.000
car -1 -1 1.81 453.14 187.09 499.13 220.37 1.54 1.62 3.91 -6.50 2.27 36.50 1.64 0.997
car -1 -1 1.63 480.87 184.77 515.65 212.92 1.46 1.49 2.95 -6.40 2.33 41.80 1.48 0.983
car -1 -1 -0.41 646.54 173.26 688.83 203.88 1.54 1.62 3.91 2.90 1.67 38.90 -0.33 0.920
car -1 -1 1.65 492.79 180.11 528.84 205.67 1.54 1.62 3.91 -5.90 1.87 42.10 1.51 0.299
car -1 -1 1.70 153.76 201.22 312.36 261.00 1.54 1.62 3.91 -10.50 2.27 19.90 1.22 0.260
car -1 -1 -1.54 133.49 201.64 184.09 229.01 1.46 1.49 2.95 -25.00 3.13 40.20 -2.10 0.254
car -1 -1 0.77 197.98 195.86 272.27 225.56 1.54 1.62 3.91 -22.90 3.07 44.10 0.29 0.116
car -1 -1 0.90 257.55 193.88 316.78 223.06 1.54 1.62 3.91 -18.90 2.67 42.50 0.48 0.051
