car -1 -1 -1.71 716.42 183.22 851.33 282.65 1.54 1.62 3.91 2.90 1.67 12.70 -1.48 0.998
car -1 -1 -1.76 280.99 175.14 441.37 240.75 1.46 1.49 2.95 -6.00 1.53 17.40 -2.09 0.996
car -1 -1 -2.28 779.62 188.71 917.82 239.90 1.46 1.49 2.95 6.40 1.93 19.20 -1.95 0.995
car -1 -1 2.66 695.19 173.77 813.06 217.84 1.54 1.62 3.91 5.50 1.67 27.70 2.85 0.993
car -1 -1 0.66 19.03 172.21 363.01 298.53 1.54 1.62 3.91 -6.10 1.67 10.50 0.14 0.986
car -1 -1 -1.59 455.64 172.93 532.25 204.46 1.54 1.62 3.91 -5.50 1.67 36.70 -1.74 0.985
car -1 -1 0.46 182.49 173.37 397.57 270.58 1.46 1.49 2.95 -5.60 1.53 13.00 0.05 0.932
car -1 -1 0.00 423.55 175.58 485.54 213.13 1.54 1.62 3.91 -6.70 1.67 30.90 -0.21 0.696
car -1 -1 -1.40 371.84 176.29 488.63 229.57 1.54 1.62 3.91 -5.30 1.67 21.30 -1.64 0.547
car -1 -1 0.16 771.61 178.15 839.49 222.94 1.46 1.49 2.95 7.00 1.73 25.80 0.43 0.329
car -1 -1 0.22 631.11 160.16 675.98 207.08 2.48 1.81 4.73 2.40 1.94 39.30 0.28 0.270
car -1 -1 0.95 512.18 167.04 565.70 194.07 2.48 1.81 4.73 -5.50 1.94 61.20 0.86 0.073
