car -1 -1 -1.67 762.35 184.42 986.35 336.02 1.54 1.62 3.91 2.90 1.67 9.50 -1.37 0.999
car -1 -1 -1.67 666.71 176.94 728.30 228.89 1.54 1.62 3.91 2.70 1.67 23.50 -1.56 0.999
car -1 -1 -1.72 678.73 177.81 781.15 248.24 1.54 1.62 3.91 2.70 1.67 16.70 -1.56 0.999
car -1 -1 1.02 153.59 177.13 336.42 240.83 1.54 1.62 3.91 -9.50 1.67 18.30 0.55 0.999
car -1 -1 1.67 427.81 180.95 501.03 230.84 1.54 1.62 3.91 -4.50 1.67 23.30 1.48 0.998
car -1 -1 1.56 465.36 175.37 519.19 219.85 1.46 1.49 2.95 -4.60 1.73 28.60 1.40 0.993
car -1 -1 -1.53 651.77 175.27 697.29 210.77 1.54 1.62 3.91 2.70 1.67 32.30 -1.45 0.991
car -1 -1 1.66 491.78 175.78 538.80 211.87 1.46 1.49 2.95 -4.40 1.73 33.40 1.53 0.914
car -1 -1 -1.44 837.56 206.74 1225.87 374.00 1.46 1.49 2.95 2.80 1.73 5.00 -0.93 0.525
car -1 -1 -0.59 803.87 185.73 949.09 268.39 1.54 1.62 3.91 6.10 1.87 17.50 -0.25 0.088
