car -1 -1 1.95 91.95 195.63 332.90 320.21 1.54 1.62 3.91 -5.90 1.87 11.30 1.47 1.000
car -1 -1 -1.70 712.59 182.27 811.17 256.08 1.46 1.49 2.95 3.00 1.53 15.00 -1.50 1.000
car -1 -1 1.78 285.01 192.40 400.27 267.23 1.46 1.49 2.95 -5.80 1.93 16.00 1.43 1.000
car -1 -1 -1.60 744.30 184.39 938.70 306.70 1.46 1.49 2.95 3.00 1.53 9.80 -1.30 0.999
car -1 -1 -1.55 835.90 189.71 1238.19 374.00 1.46 1.49 2.95 2.80 1.53 5.20 -1.06 0.853
car -1 -1 -0.54 349.39 177.90 441.18 227.71 1.54 1.62 3.91 -6.10 1.67 21.30 -0.82 0.761
car -1 -1 1.31 355.61 180.75 408.47 213.07 1.54 1.62 3.91 -13.90 2.27 43.70 1.00 0.337
car -1 -1 1.99 886.65 169.18 937.14 201.02 1.46 1.49 2.95 13.60 1.33 32.80 2.38 0.307
car -1 -1 -1.20 396.75 179.12 468.86 205.77 1.54 1.62 3.91 -10.90 2.07 44.90 -1.44 0.073
pedestrian -1 -1 -1.93 777.15 153.81 795.81 228.86 1.76 0.66 0.49 4.70 1.48 19.80 -1.70 0.940
pedestrian -1 -1 -2.28 800.81 154.89 826.06 237.60 1.76 0.66 0.49 5.60 1.48 19.90 -2.01 0.789
