car -1 -1 -1.51 474.74 183.91 539.05 228.56 1.54 1.62 3.91 -3.30 1.47 23.90 -1.65 1.000
car -1 -1 -0.85 245.50 182.89 363.82 246.82 1.54 1.62 3.91 -7.30 1.47 18.30 -1.23 0.999
car -1 -1 -1.36 282.70 182.93 465.27 296.13 1.54 1.62 3.91 -3.50 1.47 11.90 -1.65 0.999
car -1 -1 -1.59 580.62 177.86 619.47 215.76 1.54 1.62 3.91 -0.10 1.27 30.70 -1.60 0.995
car -1 -1 -1.42 435.16 180.43 484.72 211.68 1.54 1.62 3.91 -6.30 1.27 31.50 -1.62 0.927
car -1 -1 -1.41 0.00 176.06 239.27 291.41 1.46 1.49 2.95 -7.60 1.53 11.80 -1.99 0.796
car -1 -1 -0.74 144.37 184.30 268.71 240.90 1.54 1.62 3.91 -10.90 1.47 20.50 -1.23 0.796
car -1 -1 -0.96 226.58 178.74 318.58 230.45 1.54 1.62 3.91 -10.50 1.27 23.30 -1.38 0.550
car -1 -1 -0.77 530.46 161.30 567.05 197.70 2.48 1.81 4.73 -3.80 1.14 48.30 -0.85 0.192
car -1 -1 -1.65 336.33 181.91 399.58 213.01 1.46 1.49 2.95 -11.60 1.33 35.20 -1.97 0.096
car -1 -1 -0.28 384.30 178.41 423.46 203.68 1.46 1.49 2.95 -13.40 1.13 47.40 -0.55 0.052
