pedestrian -1 -1 -1.43 581.01 154.70 602.37 232.06 1.76 0.66 0.49 -0.30 1.28 17.60 -1.45 0.999
pedestrian -1 -1 0.61 550.55 155.41 567.84 219.58 1.76 0.66 0.49 -1.30 1.08 21.20 0.55 0.997
pedestrian -1 -1 0.99 149.45 159.45 222.71 360.43 1.76 0.66 0.49 -3.70 1.48 6.40 0.47 0.996
pedestrian -1 -1 1.52 400.11 164.86 467.59 301.34 1.77 0.62 0.88 -2.30 1.48 9.40 1.28 0.989
pedestrian -1 -1 -1.20 1006.26 153.00 1073.51 319.51 1.76 0.66 0.49 4.70 1.28 8.00 -0.67 0.987
pedestrian -1 -1 -1.06 606.08 159.16 621.52 206.07 1.76 0.66 0.49 0.50 0.88 28.60 -1.04 0.979
pedestrian -1 -1 -0.89 621.86 159.81 632.49 202.84 1.68 0.41 1.64 1.10 0.74 31.50 -0.85 0.804
pedestrian -1 -1 -0.93 811.23 155.84 844.86 250.54 1.76 0.66 0.49 3.90 1.28 12.60 -0.63 0.309
pedestrian -1 -1 -0.41 594.51 162.88 604.61 209.75 1.41 0.50 1.32 0.00 0.70 28.80 -0.41 0.275
pedestrian -1 -1 0.75 717.03 152.96 731.34 197.37 1.77 0.62 0.88 5.80 0.48 33.30 0.92 0.076
pedestrian -1 -1 -1.05 667.46 157.88 679.95 197.19 1.77 0.62 0.88 3.60 0.48 35.30 -0.95 0.075
cyclist -1 -1 1.91 111.50 170.79 257.77 328.97 1.87 0.84 1.11 -5.30 1.53 8.50 1.35 0.941
cyclist -1 -1 1.44 372.92 164.72 491.54 300.05 1.75 0.62 1.83 -2.60 1.48 10.00 1.18 0.722
cyclist -1 -1 -1.58 664.07 159.11 698.00 202.47 1.75 0.62 1.83 3.80 0.68 34.60 -1.48 0.380
cyclist -1 -1 -1.15 980.85 149.74 1103.56 307.32 1.77 0.62 0.88 5.10 1.48 8.00 -0.58 0.192
cyclist -1 -1 0.25 714.52 147.09 762.69 242.03 1.87 0.84 1.11 2.70 1.33 13.90 0.44 0.178
