car -1 -1 -1.43 395.35 178.75 486.23 238.98 1.54 1.62 3.91 -4.50 1.27 19.70 -1.65 1.000
car -1 -1 -1.61 668.10 182.79 733.62 231.60 1.46 1.49 2.95 3.00 1.33 22.80 -1.47 0.999
car -1 -1 -1.54 480.33 181.28 525.78 212.13 1.54 1.62 3.91 -4.50 1.27 32.10 -1.67 0.997
car -1 -1 -1.56 582.89 177.05 614.87 206.34 1.54 1.62 3.91 -0.50 1.07 41.70 -1.58 0.995
car -1 -1 -1.13 246.36 181.55 356.34 238.72 1.54 1.62 3.91 -8.50 1.47 20.70 -1.52 0.993
car -1 -1 -1.48 512.51 178.40 549.35 204.68 1.46 1.49 2.95 -4.40 1.13 42.00 -1.58 0.986
car -1 -1 -0.77 0.00 181.15 354.81 369.40 1.54 1.62 3.91 -3.50 1.47 7.10 -1.23 0.942
car -1 -1 -1.53 623.43 176.45 650.38 201.88 1.46 1.49 2.95 2.00 1.13 50.00 -1.49 0.928
car -1 -1 -1.16 355.10 169.37 417.49 216.41 1.54 1.62 3.91 -8.70 1.07 28.70 -1.45 0.812
pedestrian -1 -1 -1.37 785.61 183.14 797.60 220.89 1.41 0.50 1.32 8.60 1.30 33.00 -1.11 0.273
