car -1 -1 -1.89 716.42 168.83 906.52 314.01 1.54 1.62 3.91 2.50 1.67 10.30 -1.65 0.999
car -1 -1 -1.69 682.79 183.34 777.97 255.58 1.46 1.49 2.95 2.60 1.73 16.20 -1.54 0.999
car -1 -1 -1.78 659.43 174.99 718.30 225.58 1.54 1.62 3.91 2.70 1.67 24.90 -1.67 0.997
car -1 -1 -2.57 72.34 191.24 344.06 300.81 1.46 1.49 2.95 -5.80 1.73 10.80 -3.07 0.995
car -1 -1 -2.19 439.88 177.56 534.33 210.05 1.54 1.62 3.91 -5.70 1.87 35.70 -2.35 0.991
car -1 -1 -0.35 641.58 179.25 672.99 205.18 1.46 1.49 2.95 2.60 1.93 41.60 -0.29 0.991
car -1 -1 -1.59 403.64 176.07 500.44 221.07 1.46 1.49 2.95 -5.60 1.73 26.20 -1.80 0.979
car -1 -1 -2.06 198.90 192.13 365.51 270.50 1.46 1.49 2.95 -6.20 1.93 14.20 -2.48 0.972
car -1 -1 -1.18 480.39 175.26 541.28 199.09 1.54 1.62 3.91 -7.10 1.87 53.50 -1.31 0.230
car -1 -1 -1.09 456.04 184.52 501.72 217.21 1.46 1.49 2.95 -5.80 2.13 33.00 -1.26 0.086
car -1 -1 -1.20 655.66 178.60 687.97 213.04 1.46 1.49 2.95 2.80 1.73 33.20 -1.12 0.064
