car -1 -1 1.92 41.20 206.07 311.25 336.80 1.54 1.62 3.91 -6.10 2.07 10.30 1.38 0.999
car -1 -1 1.92 388.26 187.61 472.93 238.99 1.54 1.62 3.91 -5.90 2.07 23.70 1.68 0.999
car -1 -1 -1.37 677.61 172.98 746.31 227.01 1.46 1.49 2.95 3.20 1.53 23.40 -1.23 0.998
car -1 -1 1.77 270.12 197.24 410.29 268.69 1.54 1.62 3.91 -6.10 2.07 16.90 1.42 0.998
car -1 -1 -1.34 699.48 176.42 795.62 240.63 1.54 1.62 3.91 3.10 1.67 17.90 -1.17 0.996
car -1 -1 2.00 481.02 184.30 525.86 211.89 1.54 1.62 3.91 -6.10 2.27 42.10 1.86 0.995
car -1 -1 1.97 443.05 185.06 495.89 225.82 1.46 1.49 2.95 -5.60 2.13 29.00 1.78 0.993
car -1 -1 -1.31 652.86 178.09 711.20 209.68 1.46 1.49 2.95 3.20 1.73 33.00 -1.22 0.976
car -1 -1 2.38 961.21 138.19 1241.00 232.85 1.54 1.62 3.91 9.10 1.07 13.10 2.99 0.940
car -1 -1 2.79 870.30 141.02 1096.53 225.67 2.48 1.81 4.73 9.70 1.54 19.40 3.26 0.884
car -1 -1 -1.08 638.45 176.26 680.67 198.36 1.46 1.49 2.95 3.60 1.73 49.80 -1.01 0.362
car -1 -1 2.54 825.01 153.94 1008.37 216.37 1.54 1.62 3.91 7.90 1.27 19.30 2.93 0.221
cyclist -1 -1 -0.29 271.84 195.51 313.66 228.98 1.41 0.50 1.32 -12.60 2.31 29.20 -0.70 0.230
