car -1 -1 0.00 708.36 175.41 903.18 251.87 1.54 1.62 3.91 4.30 1.67 16.10 0.26 1.000
car -1 -1 -2.66 152.47 169.25 356.01 241.16 1.54 1.62 3.91 -8.10 1.47 17.30 -3.09 0.998
car -1 -1 -1.87 310.53 166.24 397.23 216.63 1.46 1.49 2.95 -8.00 1.33 23.20 -2.21 0.978
car -1 -1 -1.44 957.33 189.25 1235.50 374.00 1.46 1.49 2.95 3.20 1.73 4.20 -0.79 0.967
car -1 -1 -0.50 686.11 176.81 781.83 239.53 1.54 1.62 3.91 3.10 1.47 19.10 -0.34 0.869
car -1 -1 -2.14 263.09 162.17 376.00 227.24 1.54 1.62 3.91 -7.90 1.27 19.90 -2.52 0.644
car -1 -1 -1.66 457.53 169.94 490.52 192.87 1.54 1.62 3.91 -10.30 1.67 56.10 -1.84 0.638
car -1 -1 0.15 9.77 171.85 258.81 274.49 1.46 1.49 2.95 -7.40 1.53 11.60 -0.42 0.535
car -1 -1 0.62 87.92 178.25 212.95 225.48 1.46 1.49 2.95 -16.20 1.73 25.80 0.06 0.387
car -1 -1 0.83 0.00 168.40 155.44 215.61 1.54 1.62 3.91 -19.90 1.47 26.70 0.19 0.078
pedestrian -1 -1 -0.71 391.22 161.34 405.27 193.38 1.75 0.62 1.83 -14.20 1.28 48.20 -1.00 0.136
