car -1 -1 -1.83 660.45 178.01 730.89 234.45 1.54 1.62 3.91 2.50 1.87 22.50 -1.72 0.999
car -1 -1 -1.65 711.07 186.55 876.55 295.46 1.54 1.62 3.91 2.70 1.67 11.30 -1.41 0.998
car -1 -1 0.53 0.00 181.77 319.64 313.93 1.54 1.62 3.91 -5.30 1.47 9.30 0.01 0.997
car -1 -1 -0.99 161.74 168.38 426.59 264.51 1.54 1.62 3.91 -5.90 1.67 12.90 -1.42 0.997
car -1 -1 -2.59 343.12 182.48 478.46 232.87 1.54 1.62 3.91 -6.30 1.87 22.70 -2.86 0.987
car -1 -1 -1.50 639.18 177.60 676.32 209.76 1.54 1.62 3.91 2.50 1.87 38.50 -1.43 0.968
car -1 -1 -1.49 650.61 181.67 696.57 220.00 1.54 1.62 3.91 2.50 1.87 29.50 -1.40 0.967
car -1 -1 -1.64 451.70 177.69 534.26 208.11 1.54 1.62 3.91 -6.10 1.87 37.70 -1.80 0.917
car -1 -1 -2.08 424.20 181.83 510.33 216.76 1.54 1.62 3.91 -6.30 2.07 32.90 -2.27 0.744
car -1 -1 -0.18 495.25 174.58 551.89 203.37 2.48 1.81 4.73 -7.10 2.54 59.80 -0.30 0.485
