car -1 -1 -1.20 257.60 176.37 462.09 312.50 1.54 1.62 3.91 -3.30 1.47 10.10 -1.51 1.000
car -1 -1 1.62 466.45 167.90 493.29 190.37 1.46 1.49 2.95 -8.60 0.73 49.60 1.44 0.981
pedestrian -1 -1 -2.08 122.41 169.44 159.50 256.26 1.76 0.66 0.49 -11.00 1.48 16.70 -2.66 1.000
pedestrian -1 -1 -0.16 591.68 154.17 620.03 233.82 1.77 0.62 0.88 0.00 1.28 17.50 -0.16 0.998
pedestrian -1 -1 -1.67 169.60 178.67 202.29 245.49 1.41 0.50 1.32 -11.40 1.50 19.20 -2.20 0.997
pedestrian -1 -1 -0.01 270.24 163.94 294.66 230.80 1.76 0.66 0.49 -7.90 1.28 17.40 -0.44 0.607
pedestrian -1 -1 -0.66 308.90 164.41 337.83 230.58 1.41 0.50 1.32 -6.20 1.11 15.40 -1.04 0.478
pedestrian -1 -1 -1.54 141.37 175.89 187.64 248.63 1.87 0.84 1.11 -11.50 1.53 18.50 -2.10 0.210
cyclist -1 -1 -0.66 888.82 145.90 914.02 202.21 1.77 0.62 0.88 11.60 0.68 27.30 -0.26 0.999
cyclist -1 -1 -1.28 1103.25 135.42 1211.36 202.86 1.75 0.62 1.83 12.60 0.88 15.80 -0.61 0.998
