car -1 -1 1.85 137.13 190.36 397.19 335.89 1.54 1.62 3.91 -4.50 1.87 10.10 1.43 1.000
car -1 -1 1.70 460.44 184.49 530.22 233.33 1.54 1.62 3.91 -3.90 2.07 25.50 1.55 0.999
car -1 -1 2.05 320.07 187.49 467.78 275.83 1.54 1.62 3.91 -4.30 1.87 15.10 1.77 0.999
car -1 -1 1.67 415.77 188.36 502.49 247.77 1.54 1.62 3.91 -4.10 2.07 20.50 1.47 0.999
car -1 -1 0.45 153.81 180.25 259.47 224.43 2.48 1.81 4.73 -22.30 2.74 39.80 -0.06 0.992
car -1 -1 -1.75 706.34 173.92 761.49 219.11 1.54 1.62 3.91 4.90 1.67 28.50 -1.58 0.983
car -1 -1 -1.51 693.51 175.96 734.37 204.88 1.54 1.62 3.91 5.70 1.87 40.50 -1.37 0.459
car -1 -1 1.75 572.29 180.02 600.37 202.24 1.54 1.62 3.91 -1.90 2.27 56.50 1.72 0.122
cyclist -1 -1 0.24 211.19 179.51 252.69 214.84 1.75 0.62 1.83 -21.00 2.28 40.40 -0.24 0.484
cyclist -1 -1 1.44 281.52 184.80 322.21 236.15 1.41 0.50 1.32 -10.20 1.90 24.00 1.04 0.076
