car -1 -1 -3.02 182.15 189.01 424.95 267.23 1.54 1.62 3.91 -6.30 1.87 15.30 -3.41 0.998
car -1 -1 2.66 822.72 192.68 1112.64 285.21 1.54 1.62 3.91 5.90 1.87 12.70 3.09 0.997
car -1 -1 -0.14 700.81 194.38 786.46 227.41 1.54 1.62 3.91 5.70 2.47 32.30 0.03 0.996
car -1 -1 -0.15 761.63 196.75 922.26 249.27 1.54 1.62 3.91 6.70 2.27 21.10 0.15 0.994
car -1 -1 -2.33 351.67 187.62 497.88 242.21 1.54 1.62 3.91 -5.10 2.07 20.90 -2.56 0.992
car -1 -1 -1.97 465.40 187.81 545.96 218.65 1.54 1.62 3.91 -5.70 2.47 38.90 -2.11 0.986
car -1 -1 2.07 882.35 194.29 1237.60 358.42 1.54 1.62 3.91 5.10 1.87 8.50 2.61 0.931
car -1 -1 -1.51 636.45 191.58 670.95 211.93 1.46 1.49 2.95 4.00 3.33 62.00 -1.45 0.782
car -1 -1 -2.92 437.51 190.78 516.97 225.05 1.46 1.49 2.95 -5.60 2.33 31.00 -3.10 0.532
car -1 -1 -0.82 752.01 194.09 838.35 240.96 1.54 1.62 3.91 5.50 1.87 22.30 -0.57 0.293
