car -1 -1 1.34 582.16 170.45 621.68 195.54 2.48 1.81 4.73 0.10 1.34 80.60 1.34 0.637
pedestrian -1 -1 0.54 655.66 172.45 677.68 234.39 1.68 0.41 1.64 1.90 1.54 21.10 0.63 1.000
pedestrian -1 -1 -1.30 486.92 169.85 506.84 237.22 1.76 0.66 0.49 -2.90 1.48 20.00 -1.45 1.000
pedestrian -1 -1 2.38 863.04 192.92 901.29 277.53 1.41 0.50 1.32 6.40 1.71 16.60 2.74 0.267
pedestrian -1 -1 2.00 436.96 170.40 453.06 214.54 1.41 0.50 1.32 -6.60 1.11 30.40 1.78 0.250
pedestrian -1 -1 -1.40 680.99 169.38 696.26 232.97 1.76 0.66 0.49 2.50 1.48 20.60 -1.28 0.197
pedestrian -1 -1 0.53 704.30 173.39 716.46 210.43 1.68 0.41 1.64 6.10 1.34 39.50 0.68 0.068
cyclist -1 -1 2.17 835.93 194.80 928.36 273.21 1.41 0.50 1.32 6.40 1.71 16.00 2.55 0.618
cyclist -1 -1 1.73 428.21 161.13 461.48 234.00 1.77 0.62 0.88 -4.00 1.48 18.70 1.52 0.544
cyclist -1 -1 0.85 694.61 174.87 724.41 207.50 1.87 0.84 1.11 5.30 1.53 34.70 1.00 0.245
