car -1 -1 0.64 344.77 149.53 489.75 241.31 1.54 1.62 3.91 -4.10 1.07 15.90 0.39 0.903
car -1 -1 1.33 419.71 155.77 515.61 215.26 1.54 1.62 3.91 -4.10 0.87 22.50 1.15 0.524
pedestrian -1 -1 2.07 780.38 148.14 832.03 301.29 1.76 0.66 0.49 2.50 1.48 8.80 2.34 1.000
pedestrian -1 -1 1.96 513.91 160.46 532.96 215.38 1.68 0.41 1.64 -2.50 0.94 23.30 1.85 1.000
pedestrian -1 -1 -1.54 1047.09 139.29 1148.45 336.98 1.76 0.66 0.49 4.10 1.28 6.20 -0.95 0.999
pedestrian -1 -1 -1.39 30.42 160.66 155.18 361.50 1.76 0.66 0.49 -3.80 1.68 5.50 -1.99 0.998
pedestrian -1 -1 1.89 223.06 157.77 271.39 291.96 1.76 0.66 0.49 -4.80 1.48 9.90 1.44 0.995
pedestrian -1 -1 2.29 179.69 159.21 213.01 271.90 1.76 0.66 0.49 -7.50 1.48 13.20 1.78 0.979
pedestrian -1 -1 2.71 1129.01 125.54 1201.50 249.92 1.76 0.66 0.49 7.80 1.08 10.10 3.37 0.906
pedestrian -1 -1 1.69 715.33 173.62 736.37 244.38 1.41 0.50 1.32 3.00 1.30 17.60 1.86 0.803
pedestrian -1 -1 1.89 623.56 154.23 636.99 221.43 1.76 0.66 0.49 0.90 1.08 23.00 1.93 0.464
pedestrian -1 -1 2.27 746.18 175.71 771.54 246.54 1.41 0.50 1.32 3.00 1.30 13.80 2.48 0.362
pedestrian -1 -1 -0.26 122.39 154.11 153.61 251.19 1.76 0.66 0.49 -10.00 1.28 15.50 -0.83 0.295
pedestrian -1 -1 1.89 195.92 160.05 240.24 274.21 1.76 0.66 0.49 -5.20 1.28 9.70 1.39 0.096
pedestrian -1 -1 -0.22 72.26 167.20 143.14 270.82 1.87 0.84 1.11 -10.50 1.53 15.50 -0.82 0.072
cyclist -1 -1 2.05 710.10 174.58 746.88 247.03 1.41 0.50 1.32 2.60 1.30 14.20 2.23 0.448
cyclist -1 -1 2.11 732.06 177.27 783.37 246.88 1.41 0.50 1.32 2.80 1.30 13.80 2.31 0.095
cyclist -1 -1 2.07 767.42 146.75 844.76 286.20 1.87 0.84 1.11 4.10 1.33 13.90 2.35 0.073
cyclist -1 -1 1.71 201.61 160.06 281.08 272.07 1.75 0.62 1.83 -8.20 1.48 17.00 1.26 0.058
