pedestrian -1 -1 -1.99 414.56 159.74 475.24 306.85 1.76 0.66 0.49 -2.00 1.48 9.10 -2.21 0.998
pedestrian -1 -1 -1.09 223.51 157.44 304.48 346.06 1.76 0.66 0.49 -3.10 1.68 6.60 -1.53 0.998
pedestrian -1 -1 -0.76 160.62 167.78 215.59 324.20 1.76 0.66 0.49 -5.00 1.68 8.70 -1.28 0.997
pedestrian -1 -1 -2.06 307.06 155.63 446.98 373.00 1.77 0.62 0.88 -1.70 1.68 5.40 -2.36 0.995
pedestrian -1 -1 0.33 273.51 167.30 314.46 325.99 1.76 0.66 0.49 -4.10 1.48 9.60 -0.07 0.992
pedestrian -1 -1 -1.72 309.59 173.44 358.49 297.28 1.76 0.66 0.49 -3.70 1.48 9.80 -2.08 0.976
pedestrian -1 -1 0.62 487.24 160.81 503.12 215.55 1.76 0.66 0.49 -3.50 1.08 23.80 0.47 0.605
pedestrian -1 -1 -1.41 345.72 167.82 390.39 251.52 1.75 0.62 1.83 -7.80 1.28 23.80 -1.72 0.418
pedestrian -1 -1 -1.53 127.94 187.86 157.00 235.13 1.41 0.50 1.32 -17.80 1.71 27.80 -2.10 0.151
pedestrian -1 -1 -0.25 548.72 177.15 561.63 214.17 1.41 0.50 1.32 -1.80 1.50 28.20 -0.32 0.093
pedestrian -1 -1 -0.98 1200.83 110.60 1234.04 222.58 1.75 0.62 1.83 11.40 0.88 12.40 -0.23 0.081
cyclist -1 -1 -1.48 124.38 188.56 159.76 238.14 1.41 0.50 1.32 -17.60 1.90 27.60 -2.05 0.098
cyclist -1 -1 -0.52 610.66 190.11 637.80 243.70 1.41 0.50 1.32 0.40 1.50 16.20 -0.50 0.070
