car -1 -1 1.91 13.65 201.56 445.79 349.27 1.54 1.62 3.91 -3.50 1.67 7.90 1.49 0.915
pedestrian -1 -1 2.31 429.88 172.21 449.07 226.48 1.76 0.66 0.49 -5.30 1.48 24.00 2.09 1.000
pedestrian -1 -1 -1.47 729.20 169.32 770.70 275.55 1.76 0.66 0.49 2.20 1.48 10.90 -1.27 0.999
pedestrian -1 -1 -0.16 505.08 174.59 519.06 213.06 1.75 0.62 1.83 -4.00 1.48 33.20 -0.28 0.980
pedestrian -1 -1 -1.75 470.21 179.90 483.09 214.52 1.68 0.41 1.64 -5.70 1.74 32.70 -1.92 0.508
pedestrian -1 -1 0.05 402.14 183.63 417.29 226.09 1.41 0.50 1.32 -8.40 1.71 31.40 -0.22 0.090
pedestrian -1 -1 -0.03 1175.21 194.30 1236.67 373.00 1.41 0.50 1.32 3.80 1.50 3.80 0.75 0.060
cyclist -1 -1 0.29 501.32 177.16 525.52 212.77 1.41 0.50 1.32 -5.00 1.50 42.20 0.17 0.503
cyclist -1 -1 -0.92 461.64 179.11 494.41 214.42 1.75 0.62 1.83 -6.40 1.68 36.00 -1.10 0.312
cyclist -1 -1 2.34 424.29 176.48 458.25 226.31 1.75 0.62 1.83 -5.40 1.68 23.20 2.11 0.088
