car -1 -1 1.54 445.30 169.39 533.04 239.59 1.46 1.49 2.95 -2.40 1.13 16.60 1.39 0.993
pedestrian -1 -1 -2.13 500.68 161.82 543.52 271.10 1.77 0.62 0.88 -1.40 1.48 11.90 -2.25 1.000
pedestrian -1 -1 -1.32 416.22 167.20 481.52 295.70 1.77 0.62 0.88 -2.10 1.48 9.80 -1.53 1.000
pedestrian -1 -1 -2.03 638.15 160.64 684.20 281.93 1.76 0.66 0.49 0.90 1.48 10.40 -1.95 1.000
pedestrian -1 -1 -1.51 737.64 158.33 834.45 366.08 1.77 0.62 0.88 1.60 1.48 6.30 -1.26 0.999
pedestrian -1 -1 -1.67 538.80 155.58 599.62 313.98 1.75 0.62 1.83 -0.40 1.48 8.40 -1.72 0.998
pedestrian -1 -1 -1.65 703.34 153.31 750.22 327.63 1.76 0.66 0.49 1.30 1.48 7.40 -1.47 0.997
pedestrian -1 -1 -1.51 587.96 158.80 633.90 293.02 1.77 0.62 0.88 0.20 1.48 10.30 -1.49 0.992
pedestrian -1 -1 -1.43 319.83 157.34 358.80 249.71 1.76 0.66 0.49 -5.20 1.28 14.10 -1.79 0.962
pedestrian -1 -1 2.24 685.87 158.17 698.83 202.79 1.68 0.41 1.64 4.30 0.74 33.30 2.37 0.744
pedestrian -1 -1 -1.36 560.63 156.62 717.46 299.09 1.75 0.62 1.83 0.40 1.28 7.40 -1.31 0.439
pedestrian -1 -1 0.23 452.70 163.40 476.21 248.53 1.41 0.50 1.32 -3.80 1.11 20.00 0.04 0.197
pedestrian -1 -1 -0.72 645.62 159.82 658.15 187.71 1.75 0.62 1.83 3.20 0.28 45.60 -0.65 0.183
pedestrian -1 -1 0.17 346.31 162.87 373.40 256.21 1.76 0.66 0.49 -4.60 1.48 13.70 -0.16 0.102
pedestrian -1 -1 -0.27 755.19 162.95 797.54 230.19 1.75 0.62 1.83 5.40 1.08 22.80 -0.04 0.089
