car -1 -1 -1.28 274.80 181.08 382.03 241.76 1.54 1.62 3.91 -7.50 1.47 19.70 -1.65 1.000
car -1 -1 -1.47 403.52 185.92 509.90 254.94 1.54 1.62 3.91 -3.30 1.47 16.30 -1.67 1.000
car -1 -1 -1.57 578.48 177.52 616.40 213.41 1.54 1.62 3.91 -0.50 1.27 36.50 -1.58 0.999
car -1 -1 -1.32 243.23 183.83 320.30 225.00 1.46 1.49 2.95 -10.80 1.33 23.80 -1.74 0.994
car -1 -1 0.18 0.00 182.45 180.74 262.02 1.54 1.62 3.91 -12.50 1.67 17.70 -0.44 0.957
car -1 -1 -1.45 382.73 179.76 437.56 218.56 1.54 1.62 3.91 -7.90 1.27 29.70 -1.71 0.932
car -1 -1 -1.91 474.67 184.47 518.26 217.40 1.54 1.62 3.91 -4.90 1.47 32.70 -2.06 0.895
car -1 -1 1.05 7.92 178.65 77.90 204.27 1.46 1.49 2.95 -36.40 1.13 46.00 0.38 0.648
car -1 -1 -0.68 312.36 175.48 376.39 212.68 1.54 1.62 3.91 -12.90 1.27 35.50 -1.03 0.199
car -1 -1 0.18 62.01 186.39 162.21 234.18 1.46 1.49 2.95 -16.80 1.53 25.00 -0.41 0.198
car -1 -1 -1.10 584.18 183.48 661.95 213.08 1.54 1.62 3.91 0.70 1.47 35.70 -1.08 0.105
cyclist -1 -1 1.71 543.66 170.00 567.68 199.55 1.75 0.62 1.83 -3.60 1.08 50.60 1.64 0.163
