car -1 -1 -0.25 398.67 173.93 496.26 249.30 1.46 1.49 2.95 -3.20 1.33 15.20 -0.46 0.214
pedestrian -1 -1 1.60 618.76 150.99 688.57 359.59 1.76 0.66 0.49 0.40 1.48 6.10 1.67 1.000
pedestrian -1 -1 -0.14 344.31 170.82 396.00 294.23 1.76 0.66 0.49 -3.30 1.48 9.80 -0.46 0.999
pedestrian -1 -1 -1.02 428.10 159.43 470.27 284.42 1.76 0.66 0.49 -2.50 1.48 11.60 -1.23 0.999
pedestrian -1 -1 -2.15 519.86 164.55 566.61 290.08 1.76 0.66 0.49 -0.90 1.48 10.40 -2.24 0.999
pedestrian -1 -1 -2.20 567.54 162.18 614.16 283.41 1.76 0.66 0.49 -0.20 1.48 10.30 -2.22 0.998
pedestrian -1 -1 -1.83 435.43 154.98 524.82 313.21 1.75 0.62 1.83 -1.40 1.48 8.60 -1.99 0.998
pedestrian -1 -1 0.97 399.11 165.53 437.91 260.92 1.76 0.66 0.49 -3.50 1.48 13.40 0.71 0.998
pedestrian -1 -1 -1.10 286.08 155.55 330.65 259.85 1.75 0.62 1.83 -5.60 1.28 14.20 -1.47 0.988
pedestrian -1 -1 -2.04 379.11 170.04 406.53 261.42 1.76 0.66 0.49 -3.90 1.48 13.40 -2.32 0.962
pedestrian -1 -1 -1.66 487.28 154.52 520.72 272.52 1.68 0.41 1.64 -1.90 1.14 13.90 -1.80 0.939
pedestrian -1 -1 -0.08 597.41 156.43 636.38 318.33 1.68 0.41 1.64 0.10 1.54 8.10 -0.07 0.860
pedestrian -1 -1 -0.15 438.81 163.24 461.66 204.51 1.87 0.84 1.11 -7.50 0.93 36.50 -0.36 0.322
pedestrian -1 -1 -1.09 486.42 157.20 632.84 304.35 1.75 0.62 1.83 -0.40 1.28 7.40 -1.15 0.132
pedestrian -1 -1 -0.83 1125.45 118.90 1172.49 214.82 1.76 0.66 0.49 11.60 0.88 15.30 -0.18 0.062
cyclist -1 -1 -0.70 271.06 162.87 345.41 257.99 1.87 0.84 1.11 -5.30 1.53 13.50 -1.07 0.647
