car -1 -1 1.84 352.85 168.05 483.06 249.13 2.48 1.81 4.73 -5.70 2.14 23.20 1.60 0.914
car -1 -1 0.35 95.17 178.37 330.72 288.92 2.48 1.81 4.73 -8.70 2.14 16.40 -0.14 0.108
car -1 -1 1.83 413.11 177.62 497.25 234.00 1.54 1.62 3.91 -4.70 1.67 23.50 1.63 0.095
pedestrian -1 -1 2.12 774.63 167.63 819.25 292.77 1.76 0.66 0.49 2.70 1.48 10.40 2.38 1.000
pedestrian -1 -1 -1.91 1004.50 160.96 1079.01 321.39 1.76 0.66 0.49 4.70 1.48 7.80 -1.36 1.000
pedestrian -1 -1 -1.61 260.36 175.50 319.86 349.11 1.76 0.66 0.49 -3.10 1.68 7.20 -2.01 0.998
pedestrian -1 -1 1.75 497.54 178.38 514.09 231.08 1.76 0.66 0.49 -3.70 1.68 27.60 1.62 0.987
pedestrian -1 -1 -0.30 338.19 179.68 357.58 260.35 1.76 0.66 0.49 -7.10 1.88 20.20 -0.64 0.943
pedestrian -1 -1 1.91 700.05 196.99 728.11 257.29 1.41 0.50 1.32 2.80 1.90 18.40 2.06 0.783
pedestrian -1 -1 1.38 299.56 175.39 333.18 284.02 1.77 0.62 0.88 -5.80 1.68 14.50 1.00 0.549
pedestrian -1 -1 0.90 317.72 179.99 339.11 250.38 1.76 0.66 0.49 -7.60 1.68 20.10 0.54 0.405
cyclist -1 -1 2.02 689.06 197.50 736.74 258.30 1.41 0.50 1.32 3.20 1.90 19.80 2.18 0.123
