car -1 -1 -2.33 0.00 181.65 313.66 290.77 1.54 1.62 3.91 -6.30 1.67 10.70 -2.86 1.000
car -1 -1 -1.66 154.57 181.65 404.35 268.08 1.54 1.62 3.91 -5.50 1.67 12.90 -2.07 0.999
car -1 -1 -1.48 647.19 181.29 697.27 220.57 1.54 1.62 3.91 2.50 2.07 30.90 -1.40 0.997
car -1 -1 -0.61 368.33 181.00 485.96 227.81 1.54 1.62 3.91 -5.90 1.87 23.70 -0.85 0.986
car -1 -1 -2.30 300.14 185.42 446.55 243.61 1.46 1.49 2.95 -5.80 1.73 17.60 -2.62 0.964
car -1 -1 -0.32 412.25 165.70 526.62 218.27 2.48 1.81 4.73 -6.10 1.94 31.00 -0.51 0.886
car -1 -1 -0.22 503.25 174.70 554.41 203.13 2.48 1.81 4.73 -7.10 2.74 65.80 -0.33 0.727
car -1 -1 -1.52 455.55 175.63 538.03 209.97 1.54 1.62 3.91 -5.50 1.87 35.90 -1.68 0.335
car -1 -1 -1.56 667.26 180.50 721.81 218.76 1.46 1.49 2.95 3.40 1.93 29.00 -1.45 0.075
car -1 -1 -1.08 103.07 183.85 242.59 247.70 1.46 1.49 2.95 -11.00 1.73 18.40 -1.62 0.058
