car -1 -1 -1.65 660.43 179.74 736.28 235.21 1.54 1.62 3.91 2.50 1.67 21.50 -1.53 1.000
car -1 -1 -1.67 640.67 177.04 689.95 214.66 1.54 1.62 3.91 2.30 1.67 30.70 -1.60 0.998
car -1 -1 -1.49 529.37 178.85 567.72 211.55 1.54 1.62 3.91 -3.30 1.87 39.10 -1.57 0.998
car -1 -1 -1.08 111.04 195.87 477.77 369.94 1.54 1.62 3.91 -2.70 1.67 7.30 -1.43 0.997
car -1 -1 -1.85 775.30 188.24 1241.00 374.00 1.46 1.49 2.95 2.20 1.53 4.60 -1.41 0.988
car -1 -1 1.49 305.72 191.33 465.52 258.73 1.54 1.62 3.91 -5.50 2.07 19.30 1.22 0.951
car -1 -1 -1.81 630.39 175.27 665.99 209.27 1.54 1.62 3.91 1.90 1.67 36.90 -1.76 0.679
car -1 -1 1.82 360.20 188.04 441.76 231.52 1.54 1.62 3.91 -7.90 2.07 27.50 1.54 0.085
pedestrian -1 -1 -1.39 289.78 168.82 330.55 270.94 1.77 0.62 0.88 -5.60 1.68 13.70 -1.78 0.996
pedestrian -1 -1 -1.51 332.77 171.70 360.10 261.69 1.76 0.66 0.49 -5.10 1.68 13.80 -1.87 0.958
