car -1 -1 -1.44 732.06 176.17 971.44 317.75 1.54 1.62 3.91 2.70 1.47 9.30 -1.16 1.000
car -1 -1 1.86 336.60 175.78 444.04 245.44 1.54 1.62 3.91 -6.10 1.87 20.30 1.56 0.999
car -1 -1 1.95 121.35 200.58 348.75 305.55 1.54 1.62 3.91 -6.70 2.07 12.50 1.46 0.998
car -1 -1 1.63 407.86 177.61 480.00 227.18 1.54 1.62 3.91 -5.90 1.67 26.10 1.41 0.994
car -1 -1 2.20 695.71 163.34 764.87 191.29 2.48 1.81 4.73 10.70 1.54 61.00 2.38 0.968
car -1 -1 1.48 547.58 175.89 576.77 198.31 1.54 1.62 3.91 -3.10 1.67 48.90 1.42 0.959
car -1 -1 -0.32 471.88 181.10 509.69 208.65 1.46 1.49 2.95 -6.20 1.93 37.40 -0.48 0.956
car -1 -1 1.38 515.86 178.98 542.99 200.75 1.46 1.49 2.95 -5.60 1.93 50.00 1.27 0.800
car -1 -1 0.66 923.18 159.20 1009.66 187.19 2.48 1.81 4.73 26.90 1.14 54.40 1.12 0.123
car -1 -1 0.80 907.00 158.67 1022.80 216.49 1.54 1.62 3.91 10.50 1.27 21.50 1.25 0.095
