car -1 -1 -1.79 694.73 182.28 796.16 254.76 1.54 1.62 3.91 2.90 1.67 16.30 -1.61 0.999
car -1 -1 -1.01 8.92 184.06 341.22 318.28 1.54 1.62 3.91 -5.30 1.47 9.30 -1.53 0.994
car -1 -1 -0.56 701.97 176.56 817.67 218.75 1.54 1.62 3.91 5.70 1.67 27.30 -0.35 0.987
car -1 -1 0.38 259.75 172.57 442.79 246.79 1.54 1.62 3.91 -6.10 1.47 16.70 0.03 0.980
car -1 -1 -2.19 757.19 185.79 870.22 226.41 1.46 1.49 2.95 6.80 1.93 24.20 -1.92 0.978
car -1 -1 -1.65 348.54 172.57 472.57 227.40 1.46 1.49 2.95 -6.00 1.53 21.00 -1.93 0.970
car -1 -1 -1.35 450.27 174.66 541.73 204.84 1.54 1.62 3.91 -5.70 1.67 36.10 -1.51 0.936
car -1 -1 1.96 708.37 174.11 758.26 213.26 1.54 1.62 3.91 5.90 1.87 35.30 2.13 0.659
car -1 -1 0.28 633.16 161.38 674.10 203.66 2.48 1.81 4.73 2.60 1.94 44.70 0.34 0.549
car -1 -1 -1.05 414.31 175.39 508.02 213.18 1.54 1.62 3.91 -6.10 1.67 30.70 -1.24 0.523
car -1 -1 1.87 914.57 207.63 1185.37 364.62 1.46 1.49 2.95 4.40 1.73 8.00 2.38 0.343
car -1 -1 -1.18 496.30 173.93 549.71 198.23 1.54 1.62 3.91 -5.90 1.87 52.70 -1.29 0.257
car -1 -1 0.60 523.55 168.57 570.13 193.99 2.48 1.81 4.73 -5.70 2.14 71.80 0.53 0.257
car -1 -1 -1.43 134.09 181.89 393.92 276.74 1.46 1.49 2.95 -6.00 1.73 12.60 -1.88 0.118
car -1 -1 1.14 318.47 168.14 394.93 196.93 2.48 1.81 4.73 -18.70 1.94 54.00 0.80 0.059
