car -1 -1 -0.17 683.24 186.94 850.87 250.24 1.54 1.62 3.91 4.10 1.87 19.10 0.04 0.999
car -1 -1 -2.34 234.57 177.98 394.03 235.50 1.54 1.62 3.91 -8.10 1.67 20.10 -2.72 0.998
car -1 -1 -0.53 806.61 189.16 1241.00 355.18 1.54 1.62 3.91 4.50 1.87 8.10 -0.02 0.997
car -1 -1 -0.32 6.85 175.74 296.16 285.37 1.54 1.62 3.91 -6.70 1.47 10.90 -0.87 0.980
car -1 -1 0.82 148.15 181.55 329.92 253.80 1.54 1.62 3.91 -8.90 1.87 17.90 0.36 0.939
car -1 -1 -1.66 340.29 173.84 412.94 222.09 1.54 1.62 3.91 -8.10 1.67 25.90 -1.96 0.832
car -1 -1 -1.57 456.54 179.22 490.46 203.69 1.54 1.62 3.91 -9.70 2.27 51.70 -1.76 0.683
car -1 -1 -0.75 815.58 199.70 1055.26 308.62 1.54 1.62 3.91 5.10 2.07 12.50 -0.36 0.577
car -1 -1 1.39 298.01 172.60 355.72 206.29 2.48 1.81 4.73 -19.80 2.34 50.70 1.02 0.515
car -1 -1 -0.64 670.86 186.69 749.70 241.51 1.46 1.49 2.95 2.80 1.73 20.80 -0.51 0.455
