pedestrian -1 -1 -0.56 550.53 166.62 570.53 225.26 1.76 0.66 0.49 -1.30 1.28 23.00 -0.62 0.999
pedestrian -1 -1 -1.10 577.24 165.99 595.37 222.21 1.76 0.66 0.49 -0.50 1.28 23.20 -1.12 0.999
pedestrian -1 -1 -1.16 598.59 164.60 636.48 285.54 1.76 0.66 0.49 0.20 1.48 10.30 -1.14 0.999
pedestrian -1 -1 1.88 360.54 154.21 419.54 317.81 1.76 0.66 0.49 -2.60 1.48 8.70 1.59 0.999
pedestrian -1 -1 0.82 833.46 135.50 906.26 288.94 1.87 0.84 1.11 4.30 1.13 11.50 1.17 0.993
pedestrian -1 -1 -1.56 519.68 168.15 536.91 223.33 1.77 0.62 0.88 -2.40 1.48 24.50 -1.65 0.988
pedestrian -1 -1 1.91 492.90 167.11 504.66 221.60 1.76 0.66 0.49 -3.70 1.28 25.60 1.77 0.954
pedestrian -1 -1 -1.79 781.85 155.35 804.43 212.08 1.76 0.66 0.49 5.10 1.08 19.40 -1.53 0.855
pedestrian -1 -1 -0.55 41.64 149.61 101.15 316.14 1.76 0.66 0.49 -6.60 1.48 8.90 -1.19 0.504
pedestrian -1 -1 -0.91 645.99 166.12 654.20 202.31 1.68 0.41 1.64 2.10 1.14 30.90 -0.84 0.425
pedestrian -1 -1 -1.99 659.69 163.61 670.33 208.27 1.68 0.41 1.64 2.50 1.14 27.70 -1.90 0.311
pedestrian -1 -1 -1.57 633.59 165.53 640.56 198.07 1.68 0.41 1.64 1.90 0.94 37.30 -1.52 0.192
pedestrian -1 -1 -1.00 560.54 170.05 584.79 224.43 1.87 0.84 1.11 -0.90 1.33 23.10 -1.04 0.118
pedestrian -1 -1 0.41 593.56 166.62 601.86 224.74 1.68 0.41 1.64 -0.10 1.34 23.50 0.41 0.094
pedestrian -1 -1 1.05 403.04 180.83 441.81 285.48 1.41 0.50 1.32 -2.80 1.71 11.40 0.81 0.088
pedestrian -1 -1 1.40 600.70 162.60 610.84 233.43 1.68 0.41 1.64 0.10 1.34 23.50 1.40 0.069
pedestrian -1 -1 -0.91 639.64 164.66 648.92 198.04 1.41 0.50 1.32 2.00 0.90 31.80 -0.85 0.061
cyclist -1 -1 1.83 447.42 173.38 504.21 291.74 1.77 0.62 0.88 -1.80 1.48 10.10 1.65 0.999
cyclist -1 -1 1.49 774.54 121.47 953.58 356.50 1.68 0.41 1.64 2.10 1.54 6.30 1.81 0.991
cyclist -1 -1 1.68 320.15 165.58 458.19 304.70 1.75 0.62 1.83 -2.40 1.48 8.80 1.42 0.363
