pedestrian -1 -1 0.98 702.57 139.28 782.38 338.50 1.75 0.62 1.83 1.40 1.28 7.60 1.16 1.000
pedestrian -1 -1 2.03 456.13 140.84 481.82 215.61 1.41 0.50 1.32 -3.20 0.50 16.80 1.84 0.999
pedestrian -1 -1 0.36 607.92 141.49 657.77 260.12 1.76 0.66 0.49 0.40 1.28 11.10 0.40 0.999
pedestrian -1 -1 1.43 647.25 145.36 688.77 262.45 1.76 0.66 0.49 0.90 1.28 11.00 1.51 0.999
pedestrian -1 -1 0.92 773.42 139.59 807.75 255.30 1.76 0.66 0.49 2.90 1.08 11.40 1.17 0.998
pedestrian -1 -1 0.81 806.34 132.92 866.93 322.00 1.76 0.66 0.49 2.40 1.48 7.30 1.13 0.998
pedestrian -1 -1 1.56 568.95 142.51 603.22 246.31 1.76 0.66 0.49 -0.40 1.08 12.50 1.53 0.996
pedestrian -1 -1 1.09 531.20 141.49 568.79 249.01 1.76 0.66 0.49 -0.90 1.08 12.20 1.02 0.996
pedestrian -1 -1 0.86 474.82 142.31 515.38 259.71 1.76 0.66 0.49 -1.70 1.28 11.00 0.70 0.994
pedestrian -1 -1 1.37 501.51 152.95 538.22 247.27 1.41 0.50 1.32 -1.40 0.90 11.80 1.25 0.985
pedestrian -1 -1 1.51 681.53 147.34 698.59 202.81 1.41 0.50 1.32 2.80 0.31 23.20 1.63 0.979
pedestrian -1 -1 0.91 273.29 136.93 309.26 245.25 1.76 0.66 0.49 -5.30 1.08 11.80 0.49 0.786
pedestrian -1 -1 0.98 555.49 136.73 576.66 238.25 1.76 0.66 0.49 -0.70 1.08 12.40 0.93 0.642
pedestrian -1 -1 0.55 492.02 139.96 503.06 167.48 1.41 0.50 1.32 -6.40 -1.10 42.40 0.40 0.294
pedestrian -1 -1 0.34 231.71 133.00 287.73 297.23 1.76 0.66 0.49 -4.00 1.28 8.10 -0.12 0.176
pedestrian -1 -1 1.61 791.89 139.26 830.47 263.56 1.77 0.62 0.88 3.20 1.28 11.10 1.89 0.112
cyclist -1 -1 2.23 388.00 142.15 410.25 189.62 1.41 0.50 1.32 -8.20 0.10 27.60 1.94 0.508
cyclist -1 -1 0.46 241.74 142.86 347.71 225.38 1.41 0.50 1.32 -5.20 0.90 12.00 0.06 0.376
cyclist -1 -1 1.96 448.88 139.98 491.06 233.92 1.76 0.66 0.49 -2.30 1.08 11.40 1.76 0.106
cyclist -1 -1 -0.07 311.02 148.47 348.85 212.83 1.41 0.50 1.32 -6.20 0.90 16.00 -0.44 0.087
