car -1 -1 -2.83 196.60 176.83 422.14 249.53 1.54 1.62 3.91 -6.50 1.67 16.10 -3.22 0.998
car -1 -1 2.51 878.17 163.00 1241.00 300.72 1.54 1.62 3.91 6.10 1.67 10.30 3.04 0.997
car -1 -1 -1.97 428.65 170.24 519.38 205.56 1.54 1.62 3.91 -5.70 1.47 31.90 -2.15 0.995
car -1 -1 -2.91 328.93 168.49 478.99 230.59 1.54 1.62 3.91 -6.10 1.47 21.10 -3.20 0.994
car -1 -1 -2.06 467.97 171.32 541.46 200.73 1.54 1.62 3.91 -5.30 1.47 37.50 -2.20 0.697
car -1 -1 -1.73 657.18 176.32 701.54 214.66 1.54 1.62 3.91 2.70 1.67 30.10 -1.64 0.279
car -1 -1 -0.19 363.37 163.94 433.24 199.63 2.48 1.81 4.73 -16.10 1.94 54.60 -0.48 0.123
car -1 -1 -1.14 92.82 187.80 253.00 250.38 1.46 1.49 2.95 -10.40 1.73 17.20 -1.68 0.100
car -1 -1 0.08 500.89 162.63 561.97 195.97 2.48 1.81 4.73 -6.70 1.94 64.20 -0.03 0.072
car -1 -1 2.69 893.72 177.28 1126.53 257.81 1.54 1.62 3.91 8.30 1.67 15.90 3.17 0.068
