car -1 -1 1.81 176.67 185.40 366.77 289.22 1.54 1.62 3.91 -5.50 1.67 12.10 1.39 1.000
car -1 -1 -1.96 802.74 181.02 1175.27 368.96 1.54 1.62 3.91 3.10 1.47 7.10 -1.55 0.999
car -1 -1 -1.45 740.25 177.17 890.40 276.85 1.46 1.49 2.95 3.20 1.53 11.60 -1.18 0.999
car -1 -1 1.88 304.17 182.17 432.05 254.34 1.54 1.62 3.91 -5.50 1.67 17.30 1.57 0.999
car -1 -1 0.95 474.35 175.29 531.07 199.70 1.54 1.62 3.91 -7.30 1.87 50.50 0.81 0.996
car -1 -1 2.56 587.80 172.30 642.02 196.37 1.54 1.62 3.91 0.30 1.67 53.90 2.57 0.294
car -1 -1 1.71 288.38 176.08 341.65 211.58 1.46 1.49 2.95 -14.00 1.73 34.60 1.33 0.175
car -1 -1 0.14 973.89 156.05 1129.78 232.83 1.54 1.62 3.91 9.70 1.27 16.30 0.68 0.071
car -1 -1 1.68 648.14 165.77 706.65 189.24 2.48 1.81 4.73 5.90 1.74 64.60 1.77 0.055
pedestrian -1 -1 -1.42 589.75 168.27 599.74 195.73 1.87 0.84 1.11 -1.10 1.73 53.30 -1.45 0.220
pedestrian -1 -1 -1.69 670.82 167.29 681.92 199.03 1.75 0.62 1.83 5.00 1.68 52.00 -1.59 0.170
cyclist -1 -1 -1.10 669.06 170.52 686.42 199.63 1.41 0.50 1.32 5.00 1.71 52.40 -1.01 0.956
cyclist -1 -1 -0.37 587.93 168.95 603.85 195.15 1.87 0.84 1.11 -0.90 1.53 55.10 -0.39 0.087
