car -1 -1 -1.34 385.29 177.78 501.56 257.28 1.54 1.62 3.91 -3.30 1.47 15.10 -1.56 1.000
car -1 -1 0.09 993.06 156.38 1100.35 190.26 1.54 1.62 3.91 21.70 0.47 34.90 0.65 0.981
car -1 -1 -0.95 1083.28 141.96 1223.00 184.51 2.48 1.81 4.73 28.10 0.34 36.40 -0.30 0.218
pedestrian -1 -1 0.63 224.84 178.30 250.45 224.53 1.41 0.50 1.32 -14.00 1.30 27.00 0.15 0.999
pedestrian -1 -1 0.26 543.84 159.76 574.80 220.05 1.87 0.84 1.11 -1.50 1.33 22.90 0.19 0.998
pedestrian -1 -1 -0.69 301.35 166.04 325.81 235.41 1.76 0.66 0.49 -8.20 1.48 19.90 -1.08 0.403
pedestrian -1 -1 0.89 914.03 143.36 942.61 199.34 1.77 0.62 0.88 11.10 0.88 24.40 1.32 0.342
pedestrian -1 -1 -1.15 992.28 136.27 1017.41 208.81 1.76 0.66 0.49 10.90 0.88 19.20 -0.63 0.186
cyclist -1 -1 -0.59 838.71 155.60 861.63 196.97 1.87 0.84 1.11 11.70 0.93 33.90 -0.26 0.998
cyclist -1 -1 -0.37 271.20 168.50 349.49 236.86 1.75 0.62 1.83 -8.20 1.48 20.00 -0.76 0.980
cyclist -1 -1 1.24 900.83 147.30 958.66 198.30 1.75 0.62 1.83 11.00 0.68 24.40 1.66 0.964
cyclist -1 -1 -0.45 729.29 156.26 765.44 196.79 1.75 0.62 1.83 7.80 0.68 37.20 -0.24 0.953
cyclist -1 -1 -0.25 967.97 142.10 1057.21 206.05 1.75 0.62 1.83 11.80 0.88 20.40 0.27 0.906
