car -1 -1 -1.65 676.58 180.49 734.05 221.21 1.54 1.62 3.91 3.70 1.87 28.30 -1.52 0.999
car -1 -1 -1.37 719.98 176.73 850.81 260.54 1.54 1.62 3.91 3.30 1.67 14.50 -1.14 0.999
car -1 -1 -1.81 761.49 186.85 965.57 320.54 1.54 1.62 3.91 3.10 1.67 10.10 -1.51 0.999
car -1 -1 -1.68 117.05 180.42 378.80 270.25 1.54 1.62 3.91 -6.30 1.67 12.90 -2.13 0.999
car -1 -1 -0.88 444.71 174.69 535.72 214.25 1.54 1.62 3.91 -5.10 1.67 30.50 -1.04 0.998
car -1 -1 -2.84 275.18 180.80 463.92 241.74 1.54 1.62 3.91 -6.30 1.67 18.50 -3.17 0.994
car -1 -1 -2.13 379.84 178.46 511.97 227.94 1.54 1.62 3.91 -5.50 1.87 24.30 -2.35 0.918
car -1 -1 -0.64 702.47 176.14 744.49 212.72 1.46 1.49 2.95 5.20 1.73 33.40 -0.49 0.170
car -1 -1 0.58 645.91 164.17 677.45 197.34 2.48 1.81 4.73 3.20 1.94 44.30 0.65 0.157
car -1 -1 0.39 758.69 176.67 837.72 217.77 1.54 1.62 3.91 6.50 1.47 25.30 0.64 0.076
car -1 -1 1.12 807.04 183.21 878.96 217.37 1.46 1.49 2.95 11.00 1.93 34.20 1.43 0.065
