car -1 -1 -1.36 375.99 178.52 510.61 280.28 1.54 1.62 3.91 -2.90 1.67 13.30 -1.57 1.000
car -1 -1 2.08 139.05 192.13 257.62 248.25 1.54 1.62 3.91 -12.70 2.07 22.30 1.57 0.999
car -1 -1 -1.80 586.85 172.88 614.37 198.01 1.54 1.62 3.91 -0.70 1.67 47.50 -1.82 0.986
car -1 -1 0.06 665.61 174.57 732.54 226.09 1.54 1.62 3.91 2.50 1.47 21.10 0.18 0.056
pedestrian -1 -1 2.22 677.86 165.47 700.13 223.06 1.77 0.62 0.88 2.20 1.68 20.90 2.32 0.978
pedestrian -1 -1 -1.78 92.14 181.55 116.19 230.95 1.76 0.66 0.49 -18.10 2.08 25.80 -2.40 0.700
pedestrian -1 -1 -1.29 693.50 156.23 712.77 221.73 1.76 0.66 0.49 2.50 1.48 19.80 -1.17 0.680
pedestrian -1 -1 2.22 662.57 167.71 674.17 217.80 1.41 0.50 1.32 1.80 1.30 23.40 2.30 0.447
pedestrian -1 -1 0.30 289.88 180.80 307.25 220.57 1.41 0.50 1.32 -15.60 2.31 36.00 -0.11 0.438
pedestrian -1 -1 2.60 668.51 168.78 684.39 218.20 1.75 0.62 1.83 2.00 1.68 22.60 2.69 0.183
cyclist -1 -1 0.05 663.58 164.20 739.64 223.09 1.75 0.62 1.83 2.60 1.48 19.40 0.19 0.999
