car -1 -1 1.94 157.82 197.00 350.39 308.20 1.54 1.62 3.91 -6.10 2.07 12.50 1.49 1.000
car -1 -1 -1.59 777.53 179.89 1011.16 338.13 1.46 1.49 2.95 2.80 1.53 8.00 -1.26 1.000
car -1 -1 1.76 458.52 186.25 503.50 217.37 1.54 1.62 3.91 -6.70 2.27 38.30 1.59 0.999
car -1 -1 -0.83 644.97 174.99 684.82 205.33 1.54 1.62 3.91 3.30 1.87 41.90 -0.75 0.930
car -1 -1 1.17 484.30 186.27 517.37 213.08 1.46 1.49 2.95 -6.00 2.33 40.20 1.02 0.914
car -1 -1 0.22 207.84 196.08 287.93 224.47 1.54 1.62 3.91 -22.50 3.07 44.70 -0.24 0.886
car -1 -1 1.49 261.15 197.13 343.05 233.59 1.54 1.62 3.91 -13.90 2.67 33.50 1.10 0.226
car -1 -1 1.28 169.44 195.88 303.20 245.07 1.54 1.62 3.91 -11.90 2.27 22.50 0.79 0.127
car -1 -1 -0.96 175.36 203.25 227.99 226.75 1.46 1.49 2.95 -27.40 3.53 48.20 -1.47 0.072
car -1 -1 1.24 504.15 179.92 535.45 207.92 1.54 1.62 3.91 -6.30 2.47 51.30 1.11 0.058
car -1 -1 1.15 137.09 204.94 241.06 277.63 1.46 1.49 2.95 -11.00 2.53 19.20 0.63 0.051
