car -1 -1 -1.30 41.83 178.16 454.31 374.00 1.54 1.62 3.91 -2.70 1.47 6.30 -1.71 1.000
car -1 -1 -1.59 661.54 172.90 718.67 217.71 1.54 1.62 3.91 2.70 1.47 25.90 -1.49 0.999
car -1 -1 -1.30 334.60 182.69 514.66 298.06 1.54 1.62 3.91 -2.50 1.67 11.10 -1.53 0.999
car -1 -1 -1.60 545.75 170.25 578.80 200.74 1.54 1.62 3.91 -2.30 1.47 36.30 -1.66 0.999
car -1 -1 -1.59 719.47 177.82 951.77 324.83 1.54 1.62 3.91 2.50 1.47 9.10 -1.33 0.999
car -1 -1 -1.54 644.94 170.57 690.20 202.35 1.54 1.62 3.91 2.90 1.47 35.50 -1.46 0.997
car -1 -1 -1.70 638.14 171.24 666.81 199.19 1.46 1.49 2.95 2.20 1.53 40.40 -1.64 0.413
car -1 -1 -1.39 794.20 159.65 1241.00 370.92 1.46 1.49 2.95 2.00 1.53 4.80 -1.00 0.408
car -1 -1 1.03 425.58 179.10 508.98 213.92 1.54 1.62 3.91 -6.90 1.87 36.10 0.84 0.154
car -1 -1 0.97 280.46 189.50 412.43 266.33 1.46 1.49 2.95 -5.00 1.73 14.40 0.63 0.142
car -1 -1 -1.11 399.21 182.27 498.73 252.30 1.54 1.62 3.91 -3.90 1.67 17.70 -1.33 0.091
pedestrian -1 -1 -1.64 375.05 162.64 401.92 238.83 1.77 0.62 0.88 -5.20 1.48 17.10 -1.94 0.994
pedestrian -1 -1 -0.35 1137.31 145.48 1241.00 360.44 1.75 0.62 1.83 5.20 1.48 5.80 0.38 0.716
pedestrian -1 -1 -1.03 1006.97 157.32 1201.72 359.52 1.75 0.62 1.83 4.60 1.68 7.00 -0.44 0.458
pedestrian -1 -1 -1.47 397.07 161.89 420.70 242.95 1.68 0.41 1.64 -4.90 1.54 17.70 -1.74 0.366
