car -1 -1 -1.73 536.04 181.61 583.23 221.28 1.54 1.62 3.91 -1.90 1.47 29.90 -1.79 1.000
car -1 -1 -1.38 297.19 185.13 416.55 263.09 1.54 1.62 3.91 -5.50 1.47 16.10 -1.71 0.999
car -1 -1 -1.42 419.15 183.78 470.37 221.93 1.54 1.62 3.91 -6.30 1.47 29.30 -1.63 0.999
car -1 -1 -1.73 662.91 179.49 813.46 286.95 1.54 1.62 3.91 2.10 1.47 12.50 -1.57 0.999
car -1 -1 -1.49 386.82 188.56 459.23 236.11 1.46 1.49 2.95 -6.00 1.53 23.40 -1.74 0.998
car -1 -1 -1.38 454.92 182.85 496.13 211.30 1.46 1.49 2.95 -6.60 1.33 35.60 -1.56 0.993
car -1 -1 -1.16 17.11 184.01 265.05 367.49 1.46 1.49 2.95 -4.60 1.73 8.00 -1.69 0.942
car -1 -1 -0.82 364.13 173.55 417.40 206.68 1.54 1.62 3.91 -11.90 1.07 39.90 -1.11 0.515
car -1 -1 -1.09 180.89 169.33 319.32 235.15 1.54 1.62 3.91 -9.10 1.27 18.90 -1.54 0.245
pedestrian -1 -1 -1.46 571.07 164.77 583.48 213.05 1.76 0.66 0.49 -1.30 1.28 30.40 -1.50 0.915
