car -1 -1 2.19 387.67 184.85 443.31 214.13 1.46 1.49 2.95 -10.20 2.13 37.20 1.92 0.998
car -1 -1 -1.76 599.59 173.48 627.30 200.42 1.54 1.62 3.91 0.30 1.67 46.10 -1.76 0.996
pedestrian -1 -1 2.50 751.47 158.48 789.75 282.52 1.76 0.66 0.49 2.30 1.68 10.40 2.72 0.999
pedestrian -1 -1 2.40 813.00 145.84 871.24 315.31 1.76 0.66 0.49 2.50 1.48 8.20 2.69 0.968
pedestrian -1 -1 0.16 901.60 133.60 980.48 338.25 1.76 0.66 0.49 2.90 1.48 6.40 0.58 0.960
pedestrian -1 -1 1.54 88.56 174.65 145.31 332.99 1.76 0.66 0.49 -5.50 1.68 8.20 0.95 0.834
pedestrian -1 -1 2.82 848.89 136.29 922.35 314.58 1.68 0.41 1.64 3.10 1.34 8.30 3.18 0.059
cyclist -1 -1 2.56 752.91 149.84 924.54 299.37 1.75 0.62 1.83 2.60 1.28 8.20 2.87 0.995
cyclist -1 -1 1.80 830.43 150.54 1038.30 327.54 1.75 0.62 1.83 3.20 1.28 7.40 2.21 0.765
cyclist -1 -1 2.20 727.07 161.24 814.72 286.51 1.75 0.62 1.83 2.40 1.48 10.00 2.43 0.379
