car -1 -1 0.31 619.17 173.20 645.55 200.06 2.48 1.81 4.73 3.00 1.74 70.70 0.36 0.910
car -1 -1 1.42 550.13 171.57 599.42 218.50 2.48 1.81 4.73 -1.20 1.74 34.70 1.38 0.578
pedestrian -1 -1 2.32 902.79 166.06 928.73 229.88 1.76 0.66 0.49 9.00 1.28 20.70 2.73 1.000
pedestrian -1 -1 -1.37 1010.21 164.65 1064.45 302.17 1.76 0.66 0.49 5.10 1.48 8.40 -0.82 0.998
pedestrian -1 -1 -1.05 233.27 166.94 296.51 364.60 1.76 0.66 0.49 -3.20 1.68 6.70 -1.50 0.997
pedestrian -1 -1 -1.36 762.89 164.54 833.82 360.75 1.76 0.66 0.49 1.50 1.48 5.80 -1.11 0.994
pedestrian -1 -1 -1.45 812.07 173.10 843.63 231.35 1.75 0.62 1.83 8.20 1.28 26.20 -1.15 0.881
pedestrian -1 -1 -2.15 821.83 154.11 890.55 372.41 1.76 0.66 0.49 2.10 1.48 6.00 -1.82 0.877
pedestrian -1 -1 -1.89 837.82 165.51 876.53 237.93 1.75 0.62 1.83 8.20 1.28 22.60 -1.54 0.503
pedestrian -1 -1 0.25 507.20 173.76 519.35 221.05 1.76 0.66 0.49 -3.70 1.68 30.40 0.13 0.121
pedestrian -1 -1 1.00 857.19 148.24 939.25 359.45 1.77 0.62 0.88 2.30 1.48 5.80 1.37 0.051
cyclist -1 -1 -1.03 397.66 171.55 457.68 252.75 1.68 0.41 1.64 -3.70 1.54 15.50 -1.26 0.364
cyclist -1 -1 -0.47 794.23 163.49 1012.46 353.48 1.75 0.62 1.83 2.40 1.48 5.80 -0.08 0.092
cyclist -1 -1 1.80 894.21 165.74 936.19 228.66 1.41 0.50 1.32 9.20 1.30 21.00 2.21 0.053
