car -1 -1 1.58 297.23 193.87 448.99 295.54 1.46 1.49 2.95 -3.80 1.93 12.00 1.27 1.000
car -1 -1 -1.69 652.96 180.89 704.21 223.07 1.54 1.62 3.91 2.50 1.87 26.70 -1.60 0.998
car -1 -1 1.76 481.21 183.55 517.98 211.09 1.54 1.62 3.91 -6.70 2.27 42.90 1.61 0.985
car -1 -1 2.43 786.62 158.75 977.94 223.58 2.48 1.81 4.73 8.70 1.74 23.20 2.79 0.893
car -1 -1 -1.39 433.53 185.17 477.89 226.00 1.46 1.49 2.95 -6.20 2.13 29.40 -1.60 0.510
car -1 -1 2.02 739.76 164.57 882.43 205.08 1.54 1.62 3.91 7.10 1.27 26.10 2.28 0.227
car -1 -1 -0.93 868.19 159.29 939.53 185.81 2.48 1.81 4.73 25.30 1.34 61.20 -0.54 0.190
car -1 -1 0.54 16.48 210.14 370.58 361.37 1.46 1.49 2.95 -2.60 1.93 5.60 0.11 0.109
car -1 -1 -0.69 927.59 157.21 1011.87 187.48 2.48 1.81 4.73 27.10 1.14 54.80 -0.23 0.104
car -1 -1 -0.87 1075.25 135.82 1207.08 197.00 2.48 1.81 4.73 20.20 1.14 27.70 -0.24 0.058
