car -1 -1 -1.39 353.49 211.21 480.42 296.01 1.46 1.49 2.95 -3.60 2.33 13.80 -1.64 0.997
car -1 -1 -1.55 279.53 205.72 404.65 277.52 1.54 1.62 3.91 -6.90 2.47 18.70 -1.91 0.994
car -1 -1 -0.05 241.55 211.96 303.03 250.51 1.46 1.49 2.95 -14.80 3.33 31.20 -0.50 0.983
car -1 -1 -1.72 408.33 215.75 625.88 337.25 1.46 1.49 2.95 -1.20 1.93 10.00 -1.84 0.979
car -1 -1 -0.33 205.83 210.75 270.99 240.07 1.54 1.62 3.91 -20.70 3.67 40.70 -0.80 0.875
car -1 -1 1.45 35.37 214.95 128.51 247.25 1.54 1.62 3.91 -26.10 3.67 35.70 0.82 0.774
car -1 -1 -0.81 493.27 213.46 601.38 306.81 1.46 1.49 2.95 -1.20 2.13 13.60 -0.90 0.422
car -1 -1 -1.88 491.34 212.76 911.60 374.00 1.46 1.49 2.95 0.40 1.93 7.20 -1.82 0.292
car -1 -1 -1.33 244.79 209.77 365.72 258.71 1.54 1.62 3.91 -9.50 2.67 22.70 -1.72 0.076
pedestrian -1 -1 -0.83 377.37 204.27 399.01 248.99 1.41 0.50 1.32 -8.00 2.70 25.80 -1.13 0.065
