car -1 -1 -1.62 632.40 177.45 677.88 214.88 1.54 1.62 3.91 1.90 1.87 33.50 -1.56 0.999
car -1 -1 -1.01 894.82 184.22 1201.41 317.15 1.46 1.49 2.95 5.60 1.73 9.20 -0.46 0.997
car -1 -1 -2.40 132.73 165.52 365.73 274.18 1.54 1.62 3.91 -5.90 1.47 12.10 -2.86 0.994
car -1 -1 2.26 774.81 183.06 1024.01 262.45 1.54 1.62 3.91 5.50 1.87 14.50 2.62 0.990
car -1 -1 -1.82 6.20 180.94 253.32 330.36 1.46 1.49 2.95 -5.60 1.73 9.00 -2.38 0.981
car -1 -1 -2.05 365.36 178.54 496.95 216.81 1.54 1.62 3.91 -6.50 1.67 26.10 -2.30 0.966
car -1 -1 -1.76 617.58 173.37 646.78 198.13 1.54 1.62 3.91 1.70 1.67 50.50 -1.73 0.949
car -1 -1 -1.20 1032.48 182.75 1241.00 367.38 1.46 1.49 2.95 5.00 1.73 5.60 -0.48 0.945
car -1 -1 1.56 745.44 180.17 871.21 240.58 1.46 1.49 2.95 5.40 1.73 20.20 1.82 0.601
car -1 -1 -0.94 272.37 169.03 395.28 248.59 1.46 1.49 2.95 -5.80 1.53 16.00 -1.29 0.495
car -1 -1 -0.54 164.36 157.84 279.34 233.87 2.48 1.81 4.73 -14.20 1.94 26.90 -1.03 0.137
car -1 -1 0.29 275.97 164.22 373.39 207.39 2.48 1.81 4.73 -17.30 1.94 44.40 -0.08 0.120
car -1 -1 -2.58 435.05 181.28 495.82 213.57 1.46 1.49 2.95 -6.00 1.93 30.80 -2.77 0.079
pedestrian -1 -1 1.18 510.00 172.54 524.85 220.27 1.75 0.62 1.83 -4.80 1.68 36.80 1.05 0.126
cyclist -1 -1 1.33 503.61 170.84 529.96 221.69 1.75 0.62 1.83 -3.40 1.88 26.00 1.20 0.999
