car -1 -1 -1.72 722.42 167.98 865.70 282.24 1.54 1.62 3.91 2.90 1.67 12.50 -1.49 0.999
car -1 -1 1.84 270.46 195.67 463.75 323.94 1.54 1.62 3.91 -3.50 1.87 10.90 1.53 0.999
car -1 -1 -1.90 835.33 192.24 1143.01 370.39 1.46 1.49 2.95 3.40 1.53 6.80 -1.44 0.999
car -1 -1 0.67 667.35 178.13 728.27 223.46 1.54 1.62 3.91 3.10 1.67 25.30 0.80 0.998
car -1 -1 1.28 535.19 175.53 569.49 202.36 1.54 1.62 3.91 -3.50 1.87 46.70 1.20 0.991
car -1 -1 1.58 463.03 168.21 538.44 237.50 1.54 1.62 3.91 -3.30 1.67 22.10 1.43 0.983
car -1 -1 -1.25 692.29 176.51 776.28 242.48 1.46 1.49 2.95 2.40 1.53 15.00 -1.09 0.622
car -1 -1 -0.91 651.30 175.21 692.41 206.41 1.54 1.62 3.91 3.10 1.67 36.90 -0.82 0.245
car -1 -1 -0.81 640.44 174.47 672.44 199.13 1.54 1.62 3.91 2.70 1.47 42.30 -0.75 0.200
pedestrian -1 -1 -1.16 973.96 139.11 992.69 194.56 1.76 0.66 0.49 12.90 1.08 25.00 -0.68 0.075
