car -1 -1 -0.67 504.59 156.29 596.00 206.97 2.48 1.81 4.73 -2.30 1.14 34.60 -0.74 0.787
car -1 -1 -0.27 339.07 149.94 550.17 281.10 1.54 1.62 3.91 -2.10 1.27 10.70 -0.47 0.578
car -1 -1 -0.92 534.02 153.89 572.88 193.31 2.48 1.81 4.73 -3.00 0.74 46.50 -0.98 0.053
car -1 -1 -0.10 453.59 162.14 600.75 240.90 1.46 1.49 2.95 -1.60 1.13 16.00 -0.20 0.053
pedestrian -1 -1 1.78 539.15 163.02 590.44 267.83 1.77 0.62 0.88 -0.70 1.48 11.60 1.72 1.000
pedestrian -1 -1 1.49 910.66 156.85 1016.34 373.00 1.41 0.50 1.32 3.20 1.50 6.60 1.94 0.990
pedestrian -1 -1 -1.41 758.21 159.73 777.78 203.90 1.76 0.66 0.49 6.70 1.08 29.00 -1.18 0.972
pedestrian -1 -1 1.50 1063.70 187.61 1148.21 334.73 1.41 0.50 1.32 5.40 1.50 8.00 2.09 0.189
pedestrian -1 -1 2.62 897.11 172.07 937.85 272.10 1.41 0.50 1.32 5.20 1.30 12.00 3.03 0.059
cyclist -1 -1 2.37 882.22 179.95 942.04 259.93 1.41 0.50 1.32 6.00 1.30 14.40 2.77 0.055
