car -1 -1 -1.28 345.02 182.50 459.84 251.27 1.54 1.62 3.91 -4.70 1.47 17.30 -1.55 0.999
car -1 -1 -1.58 573.63 173.39 610.90 209.16 1.54 1.62 3.91 -0.70 1.07 36.30 -1.60 0.999
car -1 -1 -1.48 444.93 179.19 509.84 219.80 1.54 1.62 3.91 -4.90 1.27 26.70 -1.66 0.998
car -1 -1 -1.04 111.58 171.41 288.60 257.42 1.54 1.62 3.91 -8.70 1.27 16.10 -1.53 0.992
car -1 -1 -1.03 300.76 180.22 412.74 227.56 1.46 1.49 2.95 -8.40 1.33 23.40 -1.37 0.985
car -1 -1 -0.53 212.60 173.68 313.59 222.25 1.54 1.62 3.91 -12.10 1.27 25.30 -0.98 0.808
car -1 -1 -1.22 0.00 178.49 329.89 366.55 1.54 1.62 3.91 -3.90 1.47 7.70 -1.69 0.789
car -1 -1 -1.70 445.67 172.16 478.83 196.36 1.54 1.62 3.91 -10.50 0.67 52.30 -1.90 0.520
car -1 -1 -1.21 471.21 173.58 513.44 208.54 1.46 1.49 2.95 -4.80 0.93 30.80 -1.37 0.087
car -1 -1 -0.09 12.18 156.29 126.91 207.74 2.48 1.81 4.73 -24.70 1.14 33.40 -0.72 0.060
