pedestrian -1 -1 -1.08 577.89 160.92 599.44 242.18 1.68 0.41 1.64 -0.30 1.34 15.50 -1.10 1.000
pedestrian -1 -1 2.05 528.97 156.85 552.44 231.35 1.76 0.66 0.49 -1.60 1.28 19.30 1.96 0.999
pedestrian -1 -1 2.05 277.22 169.95 383.62 344.66 1.41 0.50 1.32 -2.40 1.30 6.60 1.70 0.995
pedestrian -1 -1 0.54 448.00 155.80 476.69 221.09 1.75 0.62 1.83 -5.00 0.88 25.60 0.35 0.983
pedestrian -1 -1 -1.00 600.92 159.94 616.79 209.12 1.68 0.41 1.64 0.30 0.94 28.10 -0.99 0.977
pedestrian -1 -1 -0.93 611.68 159.93 626.86 206.93 1.68 0.41 1.64 0.70 0.94 27.50 -0.90 0.964
pedestrian -1 -1 -1.56 1174.29 128.99 1236.52 359.84 1.75 0.62 1.83 5.40 1.48 5.60 -0.79 0.776
pedestrian -1 -1 1.65 720.71 154.86 752.69 213.10 1.41 0.50 1.32 5.40 0.70 28.80 1.84 0.511
pedestrian -1 -1 -1.97 566.66 158.06 579.05 229.67 1.68 0.41 1.64 -0.90 1.14 21.90 -2.01 0.318
pedestrian -1 -1 -0.67 832.37 155.87 867.10 260.47 1.76 0.66 0.49 3.90 1.28 11.40 -0.34 0.247
pedestrian -1 -1 -0.72 597.28 162.81 605.50 205.52 1.41 0.50 1.32 0.00 0.70 29.00 -0.72 0.059
pedestrian -1 -1 0.13 542.57 154.32 592.64 231.67 1.75 0.62 1.83 -1.00 1.08 19.20 0.07 0.051
cyclist -1 -1 1.35 703.88 147.60 775.51 255.50 1.87 0.84 1.11 2.30 1.33 12.10 1.54 0.990
cyclist -1 -1 1.68 231.19 169.59 422.10 335.94 1.75 0.62 1.83 -2.40 1.68 6.40 1.32 0.897
cyclist -1 -1 -1.24 665.23 158.05 698.37 211.56 1.68 0.41 1.64 3.50 0.94 32.10 -1.13 0.057
cyclist -1 -1 0.18 321.43 171.99 399.09 289.41 1.41 0.50 1.32 -4.00 1.30 12.00 -0.14 0.056
