car -1 -1 1.95 42.76 203.81 307.96 343.27 1.54 1.62 3.91 -6.10 2.07 10.50 1.42 1.000
car -1 -1 -1.71 827.74 183.35 1209.31 370.38 1.46 1.49 2.95 2.80 1.53 5.80 -1.26 0.999
car -1 -1 1.69 447.81 187.59 496.92 222.92 1.46 1.49 2.95 -6.40 2.13 33.40 1.51 0.995
car -1 -1 1.39 478.17 186.10 515.76 212.96 1.54 1.62 3.91 -6.50 2.27 42.10 1.24 0.989
car -1 -1 -0.46 245.51 194.98 312.51 228.54 1.54 1.62 3.91 -18.70 2.87 40.50 -0.89 0.975
car -1 -1 -0.94 644.64 173.59 688.77 206.30 1.54 1.62 3.91 2.90 1.67 35.90 -0.86 0.962
car -1 -1 1.36 495.99 180.83 531.07 208.86 1.54 1.62 3.91 -6.30 2.27 47.10 1.23 0.490
car -1 -1 -1.09 178.78 196.85 263.38 227.02 1.54 1.62 3.91 -22.30 3.07 42.10 -1.58 0.417
car -1 -1 -0.68 107.66 201.48 180.95 230.63 1.54 1.62 3.91 -28.50 3.27 44.10 -1.25 0.292
car -1 -1 -0.23 136.57 199.59 295.71 270.26 1.54 1.62 3.91 -9.50 2.27 18.10 -0.72 0.076
cyclist -1 -1 0.74 400.46 184.73 423.17 220.84 1.41 0.50 1.32 -12.40 2.51 45.20 0.48 0.395
cyclist -1 -1 1.40 881.32 179.01 928.94 248.81 1.41 0.50 1.32 6.60 1.50 16.40 1.78 0.197
cyclist -1 -1 1.02 197.92 204.94 232.59 234.20 1.41 0.50 1.32 -23.00 3.31 42.00 0.52 0.088
