car -1 -1 -1.02 777.59 173.97 1054.08 373.68 1.46 1.49 2.95 3.00 1.53 7.40 -0.63 0.999
car -1 -1 -1.68 635.49 176.12 668.59 203.99 1.54 1.62 3.91 2.50 1.87 43.90 -1.62 0.999
car -1 -1 0.20 0.00 170.62 343.76 293.36 1.54 1.62 3.91 -5.90 1.47 10.10 -0.33 0.999
car -1 -1 -2.11 435.86 173.93 529.85 203.33 1.54 1.62 3.91 -6.30 1.67 36.70 -2.28 0.996
car -1 -1 -2.31 296.43 166.83 466.44 234.49 1.54 1.62 3.91 -5.90 1.47 18.30 -2.63 0.994
car -1 -1 0.42 801.50 170.28 1113.47 270.67 1.54 1.62 3.91 5.70 1.67 12.70 0.84 0.989
car -1 -1 -2.31 224.13 174.44 408.03 250.62 1.46 1.49 2.95 -6.00 1.53 14.80 -2.70 0.984
car -1 -1 2.12 730.63 177.89 891.39 229.85 1.54 1.62 3.91 6.10 1.67 21.70 2.39 0.978
car -1 -1 -0.03 712.06 171.52 794.73 218.51 1.46 1.49 2.95 5.20 1.53 26.60 0.16 0.779
car -1 -1 1.26 780.32 176.55 975.52 244.22 1.54 1.62 3.91 5.90 1.47 16.50 1.60 0.277
car -1 -1 -1.83 368.91 171.12 482.79 218.24 1.54 1.62 3.91 -5.30 1.47 22.30 -2.06 0.259
pedestrian -1 -1 -0.67 1133.32 168.78 1157.22 217.46 1.76 0.66 0.49 20.30 1.68 27.40 -0.03 0.240
pedestrian -1 -1 -1.01 868.63 171.16 883.82 205.12 1.75 0.62 1.83 16.40 1.68 44.60 -0.66 0.143
cyclist -1 -1 1.15 543.19 175.11 567.14 202.26 1.41 0.50 1.32 -3.40 1.71 44.40 1.07 0.144
