car -1 -1 -1.75 741.84 190.73 989.00 350.99 1.54 1.62 3.91 2.70 1.67 8.70 -1.45 0.999
car -1 -1 -1.72 668.09 177.88 753.32 244.40 1.54 1.62 3.91 2.50 1.67 18.10 -1.59 0.999
car -1 -1 -2.69 306.63 186.21 457.22 242.82 1.54 1.62 3.91 -6.30 1.87 19.90 -3.00 0.997
car -1 -1 -0.52 39.91 169.95 368.89 289.40 1.54 1.62 3.91 -6.50 1.67 11.30 -1.04 0.997
car -1 -1 -1.61 655.84 183.77 707.40 225.98 1.46 1.49 2.95 2.60 1.93 26.40 -1.51 0.995
car -1 -1 -1.58 640.03 178.15 680.95 212.52 1.54 1.62 3.91 2.30 1.87 35.50 -1.51 0.986
car -1 -1 -1.59 444.69 178.02 527.78 210.51 1.54 1.62 3.91 -5.90 1.87 34.30 -1.76 0.946
car -1 -1 -1.77 401.07 182.77 506.05 222.61 1.54 1.62 3.91 -5.90 2.07 27.70 -1.98 0.892
car -1 -1 -1.32 481.52 175.25 548.33 204.40 2.48 1.81 4.73 -7.30 2.54 57.60 -1.45 0.821
car -1 -1 -2.68 176.59 176.92 427.86 260.50 1.54 1.62 3.91 -6.10 1.67 14.10 -3.09 0.578
car -1 -1 -0.94 632.05 180.46 658.63 204.21 1.46 1.49 2.95 2.20 1.93 43.00 -0.89 0.158
pedestrian -1 -1 -0.71 726.99 170.43 738.14 204.51 1.75 0.62 1.83 7.80 1.88 45.40 -0.54 0.512
