car -1 -1 -1.43 422.09 173.29 515.90 239.37 1.54 1.62 3.91 -3.30 1.47 17.90 -1.61 1.000
car -1 -1 -0.63 953.70 158.27 1052.25 187.21 1.54 1.62 3.91 20.90 0.47 36.50 -0.11 0.982
car -1 -1 0.45 1054.54 141.86 1174.78 182.77 2.48 1.81 4.73 31.30 0.14 42.80 1.09 0.321
car -1 -1 2.41 1132.20 148.17 1223.00 175.22 1.54 1.62 3.91 35.70 -0.33 44.10 3.09 0.273
pedestrian -1 -1 0.81 531.59 158.51 560.17 212.29 1.87 0.84 1.11 -2.10 1.13 26.30 0.73 0.998
pedestrian -1 -1 -2.12 341.78 169.88 369.11 222.14 1.77 0.62 0.88 -8.60 1.28 24.50 -2.46 0.969
pedestrian -1 -1 0.81 260.50 177.87 276.02 218.01 1.77 0.62 0.88 -16.20 1.48 34.30 0.37 0.956
pedestrian -1 -1 0.63 419.72 157.88 435.00 218.67 1.76 0.66 0.49 -5.90 1.08 23.60 0.39 0.955
pedestrian -1 -1 -0.18 899.64 142.33 925.48 202.47 1.76 0.66 0.49 9.90 0.88 22.80 0.23 0.923
cyclist -1 -1 -0.12 819.42 149.98 861.98 197.52 1.87 0.84 1.11 8.70 0.73 26.30 0.19 1.000
cyclist -1 -1 -0.84 877.18 145.27 947.91 201.24 1.75 0.62 1.83 10.00 0.88 23.20 -0.44 0.997
cyclist -1 -1 -1.30 294.65 169.00 368.57 225.94 1.75 0.62 1.83 -8.40 1.48 22.00 -1.66 0.993
cyclist -1 -1 -0.51 679.80 157.70 718.94 195.45 1.75 0.62 1.83 5.60 0.88 42.80 -0.38 0.757
