car -1 -1 -1.53 628.14 178.82 686.71 224.31 1.54 1.62 3.91 1.70 1.87 26.30 -1.46 0.998
car -1 -1 -1.54 613.00 173.39 648.18 206.58 1.54 1.62 3.91 0.90 1.67 33.90 -1.51 0.990
car -1 -1 1.24 817.35 177.85 1078.77 296.77 1.46 1.49 2.95 4.60 1.73 10.40 1.66 0.988
car -1 -1 -1.79 258.79 180.07 450.08 241.85 1.54 1.62 3.91 -6.30 1.67 17.70 -2.13 0.984
car -1 -1 1.52 915.48 182.91 1230.46 353.37 1.46 1.49 2.95 4.20 1.73 7.60 2.03 0.984
car -1 -1 -0.61 352.85 179.29 473.52 222.47 1.54 1.62 3.91 -7.30 1.87 28.30 -0.87 0.971
car -1 -1 -1.62 451.82 176.38 503.65 208.25 1.54 1.62 3.91 -6.70 1.87 37.10 -1.80 0.788
car -1 -1 -0.39 33.66 184.84 261.30 321.29 1.46 1.49 2.95 -5.60 1.73 9.60 -0.92 0.209
car -1 -1 -1.06 472.80 176.55 533.11 199.36 1.54 1.62 3.91 -6.90 1.87 47.50 -1.21 0.100
cyclist -1 -1 1.62 439.82 177.89 475.14 258.76 1.76 0.66 0.49 -3.40 1.88 16.10 1.42 1.000
