car -1 -1 -1.34 573.20 170.12 609.54 206.78 2.48 1.81 4.73 -0.60 1.74 46.90 -1.35 0.963
car -1 -1 1.07 510.99 171.19 566.22 221.82 2.48 1.81 4.73 -2.80 1.94 31.30 0.98 0.899
pedestrian -1 -1 0.05 853.28 153.37 873.52 220.84 1.76 0.66 0.49 7.90 1.08 21.40 0.41 0.999
pedestrian -1 -1 -1.93 187.53 169.75 255.91 373.00 1.76 0.66 0.49 -3.50 1.68 6.40 -2.44 0.994
pedestrian -1 -1 -1.01 767.97 160.58 832.97 368.88 1.76 0.66 0.49 1.50 1.68 5.80 -0.76 0.993
pedestrian -1 -1 2.00 1147.94 153.90 1201.07 253.80 1.87 0.84 1.11 13.70 1.13 17.30 2.67 0.938
pedestrian -1 -1 0.46 847.36 144.93 933.41 371.56 1.68 0.41 1.64 2.30 1.54 5.90 0.83 0.842
pedestrian -1 -1 -0.79 712.33 183.00 724.85 218.69 1.41 0.50 1.32 5.20 1.50 31.60 -0.63 0.781
pedestrian -1 -1 -1.20 740.54 168.79 774.36 255.87 1.75 0.62 1.83 4.20 1.68 20.40 -1.00 0.632
pedestrian -1 -1 -0.18 1093.72 157.69 1173.40 322.92 1.41 0.50 1.32 6.40 1.30 9.00 0.44 0.180
pedestrian -1 -1 0.05 239.17 185.15 271.24 232.74 1.41 0.50 1.32 -14.00 1.90 29.20 -0.40 0.161
pedestrian -1 -1 0.38 228.97 156.16 267.61 274.26 1.76 0.66 0.49 -6.10 1.48 12.40 -0.08 0.121
cyclist -1 -1 -1.21 320.55 169.19 388.77 269.82 1.76 0.66 0.49 -4.20 1.68 12.50 -1.53 0.924
cyclist -1 -1 2.14 579.37 177.48 597.04 217.54 1.41 0.50 1.32 -0.60 1.50 32.40 2.12 0.169
cyclist -1 -1 -1.10 234.91 187.73 278.92 230.07 1.41 0.50 1.32 -14.20 1.90 30.20 -1.54 0.116
cyclist -1 -1 0.91 1108.14 147.48 1205.36 334.22 1.76 0.66 0.49 4.80 1.48 6.30 1.56 0.077
