pedestrian -1 -1 -2.06 107.27 161.18 187.29 325.48 1.76 0.66 0.49 -5.40 1.68 8.30 -2.64 1.000
pedestrian -1 -1 0.34 420.78 177.22 447.68 270.43 1.76 0.66 0.49 -3.30 1.68 14.60 0.11 0.999
pedestrian -1 -1 1.94 514.58 181.01 548.07 276.36 1.77 0.62 0.88 -1.20 1.68 12.50 1.85 0.999
pedestrian -1 -1 -0.43 623.31 170.80 637.90 208.40 1.77 0.62 0.88 1.40 1.48 34.90 -0.39 0.983
pedestrian -1 -1 -0.20 602.18 172.87 616.45 227.63 1.76 0.66 0.49 0.30 1.48 22.80 -0.18 0.981
pedestrian -1 -1 0.39 843.05 163.60 863.03 228.47 1.76 0.66 0.49 8.10 1.28 23.20 0.73 0.820
pedestrian -1 -1 0.53 611.55 173.28 619.89 218.73 1.68 0.41 1.64 0.70 1.54 31.70 0.55 0.188
pedestrian -1 -1 -1.13 584.88 167.87 597.59 219.62 1.77 0.62 0.88 -0.40 1.48 28.70 -1.14 0.105
cyclist -1 -1 2.14 499.51 186.36 557.20 251.50 1.41 0.50 1.32 -2.00 1.50 17.40 2.02 0.879
cyclist -1 -1 0.71 404.49 176.74 461.85 259.87 1.41 0.50 1.32 -4.60 1.50 19.40 0.48 0.203
cyclist -1 -1 -0.32 680.10 165.63 727.37 226.83 1.87 0.84 1.11 3.10 1.33 22.50 -0.18 0.076
