car -1 -1 1.25 84.17 193.81 147.03 228.56 1.46 1.49 2.95 -27.40 2.93 40.00 0.65 0.998
car -1 -1 -1.86 159.85 184.87 319.89 244.35 2.48 1.81 4.73 -13.90 2.54 26.80 -2.34 0.998
car -1 -1 1.33 868.06 170.53 948.99 208.12 1.46 1.49 2.95 11.80 1.33 28.40 1.72 0.904
car -1 -1 -0.96 291.58 185.50 346.34 217.64 1.54 1.62 3.91 -15.30 2.27 38.50 -1.34 0.478
car -1 -1 2.82 975.91 160.86 1101.60 200.93 1.54 1.62 3.91 16.10 1.07 27.70 3.34 0.476
car -1 -1 -0.69 148.56 192.07 216.62 226.25 1.54 1.62 3.91 -22.50 2.67 38.30 -1.22 0.185
car -1 -1 -1.91 2.44 207.71 88.43 250.00 1.46 1.49 2.95 -22.80 2.93 29.80 -2.56 0.170
pedestrian -1 -1 -2.12 1039.81 130.29 1132.69 309.37 1.76 0.66 0.49 4.70 1.28 7.20 -1.54 0.999
pedestrian -1 -1 -2.58 1117.85 121.67 1210.59 315.23 1.76 0.66 0.49 5.30 1.28 7.00 -1.93 0.955
pedestrian -1 -1 -1.38 1184.69 141.72 1226.97 206.59 1.41 0.50 1.32 13.60 0.70 15.80 -0.67 0.699
