car -1 -1 1.23 713.07 171.50 874.22 294.11 1.54 1.62 3.91 2.70 1.67 11.50 1.46 1.000
car -1 -1 -1.37 677.46 183.28 767.91 245.93 1.54 1.62 3.91 2.70 1.67 17.70 -1.22 0.998
car -1 -1 1.55 440.93 182.05 538.82 246.98 1.54 1.62 3.91 -3.10 1.67 18.50 1.38 0.996
car -1 -1 -1.59 663.65 184.19 717.22 228.04 1.46 1.49 2.95 2.60 1.93 24.60 -1.49 0.996
car -1 -1 1.69 655.69 180.92 684.55 208.52 1.46 1.49 2.95 3.40 1.93 42.40 1.77 0.971
car -1 -1 1.94 540.28 179.17 574.37 206.92 1.54 1.62 3.91 -2.90 1.87 41.10 1.87 0.944
car -1 -1 1.81 525.88 180.52 559.53 211.94 1.46 1.49 2.95 -3.00 1.73 33.60 1.72 0.885
car -1 -1 1.06 494.56 180.42 544.89 224.68 1.54 1.62 3.91 -3.30 1.87 27.30 0.94 0.415
pedestrian -1 -1 -1.50 731.65 165.36 744.65 208.26 1.77 0.62 0.88 6.40 1.68 36.50 -1.32 0.915
cyclist -1 -1 -0.74 725.92 168.67 753.41 210.40 1.75 0.62 1.83 6.80 1.88 38.80 -0.57 0.206
