car -1 -1 1.79 216.62 175.87 402.45 301.15 1.46 1.49 2.95 -4.20 1.53 11.00 1.43 0.998
car -1 -1 -1.42 449.19 171.72 483.05 189.43 1.46 1.49 2.95 -12.00 0.73 64.60 -1.60 0.093
pedestrian -1 -1 -1.83 200.70 171.20 292.26 355.75 1.76 0.66 0.49 -3.40 1.68 6.90 -2.29 0.999
pedestrian -1 -1 1.39 0.00 158.55 119.66 373.00 1.76 0.66 0.49 -4.70 1.68 6.20 0.74 0.998
pedestrian -1 -1 1.10 651.08 160.34 673.64 229.03 1.87 0.84 1.11 2.10 1.13 25.90 1.18 0.991
pedestrian -1 -1 -1.57 109.68 163.54 203.73 342.21 1.76 0.66 0.49 -4.80 1.68 7.70 -2.12 0.989
pedestrian -1 -1 0.08 497.12 165.42 517.97 211.43 1.76 0.66 0.49 -3.80 1.28 28.90 -0.06 0.938
pedestrian -1 -1 -1.07 384.19 171.05 401.74 225.15 1.76 0.66 0.49 -7.30 1.48 25.20 -1.35 0.894
pedestrian -1 -1 -0.96 26.52 183.46 70.52 237.21 1.41 0.50 1.32 -19.00 1.71 24.80 -1.61 0.416
pedestrian -1 -1 -0.56 157.80 164.62 236.81 260.91 1.75 0.62 1.83 -9.00 1.28 16.00 -1.07 0.122
pedestrian -1 -1 -1.17 515.68 170.07 530.07 212.60 1.41 0.50 1.32 -3.00 1.11 27.40 -1.27 0.061
pedestrian -1 -1 2.60 5.00 175.68 35.95 240.39 1.76 0.66 0.49 -21.50 1.48 26.60 1.92 0.054
cyclist -1 -1 1.16 430.23 165.06 472.44 258.16 1.77 0.62 0.88 -3.00 1.48 14.30 0.95 0.999
cyclist -1 -1 -0.11 493.98 167.15 522.85 213.45 1.87 0.84 1.11 -3.90 1.33 29.90 -0.24 0.436
