car -1 -1 1.51 520.43 178.02 548.02 199.90 1.54 1.62 3.91 -4.50 1.27 48.90 1.42 0.824
car -1 -1 -1.51 629.24 185.45 704.81 256.06 1.46 1.49 2.95 1.40 1.53 16.00 -1.42 0.127
pedestrian -1 -1 -0.45 557.91 173.78 576.89 234.15 1.68 0.41 1.64 -1.10 1.54 21.50 -0.50 1.000
pedestrian -1 -1 -1.54 924.10 125.88 980.41 266.41 1.76 0.66 0.49 5.00 1.28 10.50 -1.10 0.999
pedestrian -1 -1 -1.58 675.91 161.16 730.42 330.80 1.76 0.66 0.49 1.10 1.68 8.00 -1.44 0.998
pedestrian -1 -1 -1.43 505.18 173.12 524.81 232.31 1.76 0.66 0.49 -2.70 1.48 22.40 -1.55 0.998
pedestrian -1 -1 -1.00 589.65 173.42 610.26 233.93 1.77 0.62 0.88 0.00 1.48 21.10 -1.00 0.998
pedestrian -1 -1 1.55 490.17 171.70 511.51 235.81 1.76 0.66 0.49 -3.10 1.48 21.60 1.40 0.997
pedestrian -1 -1 1.65 59.52 159.52 241.50 373.00 1.87 0.84 1.11 -4.10 1.73 6.30 1.07 0.985
pedestrian -1 -1 -1.51 580.00 170.92 598.60 226.71 1.75 0.62 1.83 -0.40 1.48 22.20 -1.53 0.979
pedestrian -1 -1 2.09 472.01 174.02 490.22 235.35 1.76 0.66 0.49 -3.50 1.68 20.80 1.92 0.974
pedestrian -1 -1 1.17 221.78 188.31 372.80 362.21 1.77 0.62 0.88 -1.60 1.68 3.90 0.78 0.974
pedestrian -1 -1 -1.88 807.81 162.95 828.69 217.52 1.77 0.62 0.88 9.00 1.08 29.70 -1.59 0.728
pedestrian -1 -1 -1.75 660.70 166.35 674.70 214.73 1.77 0.62 0.88 2.80 1.28 30.30 -1.65 0.541
pedestrian -1 -1 -0.64 327.28 193.32 389.92 359.76 1.68 0.41 1.64 -2.70 1.74 8.30 -0.96 0.383
pedestrian -1 -1 0.48 214.89 200.27 281.56 306.01 1.41 0.50 1.32 -6.60 1.90 13.40 0.03 0.205
pedestrian -1 -1 -1.70 655.36 168.64 665.79 224.80 1.68 0.41 1.64 2.10 1.34 25.70 -1.62 0.137
pedestrian -1 -1 -1.18 695.03 171.24 714.41 217.97 1.41 0.50 1.32 4.40 1.11 30.60 -1.03 0.127
pedestrian -1 -1 1.26 1139.78 188.67 1216.29 373.00 1.41 0.50 1.32 5.00 1.71 6.00 1.95 0.118
pedestrian -1 -1 -1.76 668.55 170.69 682.36 211.05 1.41 0.50 1.32 3.00 1.11 28.80 -1.65 0.103
pedestrian -1 -1 -0.73 956.21 134.19 1008.95 258.76 1.76 0.66 0.49 5.80 1.28 10.70 -0.23 0.079
pedestrian -1 -1 -0.29 647.95 167.30 658.58 217.14 1.77 0.62 0.88 2.00 1.28 28.70 -0.22 0.058
pedestrian -1 -1 -1.40 575.37 172.42 584.47 225.42 1.68 0.41 1.64 -0.70 1.34 21.90 -1.43 0.055
cyclist -1 -1 1.15 185.98 184.37 426.55 368.93 1.41 0.50 1.32 -1.60 1.50 3.80 0.76 0.622
cyclist -1 -1 -1.82 802.00 163.42 838.16 211.72 1.87 0.84 1.11 8.90 1.13 29.70 -1.53 0.312
cyclist -1 -1 -1.62 657.53 165.18 749.31 312.72 1.75 0.62 1.83 1.40 1.68 11.60 -1.50 0.280
cyclist -1 -1 -1.43 643.25 156.81 690.76 264.30 1.87 0.84 1.11 1.10 1.53 12.90 -1.34 0.140
