car -1 -1 -1.91 729.77 182.32 901.44 303.39 1.46 1.49 2.95 2.80 1.53 10.40 -1.65 1.000
car -1 -1 -2.43 227.94 169.91 412.14 247.42 1.46 1.49 2.95 -6.20 1.53 15.80 -2.81 0.997
car -1 -1 0.79 39.84 161.02 347.56 315.36 1.54 1.62 3.91 -5.10 1.47 9.30 0.29 0.995
car -1 -1 -1.86 794.53 182.75 948.35 239.41 1.46 1.49 2.95 6.60 1.73 18.00 -1.51 0.992
car -1 -1 2.90 697.79 170.89 829.24 221.12 1.54 1.62 3.91 4.90 1.67 23.50 3.10 0.989
car -1 -1 -1.44 460.66 169.30 531.38 202.92 1.46 1.49 2.95 -5.60 1.53 36.80 -1.59 0.936
car -1 -1 0.52 764.09 175.31 858.75 228.32 1.54 1.62 3.91 6.10 1.67 22.70 0.78 0.774
car -1 -1 -1.53 337.94 173.27 475.02 230.03 1.54 1.62 3.91 -5.70 1.67 20.10 -1.80 0.714
car -1 -1 -0.81 394.27 173.00 487.76 208.08 1.54 1.62 3.91 -7.70 1.67 32.30 -1.05 0.632
car -1 -1 0.36 629.94 155.61 677.31 204.75 2.48 1.81 4.73 2.60 1.74 40.50 0.42 0.238
car -1 -1 1.20 103.90 169.71 338.57 238.79 1.54 1.62 3.91 -8.70 1.47 15.90 0.70 0.092
