car -1 -1 -1.76 733.84 181.16 920.58 321.34 1.46 1.49 2.95 2.60 1.73 9.60 -1.50 1.000
car -1 -1 -1.10 308.93 179.36 456.11 276.79 1.54 1.62 3.91 -4.50 1.87 14.90 -1.39 0.999
car -1 -1 1.56 459.10 182.65 510.86 225.00 1.54 1.62 3.91 -5.10 2.07 29.70 1.39 0.999
car -1 -1 1.78 510.77 180.86 544.40 207.56 1.54 1.62 3.91 -5.50 2.27 48.70 1.66 0.998
car -1 -1 -0.70 661.84 174.80 715.95 224.40 1.54 1.62 3.91 2.90 1.67 26.10 -0.59 0.997
car -1 -1 0.79 371.21 182.11 445.38 231.65 1.54 1.62 3.91 -7.50 1.87 27.10 0.52 0.508
pedestrian -1 -1 2.16 102.65 186.21 154.34 309.90 1.76 0.66 0.49 -6.80 1.88 10.10 1.57 0.963
pedestrian -1 -1 2.23 175.51 179.07 222.26 304.03 1.76 0.66 0.49 -5.80 1.88 10.10 1.70 0.939
pedestrian -1 -1 2.42 133.08 187.41 197.25 309.08 1.68 0.41 1.64 -7.10 1.94 11.50 1.86 0.685
cyclist -1 -1 2.48 148.95 187.83 242.80 277.24 1.41 0.50 1.32 -8.20 1.71 13.80 1.94 0.071
