car -1 -1 2.27 594.75 170.20 707.25 217.00 1.54 1.62 3.91 1.30 1.47 24.50 2.32 1.000
car -1 -1 -1.83 702.88 174.07 915.23 324.62 1.54 1.62 3.91 2.30 1.67 9.30 -1.59 1.000
car -1 -1 -1.20 886.10 162.04 1004.37 214.35 1.54 1.62 3.91 9.50 1.27 21.30 -0.78 0.999
car -1 -1 2.40 735.64 168.01 850.11 220.19 1.46 1.49 2.95 5.40 1.33 21.40 2.65 0.953
car -1 -1 0.72 775.71 166.36 935.51 224.40 1.54 1.62 3.91 6.90 1.47 21.70 1.03 0.948
car -1 -1 -1.13 1136.20 161.27 1220.54 194.03 1.54 1.62 3.91 27.50 1.07 34.90 -0.46 0.918
car -1 -1 0.61 834.36 165.83 911.36 199.70 1.46 1.49 2.95 12.60 1.13 34.20 0.97 0.347
car -1 -1 -1.18 964.02 165.75 1039.20 207.24 1.46 1.49 2.95 14.80 1.33 27.80 -0.70 0.322
car -1 -1 -1.02 992.25 158.63 1129.15 205.26 1.54 1.62 3.91 16.90 1.27 27.10 -0.46 0.310
car -1 -1 2.16 753.63 168.97 811.24 206.98 1.46 1.49 2.95 7.20 1.33 30.80 2.39 0.115
car -1 -1 0.35 1057.70 156.47 1125.20 196.72 2.48 1.81 4.73 39.00 1.34 58.50 0.94 0.085
pedestrian -1 -1 0.62 591.24 153.27 603.03 206.46 1.76 0.66 0.49 -0.50 1.28 27.40 0.60 0.867
pedestrian -1 -1 -0.80 726.20 151.34 740.03 200.10 1.76 0.66 0.49 5.50 1.08 32.20 -0.63 0.163
pedestrian -1 -1 -1.83 333.16 141.41 353.88 203.68 1.76 0.66 0.49 -8.80 1.28 24.10 -2.18 0.058
