car -1 -1 -0.30 664.47 168.80 791.81 217.64 1.54 1.62 3.91 3.50 1.47 23.30 -0.15 0.999
car -1 -1 0.02 743.57 169.56 1016.21 269.29 1.54 1.62 3.91 4.30 1.47 11.90 0.37 0.998
car -1 -1 -2.31 298.62 166.01 420.95 215.89 1.54 1.62 3.91 -8.30 1.47 24.10 -2.64 0.997
car -1 -1 0.26 36.93 159.63 331.55 257.87 1.54 1.62 3.91 -7.90 1.47 13.50 -0.27 0.997
car -1 -1 -2.43 168.65 170.83 354.50 239.62 1.46 1.49 2.95 -7.60 1.33 16.20 -2.87 0.958
car -1 -1 -1.61 350.86 165.31 434.67 201.03 1.54 1.62 3.91 -9.90 1.27 33.30 -1.90 0.087
pedestrian -1 -1 1.28 1067.22 154.78 1081.22 202.20 1.76 0.66 0.49 26.30 0.88 40.80 1.85 0.908
pedestrian -1 -1 -1.39 985.89 159.39 1001.06 196.53 1.76 0.66 0.49 18.30 1.08 34.40 -0.90 0.579
cyclist -1 -1 -1.25 1022.83 151.32 1063.43 217.07 1.76 0.66 0.49 10.80 1.48 17.90 -0.71 0.295
cyclist -1 -1 0.69 1044.69 156.60 1095.45 209.14 1.87 0.84 1.11 12.90 1.33 20.10 1.26 0.077
