car -1 -1 -1.72 705.94 186.53 798.27 254.10 1.46 1.49 2.95 3.40 1.73 17.20 -1.53 0.999
car -1 -1 -1.74 684.28 181.64 755.55 232.85 1.46 1.49 2.95 3.20 1.73 22.20 -1.60 0.999
car -1 -1 1.67 482.49 183.78 533.57 219.76 1.54 1.62 3.91 -4.50 2.07 32.30 1.53 0.998
car -1 -1 2.39 986.15 167.68 1233.28 243.70 1.54 1.62 3.91 10.70 1.47 16.10 2.97 0.990
car -1 -1 0.89 269.02 186.73 356.49 215.02 1.54 1.62 3.91 -16.30 2.27 39.30 0.50 0.956
car -1 -1 1.69 504.68 182.88 551.15 215.42 1.54 1.62 3.91 -4.30 2.27 39.70 1.58 0.816
car -1 -1 2.25 891.78 176.51 1041.03 217.87 1.54 1.62 3.91 11.70 1.47 24.30 2.70 0.766
car -1 -1 1.49 533.29 184.81 567.93 208.79 1.54 1.62 3.91 -3.70 2.27 45.30 1.41 0.406
car -1 -1 -1.21 663.36 178.10 694.59 199.03 1.46 1.49 2.95 6.20 2.13 65.40 -1.11 0.273
pedestrian -1 -1 -1.22 1016.03 166.37 1040.97 206.73 1.75 0.62 1.83 21.40 1.48 36.60 -0.69 0.244
