car -1 -1 2.10 184.24 194.31 368.06 293.30 1.54 1.62 3.91 -5.90 1.87 13.50 1.69 1.000
car -1 -1 -1.95 808.30 182.15 1213.32 373.57 1.54 1.62 3.91 3.10 1.47 6.50 -1.50 0.999
car -1 -1 -1.80 658.37 177.82 712.18 214.71 1.54 1.62 3.91 3.10 1.67 30.50 -1.70 0.999
car -1 -1 1.13 708.71 182.37 812.63 253.84 1.46 1.49 2.95 3.20 1.73 16.00 1.33 0.999
car -1 -1 1.76 378.40 186.96 470.37 237.75 1.54 1.62 3.91 -5.70 2.07 22.70 1.52 0.999
car -1 -1 1.67 478.02 177.53 519.88 209.95 1.54 1.62 3.91 -5.70 1.87 38.70 1.52 0.997
car -1 -1 -1.42 682.21 180.64 760.56 232.05 1.54 1.62 3.91 3.30 1.67 23.10 -1.28 0.994
car -1 -1 1.77 6.29 203.03 234.56 346.05 1.46 1.49 2.95 -7.20 2.13 11.20 1.20 0.920
car -1 -1 1.29 165.01 185.48 273.68 215.92 1.54 1.62 3.91 -17.90 2.07 33.10 0.79 0.486
car -1 -1 2.11 211.66 193.78 336.89 247.70 1.46 1.49 2.95 -10.60 2.13 22.40 1.67 0.124
car -1 -1 -1.42 653.21 177.00 686.00 207.97 1.46 1.49 2.95 3.00 1.73 37.20 -1.34 0.115
car -1 -1 1.73 145.09 188.14 257.63 242.21 1.54 1.62 3.91 -12.70 2.07 22.90 1.23 0.059
car -1 -1 0.05 519.62 176.81 562.73 194.06 1.54 1.62 3.91 -6.30 2.07 67.90 -0.04 0.058
cyclist -1 -1 0.08 459.70 189.72 485.41 225.24 1.41 0.50 1.32 -6.00 2.11 30.80 -0.11 0.057
