car -1 -1 1.27 673.53 178.93 758.97 234.22 1.54 1.62 3.91 2.90 1.67 20.10 1.41 1.000
car -1 -1 -2.13 215.95 195.62 344.84 263.92 1.46 1.49 2.95 -7.40 1.93 16.20 -2.55 0.999
car -1 -1 -1.74 64.97 193.88 145.05 234.19 1.46 1.49 2.95 -21.40 2.53 30.40 -2.36 0.996
car -1 -1 -1.89 352.78 168.53 609.22 305.22 1.54 1.62 3.91 -2.10 1.67 11.10 -2.08 0.975
car -1 -1 1.37 600.04 179.10 655.32 227.40 1.54 1.62 3.91 0.30 1.67 23.10 1.38 0.935
car -1 -1 2.09 267.11 179.62 378.21 220.63 1.54 1.62 3.91 -12.10 2.07 31.30 1.72 0.748
car -1 -1 -2.11 493.97 165.22 597.05 292.39 1.54 1.62 3.91 -1.10 1.67 12.30 -2.20 0.334
car -1 -1 0.22 742.67 174.78 883.68 216.92 1.54 1.62 3.91 6.70 1.47 24.10 0.50 0.252
car -1 -1 -0.79 377.21 173.31 503.69 239.12 1.46 1.49 2.95 -4.80 1.73 20.60 -1.02 0.248
cyclist -1 -1 -1.29 670.88 173.24 707.43 230.28 1.87 0.84 1.11 2.30 1.73 21.30 -1.18 0.884
