car -1 -1 -1.74 718.09 185.30 828.52 259.63 1.54 1.62 3.91 3.50 1.67 16.30 -1.53 0.999
car -1 -1 -1.73 694.42 180.41 770.85 236.24 1.46 1.49 2.95 3.40 1.73 20.40 -1.56 0.999
car -1 -1 1.60 482.48 181.24 534.89 219.62 1.54 1.62 3.91 -4.50 2.07 32.30 1.47 0.998
car -1 -1 -1.40 673.34 173.26 704.09 201.19 1.46 1.49 2.95 5.00 1.73 45.80 -1.29 0.978
car -1 -1 2.37 915.84 171.88 1109.11 224.21 1.54 1.62 3.91 10.10 1.27 18.10 2.88 0.929
car -1 -1 1.60 507.85 180.65 551.06 215.21 1.46 1.49 2.95 -4.00 2.13 36.60 1.50 0.835
car -1 -1 0.07 255.77 185.03 351.44 216.78 1.54 1.62 3.91 -13.90 2.07 32.50 -0.34 0.742
car -1 -1 2.30 984.62 170.36 1212.15 239.99 1.54 1.62 3.91 10.70 1.47 15.90 2.90 0.738
car -1 -1 1.78 536.81 183.04 573.09 205.67 1.46 1.49 2.95 -4.20 2.33 55.60 1.70 0.198
pedestrian -1 -1 -1.31 1027.72 163.36 1038.74 199.40 1.76 0.66 0.49 21.30 1.28 36.20 -0.78 0.475
