car -1 -1 -1.75 412.52 180.22 468.69 218.79 1.54 1.62 3.91 -7.50 1.87 31.90 -1.98 0.998
car -1 -1 -1.74 510.01 184.23 648.24 269.17 1.46 1.49 2.95 -0.40 1.73 13.60 -1.76 0.997
car -1 -1 -1.69 397.62 178.83 445.90 211.60 1.46 1.49 2.95 -8.40 1.73 32.60 -1.94 0.989
car -1 -1 -1.04 379.23 174.33 410.14 195.40 1.54 1.62 3.91 -19.30 1.87 64.70 -1.33 0.968
car -1 -1 0.91 585.01 165.75 685.29 201.90 1.54 1.62 3.91 1.50 1.27 33.30 0.96 0.762
car -1 -1 -2.04 657.28 149.00 978.61 361.64 1.54 1.62 3.91 1.50 1.47 6.90 -1.82 0.733
car -1 -1 0.78 3.38 196.61 154.08 301.65 1.46 1.49 2.95 -9.20 1.93 13.20 0.17 0.571
car -1 -1 2.00 222.67 182.24 277.07 212.47 1.54 1.62 3.91 -20.70 2.07 41.90 1.54 0.508
car -1 -1 0.07 0.00 191.06 78.82 214.68 1.54 1.62 3.91 -39.90 2.87 50.70 -0.60 0.260
car -1 -1 0.26 1117.03 149.38 1241.00 243.19 1.46 1.49 2.95 10.40 1.13 12.40 0.96 0.189
car -1 -1 0.92 591.78 170.12 628.74 205.88 1.46 1.49 2.95 0.00 1.53 34.60 0.92 0.094
car -1 -1 -0.43 637.24 164.59 679.73 199.55 1.46 1.49 2.95 2.20 1.13 31.40 -0.36 0.087
car -1 -1 -0.69 539.41 170.45 615.08 207.65 1.54 1.62 3.91 -1.70 1.67 36.50 -0.73 0.078
car -1 -1 -1.91 841.44 144.44 1131.78 364.41 1.54 1.62 3.91 3.70 1.47 7.70 -1.47 0.071
