car -1 -1 2.13 369.37 186.67 433.19 218.42 1.46 1.49 2.95 -10.80 2.33 37.80 1.85 0.999
car -1 -1 -1.45 600.90 178.42 629.91 196.64 1.46 1.49 2.95 0.80 2.13 71.60 -1.43 0.900
pedestrian -1 -1 2.02 776.96 160.82 823.14 308.16 1.76 0.66 0.49 2.30 1.68 9.00 2.27 0.999
pedestrian -1 -1 2.23 851.40 142.12 925.40 344.37 1.76 0.66 0.49 2.40 1.48 6.70 2.58 0.989
pedestrian -1 -1 1.97 970.04 129.04 1057.17 374.00 1.76 0.66 0.49 2.90 1.48 5.40 2.46 0.852
pedestrian -1 -1 2.66 888.61 130.63 1001.54 357.34 1.87 0.84 1.11 3.10 1.53 6.70 3.10 0.211
pedestrian -1 -1 2.32 799.14 140.48 880.08 348.59 1.87 0.84 1.11 1.90 1.53 6.30 2.61 0.119
cyclist -1 -1 2.71 770.75 147.69 984.89 323.14 1.75 0.62 1.83 2.80 1.48 6.80 3.10 0.971
cyclist -1 -1 2.07 876.65 140.99 1159.36 357.69 1.75 0.62 1.83 2.80 1.48 5.00 2.59 0.957
cyclist -1 -1 1.72 747.67 158.41 849.26 302.30 1.87 0.84 1.11 2.50 1.53 8.70 2.00 0.265
cyclist -1 -1 0.94 357.60 179.16 377.58 205.41 1.41 0.50 1.32 -16.20 2.11 48.40 0.61 0.178
