car -1 -1 1.47 552.45 168.08 582.89 193.03 1.54 1.62 3.91 -2.30 0.67 49.70 1.43 0.985
pedestrian -1 -1 -0.57 641.28 160.99 663.83 228.72 1.76 0.66 0.49 1.30 1.28 18.00 -0.50 1.000
pedestrian -1 -1 -1.15 595.42 156.34 622.17 237.54 1.75 0.62 1.83 0.20 1.28 17.60 -1.14 1.000
pedestrian -1 -1 1.70 457.88 164.41 491.33 274.43 1.76 0.66 0.49 -2.10 1.48 11.60 1.52 0.999
pedestrian -1 -1 2.33 676.76 160.34 701.04 225.88 1.77 0.62 0.88 2.40 1.28 19.90 2.45 0.999
pedestrian -1 -1 2.19 491.09 160.64 518.84 268.55 1.76 0.66 0.49 -1.50 1.48 11.60 2.06 0.999
pedestrian -1 -1 -0.69 1063.29 117.86 1207.70 373.00 1.77 0.62 0.88 2.90 1.48 4.00 -0.06 0.985
pedestrian -1 -1 1.12 662.93 161.20 679.81 225.11 1.76 0.66 0.49 1.90 1.28 19.00 1.22 0.953
pedestrian -1 -1 -1.18 709.54 154.21 730.90 221.61 1.68 0.41 1.64 3.50 0.94 21.70 -1.02 0.941
pedestrian -1 -1 -2.22 613.84 157.68 627.81 222.00 1.76 0.66 0.49 0.70 1.08 25.00 -2.19 0.868
pedestrian -1 -1 1.54 51.88 220.17 176.75 368.86 1.41 0.50 1.32 -5.00 1.71 7.60 0.96 0.839
pedestrian -1 -1 0.22 994.03 140.73 1019.43 225.19 1.76 0.66 0.49 9.50 0.88 17.00 0.73 0.484
pedestrian -1 -1 0.36 391.43 186.66 419.85 278.27 1.41 0.50 1.32 -3.60 1.50 13.00 0.09 0.123
pedestrian -1 -1 -1.21 443.02 165.11 457.11 220.33 1.68 0.41 1.64 -5.70 1.14 26.70 -1.43 0.117
pedestrian -1 -1 0.33 1040.70 142.35 1073.47 236.58 1.76 0.66 0.49 9.10 1.08 14.40 0.90 0.060
pedestrian -1 -1 -1.03 977.48 140.22 1000.07 218.85 1.76 0.66 0.49 10.10 0.88 19.00 -0.54 0.058
cyclist -1 -1 0.02 699.37 145.99 749.98 269.18 1.68 0.41 1.64 1.70 1.34 10.70 0.18 0.389
