car -1 -1 1.62 0.00 204.81 363.30 368.03 1.54 1.62 3.91 -2.90 1.87 6.50 1.20 0.990
car -1 -1 0.05 532.97 177.45 563.67 196.75 1.46 1.49 2.95 -5.20 1.53 75.80 -0.01 0.178
car -1 -1 1.28 208.50 202.48 394.26 343.21 1.46 1.49 2.95 -3.40 1.73 9.00 0.92 0.050
pedestrian -1 -1 0.58 790.38 157.35 826.48 267.88 1.76 0.66 0.49 3.50 1.48 12.20 0.86 1.000
pedestrian -1 -1 -0.25 772.54 167.81 799.03 263.03 1.76 0.66 0.49 3.90 1.48 15.40 0.00 0.985
pedestrian -1 -1 -1.27 445.66 180.32 460.30 228.97 1.77 0.62 0.88 -5.60 1.68 27.10 -1.47 0.880
pedestrian -1 -1 -0.40 593.98 175.72 603.68 224.40 1.68 0.41 1.64 -0.10 1.54 24.90 -0.40 0.608
pedestrian -1 -1 -1.25 74.93 189.89 132.28 315.65 1.76 0.66 0.49 -7.00 1.68 10.10 -1.86 0.087
pedestrian -1 -1 -1.03 691.60 160.87 705.03 202.22 1.75 0.62 1.83 4.20 1.08 31.20 -0.90 0.067
pedestrian -1 -1 1.06 569.07 175.63 582.45 218.49 1.41 0.50 1.32 -1.00 1.50 28.00 1.03 0.060
