car -1 -1 -1.24 138.92 170.69 464.54 371.79 1.54 1.62 3.91 -2.70 1.47 7.30 -1.59 1.000
car -1 -1 -1.71 661.74 171.47 717.93 215.15 1.54 1.62 3.91 2.90 1.47 26.50 -1.60 1.000
car -1 -1 -1.34 715.65 173.23 914.40 306.41 1.54 1.62 3.91 2.50 1.47 9.50 -1.08 0.999
car -1 -1 -1.29 364.51 179.06 525.82 284.19 1.54 1.62 3.91 -2.30 1.47 10.70 -1.50 0.996
car -1 -1 -1.39 547.69 170.59 583.18 199.30 1.54 1.62 3.91 -2.70 1.47 42.30 -1.45 0.996
car -1 -1 -1.57 640.37 169.01 687.73 201.54 1.54 1.62 3.91 2.50 1.27 33.70 -1.49 0.990
car -1 -1 -1.77 787.54 166.32 1170.66 370.57 1.54 1.62 3.91 3.30 1.47 7.50 -1.35 0.744
car -1 -1 0.85 313.12 179.64 426.21 250.98 1.46 1.49 2.95 -5.20 1.53 15.60 0.53 0.377
car -1 -1 0.99 409.03 175.51 507.14 209.94 1.54 1.62 3.91 -6.90 1.67 33.10 0.78 0.207
car -1 -1 0.73 775.59 176.59 885.92 252.35 1.46 1.49 2.95 5.00 1.53 16.00 1.03 0.100
car -1 -1 -0.24 172.73 181.36 395.89 265.03 1.54 1.62 3.91 -6.70 1.67 15.10 -0.66 0.073
car -1 -1 0.25 388.22 174.99 455.22 213.09 1.54 1.62 3.91 -8.30 1.67 31.50 -0.01 0.050
pedestrian -1 -1 -1.15 392.95 159.98 410.73 233.87 1.76 0.66 0.49 -4.70 1.48 16.20 -1.44 0.992
pedestrian -1 -1 -0.50 946.97 149.29 1006.10 307.20 1.76 0.66 0.49 4.80 1.48 9.50 -0.03 0.363
pedestrian -1 -1 -1.79 403.05 160.07 430.47 232.98 1.87 0.84 1.11 -4.90 1.53 18.30 -2.05 0.143
pedestrian -1 -1 -0.03 845.57 130.31 1015.19 349.36 1.87 0.84 1.11 2.10 1.73 5.10 0.37 0.090
