car -1 -1 1.88 204.33 197.78 379.41 286.23 1.54 1.62 3.91 -6.10 2.07 14.10 1.48 1.000
car -1 -1 -1.54 709.40 174.39 819.47 249.48 1.46 1.49 2.95 3.40 1.53 16.00 -1.33 0.999
car -1 -1 1.86 429.71 186.65 489.13 228.95 1.54 1.62 3.91 -5.70 2.07 28.50 1.67 0.998
car -1 -1 1.92 359.67 189.72 464.92 247.80 1.54 1.62 3.91 -5.90 2.07 21.90 1.66 0.998
car -1 -1 1.93 475.43 187.03 522.46 214.70 1.46 1.49 2.95 -6.40 2.33 40.60 1.77 0.997
car -1 -1 -1.47 683.22 176.09 760.56 230.92 1.54 1.62 3.91 3.10 1.67 22.10 -1.33 0.997
car -1 -1 -1.34 657.32 179.43 723.87 212.35 1.46 1.49 2.95 4.00 1.93 36.00 -1.23 0.994
car -1 -1 2.23 1020.43 131.58 1240.17 238.84 1.54 1.62 3.91 9.50 1.07 12.10 2.89 0.975
car -1 -1 2.23 863.60 149.54 1101.75 227.09 1.54 1.62 3.91 7.70 1.07 14.90 2.70 0.974
car -1 -1 1.84 0.00 206.20 237.41 367.52 1.46 1.49 2.95 -5.80 2.13 9.40 1.29 0.864
car -1 -1 -1.13 641.69 176.19 688.03 207.13 1.54 1.62 3.91 2.30 1.67 32.70 -1.06 0.649
car -1 -1 2.29 879.76 157.18 1000.23 217.35 1.46 1.49 2.95 8.80 1.13 19.80 2.71 0.078
car -1 -1 1.93 515.50 180.50 545.04 203.36 1.54 1.62 3.91 -5.90 2.27 53.10 1.82 0.058
