car -1 -1 -1.73 772.45 178.23 1028.03 343.21 1.54 1.62 3.91 3.10 1.67 9.10 -1.40 1.000
car -1 -1 1.77 261.13 192.54 403.90 275.19 1.54 1.62 3.91 -5.70 2.07 15.70 1.42 0.999
car -1 -1 1.14 701.22 180.11 783.35 245.86 1.46 1.49 2.95 3.40 1.73 18.20 1.32 0.999
car -1 -1 1.75 485.17 179.99 528.21 208.54 1.54 1.62 3.91 -5.70 2.07 39.70 1.60 0.999
car -1 -1 -1.40 673.79 181.06 740.17 226.02 1.46 1.49 2.95 3.20 1.73 24.40 -1.27 0.999
car -1 -1 1.78 402.13 185.04 482.70 234.30 1.54 1.62 3.91 -5.70 2.07 25.70 1.56 0.998
car -1 -1 -1.74 655.75 178.80 705.58 211.14 1.46 1.49 2.95 3.00 1.73 31.60 -1.64 0.997
car -1 -1 1.99 0.00 198.05 310.63 350.82 1.54 1.62 3.91 -5.50 2.07 9.90 1.48 0.981
car -1 -1 1.31 206.67 183.03 297.07 229.29 1.54 1.62 3.91 -13.90 2.07 28.70 0.86 0.247
car -1 -1 1.67 154.70 199.87 311.75 305.76 1.46 1.49 2.95 -5.60 1.93 11.60 1.23 0.130
pedestrian -1 -1 -1.99 734.49 172.18 746.39 204.01 1.87 0.84 1.11 9.70 1.73 54.50 -1.82 0.193
