car -1 -1 1.40 516.31 177.76 545.28 199.12 1.54 1.62 3.91 -4.70 1.27 49.70 1.30 0.317
car -1 -1 -0.97 617.82 191.98 674.02 249.86 1.46 1.49 2.95 1.00 1.73 18.80 -0.92 0.204
pedestrian -1 -1 -0.12 554.60 174.54 572.94 234.95 1.68 0.41 1.64 -1.10 1.74 21.30 -0.17 1.000
pedestrian -1 -1 -1.10 580.04 171.37 606.03 229.32 1.77 0.62 0.88 -0.30 1.48 21.80 -1.11 1.000
pedestrian -1 -1 -1.28 901.72 128.76 950.16 259.94 1.76 0.66 0.49 5.30 1.28 11.80 -0.86 1.000
pedestrian -1 -1 1.75 212.35 161.75 330.24 373.00 1.77 0.62 0.88 -2.60 1.68 5.50 1.31 1.000
pedestrian -1 -1 -1.36 643.45 161.61 686.14 314.76 1.76 0.66 0.49 0.70 1.48 8.80 -1.28 0.999
pedestrian -1 -1 1.78 487.07 172.87 504.75 234.57 1.76 0.66 0.49 -3.30 1.48 22.80 1.64 0.999
pedestrian -1 -1 1.64 467.95 174.39 486.36 234.10 1.76 0.66 0.49 -3.90 1.48 23.20 1.47 0.993
pedestrian -1 -1 0.67 1039.61 108.10 1164.32 370.32 1.76 0.66 0.49 2.80 1.28 4.10 1.27 0.957
pedestrian -1 -1 -1.99 512.67 173.03 529.03 228.92 1.68 0.41 1.64 -2.70 1.54 23.50 -2.10 0.947
pedestrian -1 -1 1.75 368.85 177.76 431.81 359.33 1.76 0.66 0.49 -1.70 1.48 6.20 1.48 0.868
pedestrian -1 -1 -1.09 802.40 167.40 821.22 211.19 1.41 0.50 1.32 8.80 0.90 30.00 -0.81 0.657
pedestrian -1 -1 -0.36 604.83 177.42 616.36 228.42 1.68 0.41 1.64 0.30 1.74 22.30 -0.34 0.544
pedestrian -1 -1 -0.55 644.25 169.53 657.39 203.90 1.75 0.62 1.83 3.40 1.28 47.00 -0.48 0.463
pedestrian -1 -1 1.13 336.27 190.71 390.60 329.93 1.76 0.66 0.49 -2.80 1.68 8.50 0.81 0.330
pedestrian -1 -1 1.76 268.41 167.70 415.17 368.45 1.75 0.62 1.83 -2.20 1.48 6.20 1.42 0.232
pedestrian -1 -1 2.24 174.73 201.94 228.53 340.32 1.76 0.66 0.49 -4.30 1.68 7.60 1.72 0.106
pedestrian -1 -1 -1.02 574.47 174.96 583.99 225.66 1.68 0.41 1.64 -0.70 1.54 21.90 -1.05 0.077
pedestrian -1 -1 0.52 496.86 171.09 517.69 229.29 1.87 0.84 1.11 -2.90 1.53 22.90 0.40 0.066
cyclist -1 -1 1.51 322.96 173.87 466.25 356.15 1.41 0.50 1.32 -1.60 1.50 6.20 1.26 0.966
cyclist -1 -1 0.81 982.83 107.29 1222.28 372.27 1.75 0.62 1.83 4.40 1.28 6.00 1.44 0.603
cyclist -1 -1 -1.80 509.04 169.55 531.65 233.84 1.75 0.62 1.83 -2.80 1.68 23.80 -1.92 0.597
cyclist -1 -1 -1.64 619.94 167.17 707.62 279.91 1.75 0.62 1.83 1.40 1.48 13.00 -1.53 0.190
cyclist -1 -1 -0.54 789.55 165.18 830.37 211.27 1.75 0.62 1.83 8.80 1.28 30.00 -0.25 0.138
cyclist -1 -1 1.25 180.87 174.17 402.96 363.59 1.75 0.62 1.83 -2.40 1.68 6.20 0.89 0.134
cyclist -1 -1 1.64 431.20 188.98 476.53 249.84 1.41 0.50 1.32 -3.80 1.71 18.60 1.43 0.100
