car -1 -1 -1.29 302.22 188.61 450.91 267.34 1.46 1.49 2.95 -5.40 1.73 16.80 -1.60 0.999
car -1 -1 -1.64 569.07 181.49 602.19 211.86 1.54 1.62 3.91 -1.30 1.47 40.70 -1.67 0.998
car -1 -1 -1.06 172.15 188.82 305.47 254.63 1.46 1.49 2.95 -8.60 1.53 17.20 -1.52 0.997
car -1 -1 0.56 240.09 179.61 335.57 230.91 1.54 1.62 3.91 -11.10 1.47 25.10 0.14 0.983
car -1 -1 -1.42 381.49 183.75 446.27 219.11 1.46 1.49 2.95 -8.60 1.53 32.20 -1.69 0.643
car -1 -1 -1.33 412.93 182.59 485.37 213.69 1.46 1.49 2.95 -6.80 1.33 31.80 -1.54 0.365
car -1 -1 -0.71 500.40 181.16 535.72 210.74 1.54 1.62 3.91 -4.50 1.27 36.10 -0.83 0.263
car -1 -1 -1.07 342.87 181.96 414.33 208.27 1.54 1.62 3.91 -14.30 1.27 44.90 -1.38 0.195
car -1 -1 -1.21 337.24 179.97 377.96 203.72 1.46 1.49 2.95 -16.20 1.13 46.60 -1.55 0.098
car -1 -1 -0.94 455.71 185.65 522.73 222.97 1.46 1.49 2.95 -4.40 1.53 27.80 -1.09 0.060
