car -1 -1 1.95 319.40 196.90 438.28 272.16 1.54 1.62 3.91 -5.50 2.07 17.30 1.64 0.999
car -1 -1 1.88 481.28 188.49 524.68 221.21 1.54 1.62 3.91 -5.50 2.47 38.30 1.73 0.991
car -1 -1 -1.39 641.65 183.40 673.89 209.99 1.46 1.49 2.95 2.80 2.13 41.20 -1.32 0.986
pedestrian -1 -1 -0.63 715.32 163.37 733.34 222.04 1.76 0.66 0.49 4.20 1.68 26.30 -0.47 0.988
pedestrian -1 -1 1.36 193.97 192.72 269.30 282.12 1.75 0.62 1.83 -8.40 1.88 16.00 0.88 0.890
pedestrian -1 -1 1.96 280.72 187.37 350.69 286.50 1.75 0.62 1.83 -6.20 2.08 15.20 1.57 0.852
pedestrian -1 -1 1.66 216.41 185.71 293.71 367.79 1.76 0.66 0.49 -3.40 1.88 7.10 1.21 0.078
cyclist -1 -1 -0.29 473.33 178.99 503.26 249.36 1.75 0.62 1.83 -3.60 2.28 21.40 -0.46 0.999
cyclist -1 -1 1.75 137.40 193.30 331.67 363.02 1.75 0.62 1.83 -3.60 1.88 7.20 1.28 0.998
cyclist -1 -1 2.37 261.05 187.78 364.02 355.75 1.76 0.66 0.49 -2.90 1.88 7.20 1.99 0.991
