car -1 -1 -1.64 666.31 177.58 772.31 255.32 1.54 1.62 3.91 2.10 1.47 15.10 -1.50 1.000
car -1 -1 -1.56 501.34 175.23 552.49 215.66 1.54 1.62 3.91 -3.70 1.67 32.30 -1.68 0.998
car -1 -1 -1.47 627.64 176.01 669.81 215.86 1.54 1.62 3.91 1.70 1.67 31.70 -1.42 0.994
car -1 -1 0.86 4.14 185.18 377.08 367.98 1.46 1.49 2.95 -3.60 1.73 7.20 0.40 0.988
car -1 -1 -1.35 639.59 173.86 698.30 218.24 1.54 1.62 3.91 2.30 1.67 29.30 -1.27 0.985
car -1 -1 1.60 214.67 185.42 342.02 252.81 1.54 1.62 3.91 -8.50 1.87 18.70 1.17 0.912
car -1 -1 -1.72 532.94 178.41 565.36 204.90 1.54 1.62 3.91 -3.30 1.87 39.90 -1.80 0.848
car -1 -1 -1.50 621.43 172.74 651.55 203.57 1.54 1.62 3.91 1.50 1.67 43.10 -1.46 0.263
pedestrian -1 -1 -1.74 32.89 151.48 125.10 360.02 1.76 0.66 0.49 -4.60 1.48 6.30 -2.37 0.659
pedestrian -1 -1 -1.19 215.62 171.99 238.36 225.68 1.75 0.62 1.83 -18.00 1.88 34.20 -1.67 0.082
