car -1 -1 -1.99 391.18 161.88 450.34 194.22 1.46 1.49 2.95 -10.40 1.13 39.40 -2.25 0.987
car -1 -1 -2.16 448.19 163.37 512.24 191.54 1.46 1.49 2.95 -7.00 1.13 40.40 -2.34 0.983
car -1 -1 -1.44 667.01 154.61 736.44 184.65 2.48 1.81 4.73 7.30 1.14 59.20 -1.32 0.385
car -1 -1 0.22 650.51 158.25 685.22 185.17 2.48 1.81 4.73 4.60 1.34 55.50 0.30 0.192
car -1 -1 -0.15 783.09 163.12 846.83 184.81 2.48 1.81 4.73 19.30 1.34 67.60 0.12 0.053
pedestrian -1 -1 -0.43 387.95 159.30 400.64 197.90 1.41 0.50 1.32 -11.20 0.90 37.60 -0.72 0.990
pedestrian -1 -1 0.52 600.73 160.63 608.72 190.23 1.76 0.66 0.49 -0.30 1.08 48.40 0.51 0.439
pedestrian -1 -1 0.26 608.67 164.15 615.29 189.45 1.41 0.50 1.32 0.20 1.11 49.20 0.26 0.248
pedestrian -1 -1 -0.30 616.48 162.57 623.41 186.06 1.41 0.50 1.32 0.80 0.90 51.20 -0.28 0.162
pedestrian -1 -1 -0.37 612.68 159.02 619.42 189.12 1.76 0.66 0.49 0.50 1.08 50.00 -0.36 0.129
pedestrian -1 -1 0.37 628.97 164.14 638.02 189.17 1.41 0.50 1.32 1.60 1.11 47.20 0.41 0.127
pedestrian -1 -1 -0.20 608.61 159.01 636.40 188.83 1.75 0.62 1.83 1.00 1.08 49.40 -0.18 0.116
pedestrian -1 -1 -0.29 622.54 164.39 629.36 188.28 1.41 0.50 1.32 1.20 1.11 51.20 -0.26 0.107
pedestrian -1 -1 0.30 596.61 159.21 601.66 188.69 1.68 0.41 1.64 -0.70 0.94 47.70 0.29 0.099
cyclist -1 -1 0.22 381.74 161.58 405.58 198.82 1.41 0.50 1.32 -11.20 1.11 37.20 -0.07 0.191
