car -1 -1 -1.79 746.51 182.14 869.19 262.39 1.54 1.62 3.91 4.10 1.67 15.30 -1.53 1.000
car -1 -1 -1.82 702.90 180.58 761.16 223.08 1.46 1.49 2.95 4.00 1.73 23.80 -1.65 0.998
car -1 -1 -1.69 801.74 193.35 1046.73 327.25 1.46 1.49 2.95 3.60 1.73 9.20 -1.32 0.998
car -1 -1 1.52 460.76 184.19 528.94 230.98 1.46 1.49 2.95 -4.00 1.93 24.60 1.36 0.998
car -1 -1 1.55 500.68 186.19 550.28 220.74 1.46 1.49 2.95 -3.60 2.13 31.40 1.44 0.995
car -1 -1 -1.52 686.01 178.99 733.40 214.41 1.54 1.62 3.91 4.50 1.87 32.50 -1.38 0.994
car -1 -1 -1.61 717.65 181.56 795.86 238.93 1.46 1.49 2.95 4.40 1.73 22.00 -1.42 0.992
car -1 -1 1.54 525.98 185.47 563.78 214.98 1.54 1.62 3.91 -3.30 2.27 39.50 1.45 0.795
car -1 -1 -1.30 926.75 178.01 985.30 204.54 1.46 1.49 2.95 19.00 1.73 39.60 -0.85 0.572
car -1 -1 1.79 562.54 181.45 595.92 201.88 1.46 1.49 2.95 -2.40 2.33 56.80 1.75 0.109
