car -1 -1 -0.13 743.46 181.65 898.19 240.59 1.54 1.62 3.91 5.70 1.87 19.70 0.16 0.997
car -1 -1 -2.67 193.91 174.26 383.21 272.27 1.54 1.62 3.91 -5.50 1.47 12.90 -3.07 0.996
car -1 -1 -1.61 631.87 180.69 674.19 215.74 1.54 1.62 3.91 2.10 2.07 36.70 -1.55 0.996
car -1 -1 0.36 39.70 184.29 342.46 323.68 1.46 1.49 2.95 -5.00 1.73 9.00 -0.15 0.994
car -1 -1 -0.67 924.95 179.51 1213.91 316.32 1.54 1.62 3.91 5.30 1.67 9.50 -0.16 0.983
car -1 -1 -1.18 359.54 179.52 506.06 223.21 1.54 1.62 3.91 -6.70 1.87 26.30 -1.43 0.979
car -1 -1 -2.09 339.43 183.49 443.97 237.52 1.54 1.62 3.91 -5.50 1.67 18.70 -2.38 0.938
car -1 -1 -2.30 274.94 179.64 416.96 251.60 1.46 1.49 2.95 -5.60 1.73 15.60 -2.64 0.648
car -1 -1 -1.08 1056.14 193.64 1237.27 365.54 1.54 1.62 3.91 7.50 1.67 8.10 -0.33 0.402
car -1 -1 -0.97 457.61 178.18 531.64 207.65 1.46 1.49 2.95 -5.80 1.73 36.00 -1.13 0.389
