car -1 -1 0.27 619.57 169.79 644.07 195.32 2.48 1.81 4.73 2.80 1.54 62.30 0.32 0.996
car -1 -1 1.55 551.96 168.32 598.31 214.26 2.48 1.81 4.73 -1.20 1.54 35.90 1.52 0.886
pedestrian -1 -1 -1.61 948.25 159.75 1001.07 282.43 1.76 0.66 0.49 5.10 1.48 10.00 -1.14 1.000
pedestrian -1 -1 -1.98 223.48 166.21 298.07 352.57 1.76 0.66 0.49 -3.30 1.68 7.00 -2.42 0.996
pedestrian -1 -1 -1.52 735.81 152.21 789.65 354.44 1.76 0.66 0.49 1.30 1.48 6.20 -1.31 0.983
pedestrian -1 -1 -1.86 797.11 146.97 856.91 361.57 1.76 0.66 0.49 1.90 1.48 6.40 -1.57 0.968
pedestrian -1 -1 -1.31 488.36 173.63 501.72 217.85 1.76 0.66 0.49 -4.50 1.68 30.80 -1.45 0.932
pedestrian -1 -1 0.68 839.91 158.87 856.05 214.02 1.76 0.66 0.49 8.30 1.08 24.40 1.01 0.921
pedestrian -1 -1 -0.86 258.82 185.37 306.81 256.14 1.41 0.50 1.32 -8.80 1.71 20.20 -1.28 0.654
pedestrian -1 -1 -1.09 777.21 170.86 791.14 212.06 1.77 0.62 0.88 7.80 1.28 30.70 -0.84 0.484
pedestrian -1 -1 -1.15 806.33 161.60 841.25 225.25 1.87 0.84 1.11 8.10 1.13 26.50 -0.85 0.461
pedestrian -1 -1 -0.20 879.35 162.95 897.13 224.20 1.76 0.66 0.49 9.30 1.08 23.40 0.18 0.087
cyclist -1 -1 -1.02 751.71 146.55 941.30 357.52 1.87 0.84 1.11 2.30 1.53 6.30 -0.67 0.899
cyclist -1 -1 2.02 414.33 173.20 469.15 243.65 1.77 0.62 0.88 -3.70 1.68 17.00 1.81 0.887
cyclist -1 -1 -0.48 977.23 221.40 1177.04 362.22 1.41 0.50 1.32 2.80 1.71 4.00 0.13 0.074
