car -1 -1 -1.32 299.83 184.24 440.44 267.52 1.54 1.62 3.91 -4.70 1.47 14.50 -1.63 0.999
car -1 -1 -1.39 431.88 180.81 500.02 226.60 1.54 1.62 3.91 -4.90 1.47 24.90 -1.59 0.998
car -1 -1 -0.83 260.82 181.43 365.15 234.93 1.46 1.49 2.95 -8.20 1.33 20.20 -1.22 0.998
car -1 -1 -1.53 573.56 174.85 611.30 210.51 1.54 1.62 3.91 -0.70 1.07 36.30 -1.55 0.994
car -1 -1 -1.39 164.17 173.49 274.85 227.37 1.54 1.62 3.91 -11.90 1.27 22.70 -1.88 0.983
car -1 -1 -1.38 6.71 172.35 230.44 282.59 1.54 1.62 3.91 -8.50 1.47 13.30 -1.95 0.980
car -1 -1 -1.43 353.39 177.56 425.64 211.79 1.46 1.49 2.95 -9.60 1.13 32.40 -1.71 0.895
car -1 -1 -1.34 464.44 176.16 505.46 211.45 1.46 1.49 2.95 -5.20 1.13 31.20 -1.51 0.432
car -1 -1 -1.82 432.20 173.72 468.40 203.31 1.46 1.49 2.95 -9.40 0.93 42.60 -2.03 0.185
car -1 -1 -0.18 497.36 161.66 546.80 203.32 2.48 1.81 4.73 -4.60 1.14 40.10 -0.30 0.075
