car -1 -1 -1.68 649.32 166.33 719.62 217.89 1.54 1.62 3.91 2.10 1.27 21.70 -1.59 1.000
car -1 -1 -1.48 788.73 185.55 1167.29 370.77 1.46 1.49 2.95 2.80 1.53 6.20 -1.05 0.999
car -1 -1 -1.52 723.39 171.82 888.16 289.74 1.54 1.62 3.91 2.90 1.47 11.50 -1.27 0.999
car -1 -1 1.69 446.37 165.15 519.04 213.44 1.54 1.62 3.91 -4.50 1.27 25.50 1.51 0.999
car -1 -1 1.78 135.12 170.22 419.54 353.33 1.54 1.62 3.91 -3.30 1.67 8.30 1.40 0.998
car -1 -1 -1.52 630.33 165.58 680.23 204.45 1.54 1.62 3.91 1.70 1.27 27.50 -1.46 0.998
car -1 -1 -1.84 679.64 168.92 763.71 234.76 1.54 1.62 3.91 2.50 1.47 17.50 -1.70 0.996
car -1 -1 1.69 485.28 166.71 526.33 203.92 1.46 1.49 2.95 -4.20 1.33 30.40 1.55 0.772
car -1 -1 1.64 502.75 168.39 538.43 194.21 1.46 1.49 2.95 -5.00 1.33 42.00 1.53 0.117
car -1 -1 -1.12 749.52 160.06 819.05 214.92 1.46 1.49 2.95 5.00 1.13 21.00 -0.89 0.106
pedestrian -1 -1 -2.27 75.15 178.36 132.51 246.08 1.41 0.50 1.32 -13.20 1.71 18.80 -2.88 0.118
