car -1 -1 0.01 737.37 183.23 993.25 285.67 1.54 1.62 3.91 4.50 1.87 12.50 0.36 0.999
car -1 -1 -2.32 44.24 182.61 315.86 275.78 1.54 1.62 3.91 -7.90 1.87 13.70 -2.84 0.999
car -1 -1 -1.99 224.72 175.46 351.41 247.79 1.54 1.62 3.91 -7.90 1.67 17.90 -2.41 0.860
car -1 -1 -1.61 280.76 183.09 376.48 238.82 1.46 1.49 2.95 -7.80 1.93 20.40 -1.97 0.855
car -1 -1 -0.53 702.80 189.80 834.14 261.27 1.46 1.49 2.95 3.20 1.93 16.60 -0.34 0.650
car -1 -1 -1.66 452.47 183.85 489.21 207.69 1.54 1.62 3.91 -11.10 2.67 57.10 -1.86 0.639
car -1 -1 -1.48 320.01 178.66 385.38 220.59 1.54 1.62 3.91 -10.70 1.87 30.70 -1.82 0.381
car -1 -1 -0.89 985.96 188.48 1050.04 210.78 1.54 1.62 3.91 33.90 2.87 59.90 -0.38 0.370
car -1 -1 -0.33 1053.43 191.28 1198.17 240.81 1.46 1.49 2.95 14.60 1.93 20.20 0.29 0.121
car -1 -1 0.97 923.10 182.46 967.21 201.53 1.54 1.62 3.91 30.30 2.67 65.10 1.40 0.085
car -1 -1 1.66 356.67 183.24 394.87 209.73 1.46 1.49 2.95 -13.00 2.13 40.60 1.35 0.060
pedestrian -1 -1 -1.85 930.04 182.91 955.93 210.73 1.41 0.50 1.32 21.80 2.31 47.00 -1.42 0.109
cyclist -1 -1 -1.34 1144.28 186.73 1235.55 251.05 1.87 0.84 1.11 12.30 1.93 15.30 -0.66 0.089
