car -1 -1 -2.37 26.02 166.25 332.43 290.29 1.54 1.62 3.91 -5.90 1.47 10.30 -2.89 0.999
car -1 -1 -1.67 630.44 177.81 679.58 216.63 1.54 1.62 3.91 2.10 1.87 32.10 -1.60 0.997
car -1 -1 -0.89 957.30 188.62 1230.20 353.42 1.46 1.49 2.95 5.40 1.53 7.40 -0.26 0.995
car -1 -1 -1.58 614.89 174.02 648.13 202.22 1.54 1.62 3.91 1.10 1.67 37.90 -1.55 0.991
car -1 -1 2.23 810.50 183.06 1072.63 279.12 1.54 1.62 3.91 5.70 1.87 12.70 2.65 0.984
car -1 -1 -2.62 333.32 179.63 484.31 221.64 1.54 1.62 3.91 -6.30 1.67 22.50 -2.89 0.971
car -1 -1 0.05 166.35 165.47 370.66 256.02 1.54 1.62 3.91 -6.90 1.47 14.70 -0.38 0.892
car -1 -1 2.01 758.48 177.62 907.38 259.06 1.54 1.62 3.91 4.70 1.67 16.10 2.30 0.885
car -1 -1 -2.62 403.32 178.55 494.71 212.42 1.46 1.49 2.95 -6.80 1.73 31.80 -2.83 0.300
car -1 -1 -1.90 485.71 175.98 521.84 201.27 1.54 1.62 3.91 -6.70 1.87 46.90 -2.04 0.232
car -1 -1 0.46 957.92 186.08 1055.22 224.49 1.46 1.49 2.95 15.40 1.93 28.00 0.96 0.073
cyclist -1 -1 1.91 492.18 173.31 522.51 226.47 1.87 0.84 1.11 -3.50 1.93 24.70 1.77 1.000
