car -1 -1 1.49 507.13 168.39 563.32 200.21 2.48 1.81 4.73 -5.10 1.34 55.60 1.40 0.974
pedestrian -1 -1 -1.12 638.08 162.91 675.83 285.34 1.68 0.41 1.64 0.90 1.54 11.10 -1.04 0.998
pedestrian -1 -1 -1.55 707.41 155.46 737.93 276.59 1.76 0.66 0.49 1.70 1.48 10.40 -1.38 0.847
pedestrian -1 -1 -1.87 332.98 176.39 372.66 292.22 1.76 0.66 0.49 -3.70 1.48 10.60 -2.21 0.813
pedestrian -1 -1 -1.87 727.67 156.74 747.86 233.68 1.77 0.62 0.88 4.00 1.08 20.70 -1.68 0.805
pedestrian -1 -1 0.08 194.07 159.64 219.43 251.66 1.76 0.66 0.49 -9.70 1.48 17.60 -0.43 0.264
pedestrian -1 -1 -0.28 685.44 165.86 699.53 211.19 1.75 0.62 1.83 5.00 1.08 39.00 -0.15 0.138
pedestrian -1 -1 1.82 467.91 163.65 493.81 261.41 1.76 0.66 0.49 -2.10 1.48 13.20 1.67 0.066
pedestrian -1 -1 -0.70 331.43 165.09 357.21 226.70 1.76 0.66 0.49 -8.30 1.28 23.40 -1.04 0.057
cyclist -1 -1 -0.08 509.44 168.59 532.73 225.48 1.77 0.62 0.88 -2.60 1.48 22.10 -0.20 0.997
cyclist -1 -1 1.85 454.50 164.21 498.11 265.08 1.68 0.41 1.64 -2.30 1.54 13.10 1.68 0.996
cyclist -1 -1 1.05 532.96 165.88 568.20 239.48 1.87 0.84 1.11 -1.30 1.53 19.10 0.98 0.994
cyclist -1 -1 -1.42 685.88 155.86 769.00 262.69 1.75 0.62 1.83 2.60 1.48 13.40 -1.23 0.947
cyclist -1 -1 1.88 153.07 160.15 248.34 295.78 1.77 0.62 0.88 -5.40 1.48 9.70 1.37 0.371
cyclist -1 -1 -0.91 674.45 164.12 711.78 242.45 1.68 0.41 1.64 1.90 1.34 15.30 -0.79 0.197
cyclist -1 -1 -1.73 723.12 158.08 755.98 232.71 1.77 0.62 0.88 4.10 1.08 21.40 -1.54 0.050
