pedestrian -1 -1 -1.58 574.24 155.14 597.72 259.80 1.68 0.41 1.64 -0.30 1.34 13.30 -1.60 0.999
pedestrian -1 -1 2.18 458.11 161.83 497.64 259.63 1.77 0.62 0.88 -2.20 1.48 12.70 2.01 0.999
pedestrian -1 -1 0.12 299.42 157.38 336.30 242.90 1.75 0.62 1.83 -7.40 1.28 18.80 -0.26 0.982
pedestrian -1 -1 -0.44 557.98 166.96 578.17 223.23 1.41 0.50 1.32 -1.20 0.90 24.20 -0.49 0.952
pedestrian -1 -1 0.98 749.87 146.19 786.18 253.95 1.75 0.62 1.83 4.60 1.08 19.80 1.21 0.916
pedestrian -1 -1 1.54 507.19 166.22 527.37 221.53 1.87 0.84 1.11 -3.50 1.13 29.70 1.42 0.777
pedestrian -1 -1 0.25 811.07 147.50 828.84 217.93 1.76 0.66 0.49 5.30 1.08 17.40 0.55 0.391
pedestrian -1 -1 1.76 490.01 164.12 502.86 215.73 1.75 0.62 1.83 -4.40 1.08 29.80 1.62 0.223
pedestrian -1 -1 1.62 498.15 166.32 506.54 212.59 1.68 0.41 1.64 -4.10 1.14 30.10 1.49 0.220
pedestrian -1 -1 1.76 503.70 166.17 512.11 212.89 1.68 0.41 1.64 -3.90 1.14 30.10 1.63 0.213
pedestrian -1 -1 -0.88 383.85 188.41 411.56 251.81 1.41 0.50 1.32 -4.00 1.50 14.20 -1.16 0.153
pedestrian -1 -1 0.91 744.73 158.81 763.28 227.18 1.76 0.66 0.49 4.60 1.08 22.10 1.11 0.121
pedestrian -1 -1 -1.67 650.25 158.19 663.15 201.57 1.75 0.62 1.83 2.40 0.88 31.60 -1.59 0.077
pedestrian -1 -1 -0.90 838.48 158.98 849.92 197.52 1.68 0.41 1.64 16.10 0.54 47.70 -0.58 0.060
pedestrian -1 -1 -0.46 517.73 164.01 550.19 223.07 1.68 0.41 1.64 -2.30 1.14 25.10 -0.55 0.053
cyclist -1 -1 0.49 718.25 143.53 813.53 306.80 1.87 0.84 1.11 2.10 1.33 8.70 0.73 0.999
cyclist -1 -1 -0.04 511.07 166.93 541.65 242.50 1.75 0.62 1.83 -1.60 1.48 16.40 -0.14 0.988
