car -1 -1 -0.93 796.06 169.85 1131.29 371.67 1.54 1.62 3.91 2.70 1.47 6.90 -0.56 0.999
car -1 -1 -1.55 635.79 173.51 670.56 201.61 1.54 1.62 3.91 2.50 1.67 43.10 -1.49 0.998
car -1 -1 -2.39 184.25 173.43 382.06 256.81 1.46 1.49 2.95 -6.00 1.53 13.80 -2.80 0.994
car -1 -1 -2.33 434.68 171.80 527.88 203.06 1.54 1.62 3.91 -5.50 1.47 32.90 -2.49 0.994
car -1 -1 0.09 39.46 163.17 316.76 309.02 1.54 1.62 3.91 -5.90 1.67 10.70 -0.41 0.991
car -1 -1 -2.17 263.04 163.66 448.38 236.69 1.54 1.62 3.91 -5.90 1.47 17.10 -2.51 0.981
car -1 -1 0.60 773.13 173.83 937.83 240.72 1.46 1.49 2.95 5.60 1.53 17.00 0.92 0.962
car -1 -1 1.49 827.71 173.66 1004.29 265.37 1.46 1.49 2.95 5.20 1.53 12.80 1.88 0.811
car -1 -1 0.48 720.45 176.76 826.40 220.58 1.46 1.49 2.95 5.40 1.73 24.20 0.70 0.371
car -1 -1 -2.33 351.01 172.15 476.01 220.46 1.54 1.62 3.91 -6.10 1.67 23.70 -2.58 0.288
car -1 -1 0.24 920.66 176.54 1147.92 280.05 1.54 1.62 3.91 7.50 1.67 12.90 0.77 0.088
pedestrian -1 -1 -0.36 1154.95 165.32 1175.48 215.42 1.76 0.66 0.49 24.40 1.68 31.70 0.29 0.213
pedestrian -1 -1 0.07 1124.80 172.83 1154.75 225.88 1.41 0.50 1.32 19.20 1.71 26.40 0.70 0.055
cyclist -1 -1 0.58 542.26 167.66 560.66 203.59 1.75 0.62 1.83 -3.00 1.68 38.00 0.50 0.471
