car -1 -1 1.58 240.96 196.65 436.95 318.93 1.54 1.62 3.91 -3.90 1.87 11.10 1.24 1.000
car -1 -1 -1.69 656.88 182.00 708.58 227.33 1.54 1.62 3.91 2.50 1.87 26.70 -1.60 0.997
car -1 -1 -1.27 421.90 182.84 480.78 227.38 1.54 1.62 3.91 -6.30 2.07 28.50 -1.48 0.991
car -1 -1 1.67 480.27 183.86 517.39 211.90 1.54 1.62 3.91 -6.90 2.47 44.50 1.52 0.983
car -1 -1 2.76 800.18 156.85 1010.46 231.06 2.48 1.81 4.73 8.10 1.74 19.60 3.16 0.936
car -1 -1 -1.27 956.41 154.48 1064.02 189.01 2.48 1.81 4.73 23.10 1.14 42.20 -0.77 0.549
car -1 -1 -1.37 1053.43 145.99 1160.00 187.39 1.54 1.62 3.91 22.70 0.67 33.10 -0.76 0.415
car -1 -1 -0.60 877.17 156.91 960.49 188.68 2.48 1.81 4.73 23.30 1.34 53.60 -0.19 0.249
car -1 -1 1.85 752.19 165.60 890.61 204.91 1.54 1.62 3.91 8.10 1.27 27.90 2.13 0.218
car -1 -1 -0.93 944.02 160.22 1008.77 186.69 1.54 1.62 3.91 23.90 0.87 47.10 -0.46 0.139
pedestrian -1 -1 -0.52 956.55 160.04 970.87 193.61 1.87 0.84 1.11 24.10 1.13 48.70 -0.06 0.087
