car -1 -1 -1.79 741.98 183.26 934.68 342.08 1.46 1.49 2.95 2.20 1.53 8.00 -1.52 0.999
car -1 -1 -2.56 118.80 172.59 384.46 252.99 1.54 1.62 3.91 -7.10 1.47 14.10 -3.03 0.999
car -1 -1 1.37 461.76 170.54 544.07 236.56 1.54 1.62 3.91 -2.90 1.67 20.90 1.23 0.998
car -1 -1 -1.20 512.20 173.99 567.65 219.28 1.54 1.62 3.91 -2.70 1.67 28.90 -1.29 0.998
car -1 -1 -1.70 695.62 185.05 810.62 278.21 1.46 1.49 2.95 2.20 1.73 12.80 -1.53 0.990
car -1 -1 1.40 634.91 175.21 669.13 201.32 1.54 1.62 3.91 2.90 1.87 46.90 1.46 0.987
car -1 -1 -1.16 754.61 189.53 908.88 242.10 1.54 1.62 3.91 5.50 1.67 18.30 -0.87 0.124
pedestrian -1 -1 1.96 582.38 165.77 597.66 225.08 1.68 0.41 1.64 -0.70 1.74 23.50 1.93 0.694
pedestrian -1 -1 0.41 796.19 170.92 817.47 242.19 1.77 0.62 0.88 5.20 1.68 19.10 0.68 0.055
cyclist -1 -1 1.83 574.24 166.88 605.67 223.87 1.87 0.84 1.11 -0.50 1.73 23.10 1.81 0.990
cyclist -1 -1 -0.15 768.60 181.22 814.06 240.33 1.41 0.50 1.32 5.40 1.71 22.40 0.08 0.350
cyclist -1 -1 1.75 790.80 177.09 832.71 227.59 1.77 0.62 0.88 7.30 1.68 25.80 2.03 0.173
