car -1 -1 1.98 254.43 194.27 491.88 348.85 1.54 1.62 3.91 -2.70 1.67 8.90 1.68 1.000
car -1 -1 1.52 496.62 189.78 553.68 234.17 1.54 1.62 3.91 -2.90 2.07 25.10 1.40 1.000
car -1 -1 -1.66 652.77 182.37 716.66 231.74 1.54 1.62 3.91 2.50 1.87 24.70 -1.56 1.000
car -1 -1 0.96 730.11 181.05 898.10 313.07 1.54 1.62 3.91 2.70 1.67 10.70 1.20 0.994
car -1 -1 1.70 548.92 185.55 577.14 210.40 1.54 1.62 3.91 -2.90 2.27 47.10 1.64 0.985
car -1 -1 0.44 768.81 198.76 1207.12 368.41 1.46 1.49 2.95 2.20 1.53 5.40 0.82 0.958
car -1 -1 -1.50 638.56 180.96 689.48 221.59 1.54 1.62 3.91 2.30 2.07 31.90 -1.42 0.900
car -1 -1 2.17 295.01 198.48 470.81 266.78 1.54 1.62 3.91 -5.70 2.07 17.30 1.85 0.193
car -1 -1 1.64 750.15 184.63 868.45 249.61 1.54 1.62 3.91 4.70 1.67 17.70 1.89 0.093
car -1 -1 1.50 423.05 193.66 482.02 241.15 1.46 1.49 2.95 -5.60 2.33 26.40 1.29 0.079
cyclist -1 -1 0.70 811.91 169.72 849.63 244.00 1.76 0.66 0.49 5.10 1.48 17.00 0.99 0.062
