car -1 -1 -1.65 689.70 182.18 804.52 265.38 1.54 1.62 3.91 2.70 1.67 14.50 -1.46 1.000
car -1 -1 -1.24 829.61 208.30 1241.00 374.00 1.46 1.49 2.95 2.80 1.73 5.00 -0.73 0.996
car -1 -1 -1.23 666.69 180.62 719.96 221.00 1.54 1.62 3.91 2.90 1.67 25.90 -1.12 0.995
car -1 -1 -1.76 66.59 187.35 330.90 287.07 1.46 1.49 2.95 -6.40 1.73 11.60 -2.26 0.993
car -1 -1 -0.38 644.70 170.45 680.46 200.79 1.54 1.62 3.91 2.90 1.67 40.90 -0.31 0.989
car -1 -1 0.25 277.00 181.11 476.17 243.64 1.54 1.62 3.91 -5.90 1.67 18.70 -0.05 0.986
car -1 -1 -1.97 438.36 177.67 535.83 210.60 1.54 1.62 3.91 -5.50 1.67 30.70 -2.14 0.972
car -1 -1 -2.01 481.64 174.24 546.97 200.26 1.54 1.62 3.91 -6.10 1.67 47.90 -2.13 0.700
car -1 -1 1.02 206.98 182.18 295.10 213.87 1.46 1.49 2.95 -15.80 1.93 32.00 0.57 0.248
car -1 -1 -1.60 371.76 175.11 493.80 220.37 1.54 1.62 3.91 -5.70 1.67 24.10 -1.83 0.184
car -1 -1 -0.69 203.29 187.71 367.54 267.70 1.54 1.62 3.91 -7.50 1.87 17.50 -1.09 0.162
