car -1 -1 1.54 541.88 167.99 571.57 192.34 1.54 1.62 3.91 -3.30 0.87 53.50 1.48 0.743
pedestrian -1 -1 0.96 573.91 162.97 594.45 236.14 1.68 0.41 1.64 -0.50 1.34 19.10 0.93 1.000
pedestrian -1 -1 1.40 477.75 166.39 507.70 249.08 1.76 0.66 0.49 -2.30 1.48 15.40 1.25 1.000
pedestrian -1 -1 1.90 506.32 165.51 531.13 245.38 1.76 0.66 0.49 -1.90 1.48 16.00 1.78 1.000
pedestrian -1 -1 -1.45 618.68 161.78 642.67 228.84 1.77 0.62 0.88 0.80 1.28 20.70 -1.41 1.000
pedestrian -1 -1 -1.43 865.70 142.84 938.78 362.32 1.76 0.66 0.49 2.30 1.48 5.60 -1.04 0.997
pedestrian -1 -1 -2.07 985.27 108.85 1074.96 301.30 1.76 0.66 0.49 4.60 1.28 7.70 -1.53 0.997
pedestrian -1 -1 2.24 656.13 165.86 675.38 224.42 1.41 0.50 1.32 1.80 0.90 20.80 2.32 0.996
pedestrian -1 -1 -2.04 691.69 156.62 709.40 219.66 1.76 0.66 0.49 3.10 1.08 22.40 -1.91 0.996
pedestrian -1 -1 -1.28 676.90 157.41 689.24 214.08 1.68 0.41 1.64 2.70 0.94 23.70 -1.16 0.954
pedestrian -1 -1 -1.26 607.96 158.08 620.69 212.49 1.77 0.62 0.88 0.40 1.08 26.10 -1.25 0.864
pedestrian -1 -1 1.64 186.29 201.23 311.40 373.00 1.76 0.66 0.49 -2.30 1.68 4.60 1.17 0.806
pedestrian -1 -1 -0.36 390.83 205.88 427.09 287.56 1.41 0.50 1.32 -3.40 1.71 12.80 -0.62 0.673
pedestrian -1 -1 -1.87 683.64 157.05 698.58 214.68 1.41 0.50 1.32 2.40 0.90 19.60 -1.75 0.338
pedestrian -1 -1 2.15 14.55 213.74 248.64 373.00 1.41 0.50 1.32 -2.80 1.71 4.40 1.58 0.242
pedestrian -1 -1 0.64 953.25 152.94 976.08 198.34 1.68 0.41 1.64 17.70 0.54 35.10 1.10 0.189
pedestrian -1 -1 1.67 5.62 232.40 119.43 339.69 1.41 0.50 1.32 -7.60 1.90 10.20 1.03 0.105
pedestrian -1 -1 0.53 947.33 150.55 961.05 195.14 1.76 0.66 0.49 17.90 0.48 36.40 0.99 0.100
pedestrian -1 -1 0.23 636.37 162.93 652.11 227.33 1.76 0.66 0.49 1.30 1.28 20.40 0.29 0.061
cyclist -1 -1 1.24 652.71 155.98 698.20 237.27 1.75 0.62 1.83 1.40 1.48 14.40 1.33 0.544
cyclist -1 -1 -0.95 678.94 148.16 727.50 261.95 1.87 0.84 1.11 1.70 1.53 12.90 -0.82 0.390
cyclist -1 -1 1.40 116.55 198.54 391.96 373.00 1.68 0.41 1.64 -2.70 1.74 5.10 0.92 0.281
