car -1 -1 -1.63 630.72 177.91 677.24 215.33 1.54 1.62 3.91 1.90 1.87 32.10 -1.57 1.000
car -1 -1 -0.87 919.69 182.84 1229.58 334.55 1.46 1.49 2.95 5.60 1.73 8.60 -0.29 0.995
car -1 -1 -2.29 49.84 169.78 357.97 284.19 1.54 1.62 3.91 -6.90 1.67 11.90 -2.82 0.989
car -1 -1 1.77 787.45 183.14 1056.74 272.11 1.54 1.62 3.91 5.30 1.87 12.90 2.16 0.979
car -1 -1 -1.38 615.31 175.37 647.03 201.95 1.54 1.62 3.91 1.10 1.67 43.70 -1.36 0.952
car -1 -1 -2.36 351.53 179.77 490.78 218.46 1.54 1.62 3.91 -7.10 1.87 27.30 -2.61 0.941
car -1 -1 2.34 753.75 181.12 898.13 253.03 1.46 1.49 2.95 4.80 1.73 16.80 2.62 0.723
car -1 -1 -1.41 243.17 173.41 381.58 255.80 1.46 1.49 2.95 -6.00 1.73 15.20 -1.78 0.216
car -1 -1 0.20 251.28 164.43 357.77 211.95 2.48 1.81 4.73 -16.50 1.94 40.00 -0.19 0.110
car -1 -1 -2.50 429.81 178.79 493.23 213.10 1.46 1.49 2.95 -6.40 1.73 31.80 -2.70 0.089
pedestrian -1 -1 1.86 1109.01 165.76 1132.17 232.95 1.76 0.66 0.49 15.90 1.48 22.40 2.48 0.492
cyclist -1 -1 0.72 498.08 173.07 525.06 227.18 1.87 0.84 1.11 -3.50 1.93 25.30 0.59 0.998
cyclist -1 -1 2.19 1087.07 172.13 1150.34 233.95 1.75 0.62 1.83 18.20 1.68 26.00 2.80 0.167
