car -1 -1 1.72 395.75 192.49 466.74 239.37 1.54 1.62 3.91 -6.10 2.27 24.90 1.48 0.999
car -1 -1 1.69 443.25 191.25 492.39 225.03 1.46 1.49 2.95 -6.20 2.33 32.00 1.50 0.996
car -1 -1 -1.23 0.00 210.15 85.93 244.06 1.46 1.49 2.95 -27.60 3.33 35.00 -1.90 0.996
car -1 -1 -1.08 82.21 205.37 198.00 240.52 1.54 1.62 3.91 -21.50 3.07 32.90 -1.66 0.995
car -1 -1 1.65 478.56 181.23 515.94 213.40 1.54 1.62 3.91 -6.50 2.07 41.70 1.50 0.994
car -1 -1 1.17 1029.85 134.97 1113.93 180.29 2.48 1.81 4.73 27.60 0.54 43.10 1.74 0.993
car -1 -1 0.43 165.07 201.77 248.07 238.32 1.46 1.49 2.95 -16.60 2.73 29.40 -0.08 0.921
car -1 -1 -1.49 653.11 173.18 712.97 216.19 1.54 1.62 3.91 2.90 1.67 27.70 -1.38 0.909
car -1 -1 -1.12 43.92 209.44 122.64 240.21 1.46 1.49 2.95 -26.40 3.33 36.00 -1.75 0.266
car -1 -1 -1.91 645.96 174.24 678.29 200.43 1.54 1.62 3.91 2.90 1.67 40.90 -1.84 0.109
