car -1 -1 -1.72 754.91 181.83 891.01 271.80 1.54 1.62 3.91 3.90 1.67 14.30 -1.45 1.000
car -1 -1 1.67 453.78 186.09 523.86 234.44 1.54 1.62 3.91 -3.70 1.87 22.30 1.51 0.999
car -1 -1 -1.80 705.15 180.88 765.31 225.33 1.46 1.49 2.95 4.40 1.73 25.00 -1.62 0.998
car -1 -1 -1.63 719.68 181.96 810.02 241.10 1.54 1.62 3.91 4.10 1.87 20.50 -1.43 0.998
car -1 -1 -2.08 818.49 189.83 1107.69 352.91 1.46 1.49 2.95 3.60 1.73 8.40 -1.68 0.998
car -1 -1 1.63 495.02 183.84 548.36 221.48 1.46 1.49 2.95 -3.40 1.93 27.60 1.51 0.995
car -1 -1 -1.57 687.89 181.72 737.27 217.41 1.46 1.49 2.95 4.40 1.93 31.40 -1.43 0.991
car -1 -1 1.46 519.89 183.82 557.53 212.21 1.46 1.49 2.95 -3.80 2.13 39.00 1.36 0.989
car -1 -1 -1.42 929.70 176.15 1005.58 204.22 1.54 1.62 3.91 20.70 1.87 41.70 -0.96 0.966
car -1 -1 -1.88 1128.04 177.63 1219.71 218.99 1.46 1.49 2.95 23.20 1.73 29.60 -1.22 0.480
