car -1 -1 1.97 205.90 194.95 390.38 289.84 1.54 1.62 3.91 -5.70 1.87 13.70 1.58 1.000
car -1 -1 1.91 347.21 188.19 446.36 251.20 1.54 1.62 3.91 -5.90 2.07 20.10 1.63 1.000
car -1 -1 0.98 681.14 180.89 749.10 230.86 1.54 1.62 3.91 3.50 1.87 23.90 1.13 0.999
car -1 -1 -1.34 793.51 183.12 1114.27 357.57 1.54 1.62 3.91 3.10 1.47 7.70 -0.95 0.999
car -1 -1 1.66 439.25 185.80 501.94 225.51 1.54 1.62 3.91 -5.10 2.07 27.30 1.47 0.999
car -1 -1 -0.89 724.02 179.16 871.58 271.63 1.54 1.62 3.91 3.10 1.47 13.10 -0.66 0.998
car -1 -1 1.83 499.28 180.34 533.65 206.82 1.46 1.49 2.95 -5.80 2.13 45.80 1.70 0.997
car -1 -1 -1.49 647.14 181.32 697.33 207.49 1.46 1.49 2.95 3.40 1.93 41.80 -1.40 0.987
car -1 -1 -1.23 666.47 183.75 714.28 218.58 1.46 1.49 2.95 3.20 1.93 30.40 -1.13 0.949
car -1 -1 1.80 1083.59 146.50 1238.86 281.42 1.46 1.49 2.95 8.00 1.33 9.80 2.48 0.333
